/*--------------------------------*- C++ -*----------------------------------*\
| =========                 |                                                 |
| \\      /  F ield         | foam-extend: Open Source CFD                    |
|  \\    /   O peration     | Version:     3.1                                |
|   \\  /    A nd           | Web:         http://www.extend-project.de       |
|    \\/     M anipulation  |                                                 |
\*---------------------------------------------------------------------------*/
FoamFile
{
    version     2.0;
    format      ascii;
    class       volVectorField;
    location    "34";
    object      HU;
}
// * * * * * * * * * * * * * * * * * * * * * * * * * * * * * * * * * * * * * //

dimensions      [0 2 -1 0 0 0 0];

internalField   nonuniform List<vector> 
2539
(
(0.624831 0 0)
(0.624657 0 0)
(0.624663 0 0)
(0.624663 0 0)
(0.624662 0 0)
(0.624662 0 0)
(0.624661 0 0)
(0.624661 0 0)
(0.62466 0 0)
(0.62466 0 0)
(0.62466 0 0)
(0.624659 0 0)
(0.624659 0 0)
(0.624658 0 0)
(0.624658 0 0)
(0.624657 0 0)
(0.624657 0 0)
(0.624656 0 0)
(0.624656 0 0)
(0.624655 0 0)
(0.624655 0 0)
(0.624654 0 0)
(0.624654 0 0)
(0.624654 0 0)
(0.624653 0 0)
(0.624653 0 0)
(0.624652 0 0)
(0.624652 0 0)
(0.624651 0 0)
(0.624651 0 0)
(0.62465 0 0)
(0.62465 0 0)
(0.624649 0 0)
(0.624649 0 0)
(0.624648 0 0)
(0.624648 0 0)
(0.624647 0 0)
(0.624647 0 0)
(0.624646 0 0)
(0.624646 0 0)
(0.624645 0 0)
(0.624645 0 0)
(0.624644 0 0)
(0.624644 0 0)
(0.624643 0 0)
(0.624643 0 0)
(0.624642 0 0)
(0.624642 0 0)
(0.624641 0 0)
(0.624641 0 0)
(0.62464 0 0)
(0.62464 0 0)
(0.624639 0 0)
(0.624639 0 0)
(0.624638 0 0)
(0.624637 0 0)
(0.624637 0 0)
(0.624636 0 0)
(0.624636 0 0)
(0.624635 0 0)
(0.624635 0 0)
(0.624634 0 0)
(0.624634 0 0)
(0.624633 0 0)
(0.624633 0 0)
(0.624632 0 0)
(0.624632 0 0)
(0.624631 0 0)
(0.62463 0 0)
(0.62463 0 0)
(0.624629 0 0)
(0.624629 0 0)
(0.624628 0 0)
(0.624628 0 0)
(0.624627 0 0)
(0.624626 0 0)
(0.624626 0 0)
(0.624625 0 0)
(0.624625 0 0)
(0.624624 0 0)
(0.624624 0 0)
(0.624623 0 0)
(0.624622 0 0)
(0.624622 0 0)
(0.624621 0 0)
(0.624621 0 0)
(0.62462 0 0)
(0.624619 0 0)
(0.624619 0 0)
(0.624618 0 0)
(0.624618 0 0)
(0.624617 0 0)
(0.624616 0 0)
(0.624616 0 0)
(0.624615 0 0)
(0.624614 0 0)
(0.624614 0 0)
(0.624613 0 0)
(0.624613 0 0)
(0.624612 0 0)
(0.624611 0 0)
(0.624611 0 0)
(0.62461 0 0)
(0.624609 0 0)
(0.624609 0 0)
(0.624608 0 0)
(0.624607 0 0)
(0.624607 0 0)
(0.624606 0 0)
(0.624606 0 0)
(0.624605 0 0)
(0.624604 0 0)
(0.624604 0 0)
(0.624603 0 0)
(0.624602 0 0)
(0.624601 0 0)
(0.624601 0 0)
(0.6246 0 0)
(0.624599 0 0)
(0.624599 0 0)
(0.624598 0 0)
(0.624597 0 0)
(0.624597 0 0)
(0.624596 0 0)
(0.624595 0 0)
(0.624595 0 0)
(0.624594 0 0)
(0.624593 0 0)
(0.624592 0 0)
(0.624592 0 0)
(0.624591 0 0)
(0.62459 0 0)
(0.62459 0 0)
(0.624589 0 0)
(0.624588 0 0)
(0.624587 0 0)
(0.624587 0 0)
(0.624586 0 0)
(0.624585 0 0)
(0.624584 0 0)
(0.624584 0 0)
(0.624583 0 0)
(0.624582 0 0)
(0.624581 0 0)
(0.62458 0 0)
(0.62458 0 0)
(0.624579 0 0)
(0.624578 0 0)
(0.624577 0 0)
(0.624577 0 0)
(0.624576 0 0)
(0.624575 0 0)
(0.624574 0 0)
(0.624573 0 0)
(0.624572 0 0)
(0.624572 0 0)
(0.624571 0 0)
(0.62457 0 0)
(0.624569 0 0)
(0.624568 0 0)
(0.624567 0 0)
(0.624567 0 0)
(0.624566 0 0)
(0.624565 0 0)
(0.624564 0 0)
(0.624563 0 0)
(0.624562 0 0)
(0.624561 0 0)
(0.624561 0 0)
(0.62456 0 0)
(0.624559 0 0)
(0.624558 0 0)
(0.624557 0 0)
(0.624556 0 0)
(0.624555 0 0)
(0.624554 0 0)
(0.624553 0 0)
(0.624552 0 0)
(0.624552 0 0)
(0.624551 0 0)
(0.62455 0 0)
(0.624549 0 0)
(0.624548 0 0)
(0.624547 0 0)
(0.624336 0 0)
(0.624423 0 0)
(0.624843 0 0)
(0.624865 0 0)
(0.624866 0 0)
(0.624866 0 0)
(0.624866 0 0)
(0.624866 0 0)
(0.624866 0 0)
(0.624866 0 0)
(0.624866 0 0)
(0.624866 0 0)
(0.624866 0 0)
(0.624866 0 0)
(0.624866 0 0)
(0.624865 0 0)
(0.624865 0 0)
(0.624865 0 0)
(0.624865 0 0)
(0.624865 0 0)
(0.624865 0 0)
(0.624865 0 0)
(0.624865 0 0)
(0.624865 0 0)
(0.624865 0 0)
(0.624865 0 0)
(0.624864 0 0)
(0.624864 0 0)
(0.624864 0 0)
(0.624864 0 0)
(0.624864 0 0)
(0.624864 0 0)
(0.624864 0 0)
(0.624864 0 0)
(0.624864 0 0)
(0.624864 0 0)
(0.624864 0 0)
(0.624864 0 0)
(0.624863 0 0)
(0.624863 0 0)
(0.624863 0 0)
(0.624863 0 0)
(0.624863 0 0)
(0.624863 0 0)
(0.624863 0 0)
(0.624863 0 0)
(0.624863 0 0)
(0.624863 0 0)
(0.624863 0 0)
(0.624862 0 0)
(0.624862 0 0)
(0.624862 0 0)
(0.624862 0 0)
(0.624862 0 0)
(0.624862 0 0)
(0.624862 0 0)
(0.624862 0 0)
(0.624862 0 0)
(0.624862 0 0)
(0.624861 0 0)
(0.624861 0 0)
(0.624861 0 0)
(0.624861 0 0)
(0.624861 0 0)
(0.624861 0 0)
(0.624861 0 0)
(0.624861 0 0)
(0.624861 0 0)
(0.624861 0 0)
(0.624861 0 0)
(0.62486 0 0)
(0.62486 0 0)
(0.62486 0 0)
(0.62486 0 0)
(0.62486 0 0)
(0.62486 0 0)
(0.62486 0 0)
(0.62486 0 0)
(0.62486 0 0)
(0.62486 0 0)
(0.624859 0 0)
(0.624859 0 0)
(0.624859 0 0)
(0.624859 0 0)
(0.624859 0 0)
(0.624859 0 0)
(0.624859 0 0)
(0.624859 0 0)
(0.624859 0 0)
(0.624859 0 0)
(0.624859 0 0)
(0.624858 0 0)
(0.624858 0 0)
(0.624858 0 0)
(0.624858 0 0)
(0.624858 0 0)
(0.624858 0 0)
(0.624858 0 0)
(0.624858 0 0)
(0.624858 0 0)
(0.624857 0 0)
(0.624857 0 0)
(0.624857 0 0)
(0.624857 0 0)
(0.624857 0 0)
(0.624857 0 0)
(0.624857 0 0)
(0.624857 0 0)
(0.624857 0 0)
(0.624857 0 0)
(0.624856 0 0)
(0.624856 0 0)
(0.624856 0 0)
(0.624856 0 0)
(0.624856 0 0)
(0.624856 0 0)
(0.624856 0 0)
(0.624856 0 0)
(0.624856 0 0)
(0.624856 0 0)
(0.624855 0 0)
(0.624855 0 0)
(0.624855 0 0)
(0.624855 0 0)
(0.624855 0 0)
(0.624855 0 0)
(0.624855 0 0)
(0.624855 0 0)
(0.624855 0 0)
(0.624854 0 0)
(0.624854 0 0)
(0.624854 0 0)
(0.624854 0 0)
(0.624854 0 0)
(0.624854 0 0)
(0.624854 0 0)
(0.624854 0 0)
(0.624854 0 0)
(0.624853 0 0)
(0.624853 0 0)
(0.624853 0 0)
(0.624853 0 0)
(0.624853 0 0)
(0.624853 0 0)
(0.624853 0 0)
(0.624853 0 0)
(0.624853 0 0)
(0.624852 0 0)
(0.624852 0 0)
(0.624852 0 0)
(0.624852 0 0)
(0.624852 0 0)
(0.624852 0 0)
(0.624852 0 0)
(0.624852 0 0)
(0.624852 0 0)
(0.624851 0 0)
(0.624851 0 0)
(0.624851 0 0)
(0.624851 0 0)
(0.624851 0 0)
(0.624851 0 0)
(0.624851 0 0)
(0.624851 0 0)
(0.624851 0 0)
(0.62485 0 0)
(0.62485 0 0)
(0.62485 0 0)
(0.62485 0 0)
(0.62485 0 0)
(0.62485 0 0)
(0.62485 0 0)
(0.62485 0 0)
(0.62485 0 0)
(0.624849 0 0)
(0.624849 0 0)
(0.624849 0 0)
(0.624849 0 0)
(0.624849 0 0)
(0.624849 0 0)
(0.624849 0 0)
(0.624849 0 0)
(0.624848 0 0)
(0.624848 0 0)
(0.624848 0 0)
(0.624848 0 0)
(0.624848 0 0)
(0.624848 0 0)
(0.624848 0 0)
(0.624848 0 0)
(0.624847 0 0)
(0.624847 0 0)
(0.624847 0 0)
(0.624847 0 0)
(0.624847 0 0)
(0.624847 0 0)
(0.624847 0 0)
(0.624846 0 0)
(0.624853 0 0)
(0.624722 0 0)
(0.627348 0 0)
(0.597419 0 0)
(0.604911 0 0)
(0.612976 0 0)
(0.617567 0 0)
(0.619828 0 0)
(0.621022 0 0)
(0.621702 0 0)
(0.622118 0 0)
(0.622393 0 0)
(0.622588 0 0)
(0.622734 0 0)
(0.622848 0 0)
(0.622942 0 0)
(0.623021 0 0)
(0.623089 0 0)
(0.623148 0 0)
(0.623201 0 0)
(0.623248 0 0)
(0.62329 0 0)
(0.623329 0 0)
(0.623364 0 0)
(0.623396 0 0)
(0.623426 0 0)
(0.623453 0 0)
(0.623479 0 0)
(0.623503 0 0)
(0.623525 0 0)
(0.623546 0 0)
(0.623565 0 0)
(0.623584 0 0)
(0.623601 0 0)
(0.623618 0 0)
(0.623633 0 0)
(0.623648 0 0)
(0.623662 0 0)
(0.623675 0 0)
(0.623688 0 0)
(0.6237 0 0)
(0.623711 0 0)
(0.623722 0 0)
(0.623732 0 0)
(0.623742 0 0)
(0.623751 0 0)
(0.62376 0 0)
(0.623769 0 0)
(0.623777 0 0)
(0.623785 0 0)
(0.623792 0 0)
(0.623799 0 0)
(0.623806 0 0)
(0.623812 0 0)
(0.623819 0 0)
(0.623824 0 0)
(0.62383 0 0)
(0.623835 0 0)
(0.62384 0 0)
(0.623844 0 0)
(0.623849 0 0)
(0.623853 0 0)
(0.623857 0 0)
(0.62386 0 0)
(0.623863 0 0)
(0.623866 0 0)
(0.623869 0 0)
(0.623871 0 0)
(0.623873 0 0)
(0.623874 0 0)
(0.623875 0 0)
(0.623876 0 0)
(0.623877 0 0)
(0.623877 0 0)
(0.623876 0 0)
(0.623875 0 0)
(0.623874 0 0)
(0.623871 0 0)
(0.623868 0 0)
(0.623865 0 0)
(0.62386 0 0)
(0.623855 0 0)
(0.623848 0 0)
(0.62384 0 0)
(0.62383 0 0)
(0.623819 0 0)
(0.623805 0 0)
(0.623789 0 0)
(0.623769 0 0)
(0.623744 0 0)
(0.623715 0 0)
(0.623678 0 0)
(0.623633 0 0)
(0.623577 0 0)
(0.623507 0 0)
(0.623419 0 0)
(0.62331 0 0)
(0.623174 0 0)
(0.623009 0 0)
(0.622812 0 0)
(0.622587 0 0)
(0.622346 0 0)
(0.622116 0 0)
(0.621714 0 0)
(0.62196 0 0)
(0.622167 0 0)
(0.622343 0 0)
(0.622496 0 0)
(0.622628 0 0)
(0.622745 0 0)
(0.622848 0 0)
(0.622941 0 0)
(0.623024 0 0)
(0.623099 0 0)
(0.623168 0 0)
(0.623231 0 0)
(0.623288 0 0)
(0.623341 0 0)
(0.62339 0 0)
(0.623435 0 0)
(0.623478 0 0)
(0.623517 0 0)
(0.623554 0 0)
(0.623589 0 0)
(0.623622 0 0)
(0.623653 0 0)
(0.623682 0 0)
(0.623709 0 0)
(0.623735 0 0)
(0.62376 0 0)
(0.623784 0 0)
(0.623806 0 0)
(0.623828 0 0)
(0.623848 0 0)
(0.623868 0 0)
(0.623887 0 0)
(0.623905 0 0)
(0.623922 0 0)
(0.623939 0 0)
(0.623955 0 0)
(0.62397 0 0)
(0.623985 0 0)
(0.623999 0 0)
(0.624013 0 0)
(0.624026 0 0)
(0.624039 0 0)
(0.624052 0 0)
(0.624064 0 0)
(0.624076 0 0)
(0.624087 0 0)
(0.624098 0 0)
(0.624109 0 0)
(0.624119 0 0)
(0.624129 0 0)
(0.624139 0 0)
(0.624148 0 0)
(0.624158 0 0)
(0.624167 0 0)
(0.624175 0 0)
(0.624184 0 0)
(0.624192 0 0)
(0.6242 0 0)
(0.624208 0 0)
(0.624216 0 0)
(0.624224 0 0)
(0.624231 0 0)
(0.624238 0 0)
(0.624245 0 0)
(0.624252 0 0)
(0.624259 0 0)
(0.624265 0 0)
(0.624272 0 0)
(0.624278 0 0)
(0.624284 0 0)
(0.62429 0 0)
(0.624296 0 0)
(0.624302 0 0)
(0.624308 0 0)
(0.624314 0 0)
(0.624319 0 0)
(0.624324 0 0)
(0.62433 0 0)
(0.624335 0 0)
(0.62434 0 0)
(0.624345 0 0)
(0.62435 0 0)
(0.624355 0 0)
(0.624359 0 0)
(0.624364 0 0)
(0.624369 0 0)
(0.624373 0 0)
(0.624378 0 0)
(0.624382 0 0)
(0.624386 0 0)
(0.624391 0 0)
(0.624395 0 0)
(0.624398 0 0)
(0.6244 0 0)
(0.624399 0 0)
(0.6244 0 0)
(0.624418 0 0)
(0.624472 0 0)
(0.624567 0 0)
(0.624624 0 0)
(0.624626 0 0)
(0.624627 0 0)
(0.624629 0 0)
(0.62463 0 0)
(0.624632 0 0)
(0.624633 0 0)
(0.624635 0 0)
(0.624636 0 0)
(0.624638 0 0)
(0.624639 0 0)
(0.624641 0 0)
(0.624642 0 0)
(0.624644 0 0)
(0.624645 0 0)
(0.624647 0 0)
(0.624648 0 0)
(0.624649 0 0)
(0.624651 0 0)
(0.624652 0 0)
(0.624654 0 0)
(0.624655 0 0)
(0.624656 0 0)
(0.624658 0 0)
(0.624659 0 0)
(0.62466 0 0)
(0.624661 0 0)
(0.624663 0 0)
(0.624664 0 0)
(0.624665 0 0)
(0.624667 0 0)
(0.624668 0 0)
(0.624669 0 0)
(0.62467 0 0)
(0.624671 0 0)
(0.624673 0 0)
(0.624674 0 0)
(0.624675 0 0)
(0.624676 0 0)
(0.624677 0 0)
(0.624678 0 0)
(0.62468 0 0)
(0.624681 0 0)
(0.624682 0 0)
(0.624683 0 0)
(0.624684 0 0)
(0.624685 0 0)
(0.624686 0 0)
(0.624687 0 0)
(0.624688 0 0)
(0.624689 0 0)
(0.624691 0 0)
(0.624692 0 0)
(0.624693 0 0)
(0.624694 0 0)
(0.624695 0 0)
(0.624696 0 0)
(0.624697 0 0)
(0.624698 0 0)
(0.624699 0 0)
(0.6247 0 0)
(0.624701 0 0)
(0.624702 0 0)
(0.624703 0 0)
(0.624704 0 0)
(0.624705 0 0)
(0.624705 0 0)
(0.624706 0 0)
(0.624707 0 0)
(0.624708 0 0)
(0.624709 0 0)
(0.62471 0 0)
(0.624711 0 0)
(0.624712 0 0)
(0.624713 0 0)
(0.624714 0 0)
(0.624715 0 0)
(0.624716 0 0)
(0.624716 0 0)
(0.624717 0 0)
(0.624718 0 0)
(0.624719 0 0)
(0.62472 0 0)
(0.624721 0 0)
(0.624722 0 0)
(0.624722 0 0)
(0.624723 0 0)
(0.624724 0 0)
(0.624725 0 0)
(0.624726 0 0)
(0.624727 0 0)
(0.624727 0 0)
(0.624728 0 0)
(0.624729 0 0)
(0.62473 0 0)
(0.62473 0 0)
(0.624731 0 0)
(0.624732 0 0)
(0.624733 0 0)
(0.624734 0 0)
(0.624734 0 0)
(0.624735 0 0)
(0.624736 0 0)
(0.624737 0 0)
(0.624737 0 0)
(0.624738 0 0)
(0.624739 0 0)
(0.62474 0 0)
(0.62474 0 0)
(0.624741 0 0)
(0.624742 0 0)
(0.624742 0 0)
(0.624743 0 0)
(0.624744 0 0)
(0.624745 0 0)
(0.624745 0 0)
(0.624746 0 0)
(0.624747 0 0)
(0.624747 0 0)
(0.624748 0 0)
(0.624749 0 0)
(0.624749 0 0)
(0.62475 0 0)
(0.624751 0 0)
(0.624751 0 0)
(0.624752 0 0)
(0.624753 0 0)
(0.624753 0 0)
(0.624754 0 0)
(0.624755 0 0)
(0.624755 0 0)
(0.624756 0 0)
(0.624757 0 0)
(0.624757 0 0)
(0.624758 0 0)
(0.624759 0 0)
(0.624759 0 0)
(0.62476 0 0)
(0.62476 0 0)
(0.624761 0 0)
(0.624762 0 0)
(0.624762 0 0)
(0.624763 0 0)
(0.624763 0 0)
(0.624764 0 0)
(0.624765 0 0)
(0.624765 0 0)
(0.624766 0 0)
(0.624766 0 0)
(0.624767 0 0)
(0.624768 0 0)
(0.624768 0 0)
(0.624769 0 0)
(0.624769 0 0)
(0.62477 0 0)
(0.62477 0 0)
(0.624771 0 0)
(0.624772 0 0)
(0.624772 0 0)
(0.624773 0 0)
(0.624773 0 0)
(0.624774 0 0)
(0.624774 0 0)
(0.624775 0 0)
(0.624775 0 0)
(0.624776 0 0)
(0.624777 0 0)
(0.624777 0 0)
(0.624778 0 0)
(0.624778 0 0)
(0.624779 0 0)
(0.624779 0 0)
(0.62478 0 0)
(0.62478 0 0)
(0.624781 0 0)
(0.624781 0 0)
(0.624782 0 0)
(0.624782 0 0)
(0.624783 0 0)
(0.624783 0 0)
(0.624784 0 0)
(0.624784 0 0)
(0.624785 0 0)
(0.624785 0 0)
(0.624786 0 0)
(0.624786 0 0)
(0.624787 0 0)
(0.624787 0 0)
(0.624788 0 0)
(0.624788 0 0)
(0.624789 0 0)
(0.624789 0 0)
(0.62479 0 0)
(0.62479 0 0)
(0.624791 0 0)
(0.624791 0 0)
(0.624792 0 0)
(0.624792 0 0)
(0.624793 0 0)
(0.624793 0 0)
(0.624793 0 0)
(0.624794 0 0)
(0.624794 0 0)
(0.624795 0 0)
(0.624795 0 0)
(0.624796 0 0)
(0.624796 0 0)
(0.624797 0 0)
(0.624797 0 0)
(0.624798 0 0)
(0.624798 0 0)
(0.624798 0 0)
(0.624799 0 0)
(0.624799 0 0)
(0.6248 0 0)
(0.6248 0 0)
(0.624801 0 0)
(0.624801 0 0)
(0.624801 0 0)
(0.624802 0 0)
(0.624802 0 0)
(0.624803 0 0)
(0.624803 0 0)
(0.624804 0 0)
(0.624804 0 0)
(0.624804 0 0)
(0.624805 0 0)
(0.624805 0 0)
(0.624806 0 0)
(0.624806 0 0)
(0.624806 0 0)
(0.624807 0 0)
(0.624807 0 0)
(0.624808 0 0)
(0.624808 0 0)
(0.624808 0 0)
(0.624809 0 0)
(0.624809 0 0)
(0.62481 0 0)
(0.62481 0 0)
(0.62481 0 0)
(0.624811 0 0)
(0.624811 0 0)
(0.624812 0 0)
(0.624812 0 0)
(0.624812 0 0)
(0.624813 0 0)
(0.624813 0 0)
(0.624814 0 0)
(0.624814 0 0)
(0.624814 0 0)
(0.624815 0 0)
(0.624815 0 0)
(0.624815 0 0)
(0.624816 0 0)
(0.624816 0 0)
(0.624817 0 0)
(0.624817 0 0)
(0.624817 0 0)
(0.624818 0 0)
(0.624818 0 0)
(0.624818 0 0)
(0.624819 0 0)
(0.624819 0 0)
(0.624819 0 0)
(0.62482 0 0)
(0.62482 0 0)
(0.624821 0 0)
(0.624821 0 0)
(0.624821 0 0)
(0.624822 0 0)
(0.624822 0 0)
(0.624822 0 0)
(0.624823 0 0)
(0.624823 0 0)
(0.624823 0 0)
(0.624824 0 0)
(0.624824 0 0)
(0.624824 0 0)
(0.624825 0 0)
(0.624825 0 0)
(0.624825 0 0)
(0.624826 0 0)
(0.624826 0 0)
(0.624826 0 0)
(0.624827 0 0)
(0.624827 0 0)
(0.624827 0 0)
(0.624828 0 0)
(0.624828 0 0)
(0.624828 0 0)
(0.624829 0 0)
(0.624829 0 0)
(0.624829 0 0)
(0.62483 0 0)
(0.62483 0 0)
(0.62483 0 0)
(0.624831 0 0)
(0.624831 0 0)
(0.624831 0 0)
(0.624832 0 0)
(0.624832 0 0)
(0.624832 0 0)
(0.624832 0 0)
(0.624833 0 0)
(0.624833 0 0)
(0.624833 0 0)
(0.624834 0 0)
(0.624834 0 0)
(0.624834 0 0)
(0.624835 0 0)
(0.624835 0 0)
(0.624835 0 0)
(0.624836 0 0)
(0.624836 0 0)
(0.624836 0 0)
(0.624836 0 0)
(0.624837 0 0)
(0.624837 0 0)
(0.624837 0 0)
(0.624838 0 0)
(0.624838 0 0)
(0.624838 0 0)
(0.624839 0 0)
(0.624839 0 0)
(0.624839 0 0)
(0.624839 0 0)
(0.62484 0 0)
(0.62484 0 0)
(0.62484 0 0)
(0.624841 0 0)
(0.624841 0 0)
(0.624841 0 0)
(0.624841 0 0)
(0.624842 0 0)
(0.624842 0 0)
(0.624842 0 0)
(0.624843 0 0)
(0.624843 0 0)
(0.624843 0 0)
(0.624843 0 0)
(0.624844 0 0)
(0.624844 0 0)
(0.624844 0 0)
(0.624844 0 0)
(0.624845 0 0)
(0.624848 0 0)
(0.624852 0 0)
(0.624846 0 0)
(0.624817 0 0)
(0.624795 0 0)
(0.624795 0 0)
(0.624796 0 0)
(0.624796 0 0)
(0.624797 0 0)
(0.624797 0 0)
(0.624797 0 0)
(0.624798 0 0)
(0.624798 0 0)
(0.624799 0 0)
(0.624799 0 0)
(0.6248 0 0)
(0.6248 0 0)
(0.6248 0 0)
(0.624801 0 0)
(0.624801 0 0)
(0.624802 0 0)
(0.624802 0 0)
(0.624803 0 0)
(0.624803 0 0)
(0.624803 0 0)
(0.624804 0 0)
(0.624804 0 0)
(0.624805 0 0)
(0.624805 0 0)
(0.624805 0 0)
(0.624806 0 0)
(0.624806 0 0)
(0.624807 0 0)
(0.624807 0 0)
(0.624807 0 0)
(0.624808 0 0)
(0.624808 0 0)
(0.624809 0 0)
(0.624809 0 0)
(0.624809 0 0)
(0.62481 0 0)
(0.62481 0 0)
(0.62481 0 0)
(0.624811 0 0)
(0.624811 0 0)
(0.624812 0 0)
(0.624812 0 0)
(0.624812 0 0)
(0.624813 0 0)
(0.624813 0 0)
(0.624813 0 0)
(0.624814 0 0)
(0.624814 0 0)
(0.624815 0 0)
(0.624815 0 0)
(0.624815 0 0)
(0.624816 0 0)
(0.624816 0 0)
(0.624816 0 0)
(0.624817 0 0)
(0.624817 0 0)
(0.624818 0 0)
(0.624818 0 0)
(0.624818 0 0)
(0.624819 0 0)
(0.624819 0 0)
(0.624819 0 0)
(0.62482 0 0)
(0.62482 0 0)
(0.62482 0 0)
(0.624821 0 0)
(0.624821 0 0)
(0.624821 0 0)
(0.624822 0 0)
(0.624822 0 0)
(0.624822 0 0)
(0.624823 0 0)
(0.624823 0 0)
(0.624823 0 0)
(0.624824 0 0)
(0.624824 0 0)
(0.624824 0 0)
(0.624825 0 0)
(0.624825 0 0)
(0.624825 0 0)
(0.624826 0 0)
(0.624826 0 0)
(0.624826 0 0)
(0.624827 0 0)
(0.624827 0 0)
(0.624827 0 0)
(0.624828 0 0)
(0.624828 0 0)
(0.624828 0 0)
(0.624829 0 0)
(0.624829 0 0)
(0.624829 0 0)
(0.62483 0 0)
(0.62483 0 0)
(0.62483 0 0)
(0.624831 0 0)
(0.624831 0 0)
(0.624831 0 0)
(0.624832 0 0)
(0.624832 0 0)
(0.624832 0 0)
(0.624832 0 0)
(0.624833 0 0)
(0.624833 0 0)
(0.624833 0 0)
(0.624834 0 0)
(0.624834 0 0)
(0.624834 0 0)
(0.624835 0 0)
(0.624835 0 0)
(0.624835 0 0)
(0.624835 0 0)
(0.624836 0 0)
(0.624836 0 0)
(0.624836 0 0)
(0.624837 0 0)
(0.624837 0 0)
(0.624837 0 0)
(0.624838 0 0)
(0.624838 0 0)
(0.624838 0 0)
(0.624838 0 0)
(0.624839 0 0)
(0.624839 0 0)
(0.624839 0 0)
(0.62484 0 0)
(0.62484 0 0)
(0.62484 0 0)
(0.62484 0 0)
(0.624841 0 0)
(0.624841 0 0)
(0.624841 0 0)
(0.624842 0 0)
(0.624842 0 0)
(0.624842 0 0)
(0.624842 0 0)
(0.624843 0 0)
(0.624843 0 0)
(0.624843 0 0)
(0.624844 0 0)
(0.624844 0 0)
(0.624844 0 0)
(0.624844 0 0)
(0.624845 0 0)
(0.624845 0 0)
(0.624845 0 0)
(0.624845 0 0)
(0.624846 0 0)
(0.624846 0 0)
(0.624846 0 0)
(0.624846 0 0)
(0.624847 0 0)
(0.624847 0 0)
(0.624847 0 0)
(0.624848 0 0)
(0.624848 0 0)
(0.624848 0 0)
(0.624848 0 0)
(0.624849 0 0)
(0.624849 0 0)
(0.624849 0 0)
(0.624849 0 0)
(0.62485 0 0)
(0.62485 0 0)
(0.62485 0 0)
(0.62485 0 0)
(0.624851 0 0)
(0.624851 0 0)
(0.624851 0 0)
(0.624851 0 0)
(0.624852 0 0)
(0.624854 0 0)
(0.624855 0 0)
(0.624852 0 0)
(0.624835 0 0)
(0.624814 0 0)
(0.62485 0 0)
(0.625038 0 0)
(0.625283 0 0)
(0.62509 0 0)
(0.62495 0 0)
(0.624964 0 0)
(0.624967 0 0)
(0.624968 0 0)
(0.624977 0 0)
(0.624994 0 0)
(0.625008 0 0)
(0.625012 0 0)
(0.625012 0 0)
(0.62502 0 0)
(0.625034 0 0)
(0.625046 0 0)
(0.625051 0 0)
(0.625061 0 0)
(0.625069 0 0)
(0.625078 0 0)
(0.625091 0 0)
(0.625096 0 0)
(0.625105 0 0)
(0.625111 0 0)
(0.625116 0 0)
(0.625128 0 0)
(0.62514 0 0)
(0.625151 0 0)
(0.62516 0 0)
(0.625166 0 0)
(0.625172 0 0)
(0.625185 0 0)
(0.625196 0 0)
(0.625206 0 0)
(0.625213 0 0)
(0.625218 0 0)
(0.625228 0 0)
(0.625235 0 0)
(0.625243 0 0)
(0.625257 0 0)
(0.625268 0 0)
(0.625272 0 0)
(0.625283 0 0)
(0.625299 0 0)
(0.625307 0 0)
(0.625313 0 0)
(0.625323 0 0)
(0.625331 0 0)
(0.625338 0 0)
(0.62535 0 0)
(0.62536 0 0)
(0.625367 0 0)
(0.625374 0 0)
(0.625388 0 0)
(0.625401 0 0)
(0.625413 0 0)
(0.625421 0 0)
(0.625428 0 0)
(0.625438 0 0)
(0.625446 0 0)
(0.625454 0 0)
(0.625469 0 0)
(0.625484 0 0)
(0.625496 0 0)
(0.625504 0 0)
(0.625509 0 0)
(0.625517 0 0)
(0.625526 0 0)
(0.625541 0 0)
(0.625556 0 0)
(0.625569 0 0)
(0.625579 0 0)
(0.625588 0 0)
(0.625602 0 0)
(0.625612 0 0)
(0.62562 0 0)
(0.625633 0 0)
(0.625643 0 0)
(0.625653 0 0)
(0.625671 0 0)
(0.62569 0 0)
(0.625706 0 0)
(0.625716 0 0)
(0.62572 0 0)
(0.625724 0 0)
(0.625729 0 0)
(0.625734 0 0)
(0.625754 0 0)
(0.625806 0 0)
(0.625877 0 0)
(0.625929 0 0)
(0.625901 0 0)
(0.625738 0 0)
(0.625455 0 0)
(0.625243 0 0)
(0.625459 0 0)
(0.626428 0 0)
(0.628058 0 0)
(0.629375 0 0)
(0.628526 0 0)
(0.623682 0 0)
(0.614987 0 0)
(0.607112 0 0)
(0.610868 0 0)
(0.624858 0 0)
(0.624859 0 0)
(0.624859 0 0)
(0.624859 0 0)
(0.624859 0 0)
(0.624859 0 0)
(0.62486 0 0)
(0.62486 0 0)
(0.62486 0 0)
(0.62486 0 0)
(0.624861 0 0)
(0.624861 0 0)
(0.624861 0 0)
(0.624861 0 0)
(0.624861 0 0)
(0.624862 0 0)
(0.624862 0 0)
(0.624862 0 0)
(0.624862 0 0)
(0.624863 0 0)
(0.624863 0 0)
(0.624863 0 0)
(0.624863 0 0)
(0.624863 0 0)
(0.624864 0 0)
(0.624864 0 0)
(0.624864 0 0)
(0.624864 0 0)
(0.624865 0 0)
(0.624865 0 0)
(0.624865 0 0)
(0.624865 0 0)
(0.624865 0 0)
(0.624866 0 0)
(0.624866 0 0)
(0.624866 0 0)
(0.624866 0 0)
(0.624867 0 0)
(0.624867 0 0)
(0.624867 0 0)
(0.624867 0 0)
(0.624867 0 0)
(0.624868 0 0)
(0.624868 0 0)
(0.624868 0 0)
(0.624868 0 0)
(0.624868 0 0)
(0.624869 0 0)
(0.624869 0 0)
(0.624869 0 0)
(0.624869 0 0)
(0.624869 0 0)
(0.62487 0 0)
(0.62487 0 0)
(0.62487 0 0)
(0.62487 0 0)
(0.62487 0 0)
(0.624871 0 0)
(0.624871 0 0)
(0.624871 0 0)
(0.624871 0 0)
(0.624871 0 0)
(0.624872 0 0)
(0.624872 0 0)
(0.624872 0 0)
(0.624872 0 0)
(0.624872 0 0)
(0.624873 0 0)
(0.624873 0 0)
(0.624873 0 0)
(0.624873 0 0)
(0.624873 0 0)
(0.624874 0 0)
(0.624874 0 0)
(0.624874 0 0)
(0.624874 0 0)
(0.624874 0 0)
(0.624875 0 0)
(0.624875 0 0)
(0.624875 0 0)
(0.624875 0 0)
(0.624876 0 0)
(0.624877 0 0)
(0.624875 0 0)
(0.624869 0 0)
(0.624864 0 0)
(0.624884 0 0)
(0.624956 0 0)
(0.625007 0 0)
(0.625007 0 0)
(0.625007 0 0)
(0.625007 0 0)
(0.625007 0 0)
(0.625007 0 0)
(0.625007 0 0)
(0.625007 0 0)
(0.625007 0 0)
(0.625007 0 0)
(0.625007 0 0)
(0.625007 0 0)
(0.625007 0 0)
(0.625007 0 0)
(0.625007 0 0)
(0.625007 0 0)
(0.625007 0 0)
(0.625007 0 0)
(0.625007 0 0)
(0.625007 0 0)
(0.625007 0 0)
(0.625007 0 0)
(0.625007 0 0)
(0.625007 0 0)
(0.625007 0 0)
(0.625007 0 0)
(0.625007 0 0)
(0.625007 0 0)
(0.625007 0 0)
(0.625007 0 0)
(0.625007 0 0)
(0.625007 0 0)
(0.625007 0 0)
(0.625007 0 0)
(0.625007 0 0)
(0.625007 0 0)
(0.625007 0 0)
(0.625007 0 0)
(0.625007 0 0)
(0.625007 0 0)
(0.625007 0 0)
(0.625007 0 0)
(0.625007 0 0)
(0.625007 0 0)
(0.625007 0 0)
(0.625007 0 0)
(0.625007 0 0)
(0.625007 0 0)
(0.625007 0 0)
(0.625007 0 0)
(0.625007 0 0)
(0.625007 0 0)
(0.625007 0 0)
(0.625007 0 0)
(0.625007 0 0)
(0.625007 0 0)
(0.625007 0 0)
(0.625007 0 0)
(0.625007 0 0)
(0.625007 0 0)
(0.625007 0 0)
(0.625007 0 0)
(0.625007 0 0)
(0.625007 0 0)
(0.625007 0 0)
(0.625007 0 0)
(0.625007 0 0)
(0.625007 0 0)
(0.625007 0 0)
(0.625007 0 0)
(0.625007 0 0)
(0.625007 0 0)
(0.625007 0 0)
(0.625007 0 0)
(0.625007 0 0)
(0.625007 0 0)
(0.625007 0 0)
(0.625007 0 0)
(0.625007 0 0)
(0.625007 0 0)
(0.625007 0 0)
(0.625007 0 0)
(0.625007 0 0)
(0.625007 0 0)
(0.625007 0 0)
(0.625007 0 0)
(0.625007 0 0)
(0.625007 0 0)
(0.625007 0 0)
(0.625007 0 0)
(0.625007 0 0)
(0.625007 0 0)
(0.625007 0 0)
(0.625007 0 0)
(0.625007 0 0)
(0.625007 0 0)
(0.625007 0 0)
(0.625007 0 0)
(0.625007 0 0)
(0.625007 0 0)
(0.625007 0 0)
(0.625007 0 0)
(0.625007 0 0)
(0.625007 0 0)
(0.625007 0 0)
(0.625007 0 0)
(0.625007 0 0)
(0.625007 0 0)
(0.625007 0 0)
(0.625007 0 0)
(0.625007 0 0)
(0.625007 0 0)
(0.625007 0 0)
(0.625007 0 0)
(0.625007 0 0)
(0.625007 0 0)
(0.625007 0 0)
(0.625007 0 0)
(0.625007 0 0)
(0.625007 0 0)
(0.625007 0 0)
(0.625007 0 0)
(0.625007 0 0)
(0.625007 0 0)
(0.625007 0 0)
(0.625007 0 0)
(0.625007 0 0)
(0.625007 0 0)
(0.625007 0 0)
(0.625007 0 0)
(0.625007 0 0)
(0.625007 0 0)
(0.625007 0 0)
(0.625007 0 0)
(0.625007 0 0)
(0.625007 0 0)
(0.625007 0 0)
(0.625007 0 0)
(0.625007 0 0)
(0.625007 0 0)
(0.625007 0 0)
(0.625007 0 0)
(0.625007 0 0)
(0.625007 0 0)
(0.625007 0 0)
(0.625007 0 0)
(0.625007 0 0)
(0.625007 0 0)
(0.625007 0 0)
(0.625007 0 0)
(0.625007 0 0)
(0.625007 0 0)
(0.625007 0 0)
(0.625007 0 0)
(0.625007 0 0)
(0.625007 0 0)
(0.625007 0 0)
(0.625007 0 0)
(0.625007 0 0)
(0.625007 0 0)
(0.625007 0 0)
(0.625007 0 0)
(0.625007 0 0)
(0.625007 0 0)
(0.625007 0 0)
(0.625007 0 0)
(0.625007 0 0)
(0.625007 0 0)
(0.625007 0 0)
(0.625007 0 0)
(0.625007 0 0)
(0.625007 0 0)
(0.625007 0 0)
(0.625007 0 0)
(0.625007 0 0)
(0.625007 0 0)
(0.625007 0 0)
(0.625007 0 0)
(0.625007 0 0)
(0.625007 0 0)
(0.625007 0 0)
(0.625007 0 0)
(0.625007 0 0)
(0.625007 0 0)
(0.625007 0 0)
(0.625007 0 0)
(0.625007 0 0)
(0.625007 0 0)
(0.625007 0 0)
(0.625007 0 0)
(0.625007 0 0)
(0.625007 0 0)
(0.625007 0 0)
(0.625007 0 0)
(0.625007 0 0)
(0.625007 0 0)
(0.625007 0 0)
(0.625007 0 0)
(0.625007 0 0)
(0.625007 0 0)
(0.625007 0 0)
(0.625007 0 0)
(0.625007 0 0)
(0.625007 0 0)
(0.625007 0 0)
(0.625007 0 0)
(0.625007 0 0)
(0.625007 0 0)
(0.625007 0 0)
(0.625007 0 0)
(0.625007 0 0)
(0.625007 0 0)
(0.625007 0 0)
(0.625007 0 0)
(0.625007 0 0)
(0.625007 0 0)
(0.625007 0 0)
(0.625007 0 0)
(0.625007 0 0)
(0.625007 0 0)
(0.625007 0 0)
(0.625007 0 0)
(0.625007 0 0)
(0.625007 0 0)
(0.625006 0 0)
(0.625006 0 0)
(0.625007 0 0)
(0.625012 0 0)
(0.625015 0 0)
(0.625001 0 0)
(0.624948 0 0)
(0.624899 0 0)
(0.625061 0 0)
(0.625692 0 0)
(0.626336 0 0)
(0.624569 0 0)
(0.617016 0 0)
(0.608457 0 0)
(0.628389 0 0)
(0.714718 0 0)
(0.814848 0 0)
(0.769435 0 0)
(0.637134 0 0)
(0.609817 0 0)
(0.609461 0 0)
(0.609458 0 0)
(0.609452 0 0)
(0.609447 0 0)
(0.609441 0 0)
(0.609436 0 0)
(0.60943 0 0)
(0.609425 0 0)
(0.60942 0 0)
(0.609414 0 0)
(0.609409 0 0)
(0.609404 0 0)
(0.609398 0 0)
(0.609393 0 0)
(0.609388 0 0)
(0.609382 0 0)
(0.609377 0 0)
(0.609372 0 0)
(0.609367 0 0)
(0.609362 0 0)
(0.609356 0 0)
(0.609351 0 0)
(0.609346 0 0)
(0.609341 0 0)
(0.609336 0 0)
(0.609331 0 0)
(0.609326 0 0)
(0.609321 0 0)
(0.609316 0 0)
(0.609311 0 0)
(0.609306 0 0)
(0.609301 0 0)
(0.609296 0 0)
(0.609291 0 0)
(0.609286 0 0)
(0.609281 0 0)
(0.609276 0 0)
(0.609271 0 0)
(0.609266 0 0)
(0.609261 0 0)
(0.609256 0 0)
(0.609251 0 0)
(0.609246 0 0)
(0.609241 0 0)
(0.609237 0 0)
(0.609232 0 0)
(0.609227 0 0)
(0.609222 0 0)
(0.609217 0 0)
(0.609212 0 0)
(0.609207 0 0)
(0.609202 0 0)
(0.609198 0 0)
(0.609193 0 0)
(0.609188 0 0)
(0.609184 0 0)
(0.609172 0 0)
(0.609097 0 0)
(0.609031 0 0)
(0.609028 0 0)
(0.609023 0 0)
(0.609018 0 0)
(0.609014 0 0)
(0.609009 0 0)
(0.609004 0 0)
(0.608999 0 0)
(0.608994 0 0)
(0.60899 0 0)
(0.608985 0 0)
(0.60898 0 0)
(0.608975 0 0)
(0.60897 0 0)
(0.608966 0 0)
(0.608961 0 0)
(0.608956 0 0)
(0.608951 0 0)
(0.608946 0 0)
(0.608942 0 0)
(0.608937 0 0)
(0.608932 0 0)
(0.608927 0 0)
(0.608922 0 0)
(0.608917 0 0)
(0.608913 0 0)
(0.608908 0 0)
(0.608903 0 0)
(0.608898 0 0)
(0.608893 0 0)
(0.608889 0 0)
(0.608884 0 0)
(0.608879 0 0)
(0.608874 0 0)
(0.60887 0 0)
(0.608865 0 0)
(0.60886 0 0)
(0.608855 0 0)
(0.608851 0 0)
(0.608846 0 0)
(0.608841 0 0)
(0.608837 0 0)
(0.608832 0 0)
(0.608827 0 0)
(0.608823 0 0)
(0.608818 0 0)
(0.608813 0 0)
(0.608809 0 0)
(0.608804 0 0)
(0.608799 0 0)
(0.608795 0 0)
(0.60879 0 0)
(0.608786 0 0)
(0.608781 0 0)
(0.608777 0 0)
(0.608772 0 0)
(0.608768 0 0)
(0.608763 0 0)
(0.608759 0 0)
(0.608755 0 0)
(0.60875 0 0)
(0.608746 0 0)
(0.608741 0 0)
(0.608737 0 0)
(0.608733 0 0)
(0.608728 0 0)
(0.608724 0 0)
(0.60872 0 0)
(0.608716 0 0)
(0.608711 0 0)
(0.608707 0 0)
(0.608703 0 0)
(0.608699 0 0)
(0.608695 0 0)
(0.608691 0 0)
(0.608687 0 0)
(0.608682 0 0)
(0.608678 0 0)
(0.608674 0 0)
(0.60867 0 0)
(0.608666 0 0)
(0.608662 0 0)
(0.608658 0 0)
(0.608654 0 0)
(0.60865 0 0)
(0.608646 0 0)
(0.608642 0 0)
(0.608638 0 0)
(0.608634 0 0)
(0.608631 0 0)
(0.608627 0 0)
(0.608623 0 0)
(0.608619 0 0)
(0.608615 0 0)
(0.608611 0 0)
(0.608607 0 0)
(0.608603 0 0)
(0.6086 0 0)
(0.608596 0 0)
(0.608592 0 0)
(0.608588 0 0)
(0.608584 0 0)
(0.60858 0 0)
(0.608577 0 0)
(0.608573 0 0)
(0.608569 0 0)
(0.608565 0 0)
(0.608561 0 0)
(0.608558 0 0)
(0.608554 0 0)
(0.60855 0 0)
(0.608546 0 0)
(0.608542 0 0)
(0.608539 0 0)
(0.608535 0 0)
(0.608531 0 0)
(0.608527 0 0)
(0.608524 0 0)
(0.60852 0 0)
(0.608516 0 0)
(0.608512 0 0)
(0.608508 0 0)
(0.608505 0 0)
(0.608501 0 0)
(0.608497 0 0)
(0.608493 0 0)
(0.608489 0 0)
(0.608486 0 0)
(0.608482 0 0)
(0.608478 0 0)
(0.608474 0 0)
(0.60847 0 0)
(0.608466 0 0)
(0.608463 0 0)
(0.608459 0 0)
(0.608455 0 0)
(0.608451 0 0)
(0.608447 0 0)
(0.608444 0 0)
(0.60844 0 0)
(0.608436 0 0)
(0.608432 0 0)
(0.608428 0 0)
(0.608425 0 0)
(0.608421 0 0)
(0.608417 0 0)
(0.608413 0 0)
(0.608409 0 0)
(0.608406 0 0)
(0.608402 0 0)
(0.608398 0 0)
(0.608394 0 0)
(0.608391 0 0)
(0.608387 0 0)
(0.608383 0 0)
(0.608379 0 0)
(0.608376 0 0)
(0.608372 0 0)
(0.608368 0 0)
(0.608365 0 0)
(0.608361 0 0)
(0.608357 0 0)
(0.608354 0 0)
(0.60835 0 0)
(0.608346 0 0)
(0.608343 0 0)
(0.608339 0 0)
(0.608335 0 0)
(0.608332 0 0)
(0.608328 0 0)
(0.608325 0 0)
(0.608321 0 0)
(0.608318 0 0)
(0.608314 0 0)
(0.608311 0 0)
(0.608307 0 0)
(0.608303 0 0)
(0.6083 0 0)
(0.608296 0 0)
(0.608293 0 0)
(0.60829 0 0)
(0.608286 0 0)
(0.608283 0 0)
(0.608279 0 0)
(0.608276 0 0)
(0.608272 0 0)
(0.608269 0 0)
(0.608265 0 0)
(0.608262 0 0)
(0.608259 0 0)
(0.608255 0 0)
(0.608252 0 0)
(0.608249 0 0)
(0.608245 0 0)
(0.608242 0 0)
(0.608238 0 0)
(0.608235 0 0)
(0.608232 0 0)
(0.608228 0 0)
(0.608225 0 0)
(0.608222 0 0)
(0.608218 0 0)
(0.608215 0 0)
(0.608212 0 0)
(0.608208 0 0)
(0.608205 0 0)
(0.608202 0 0)
(0.608198 0 0)
(0.608195 0 0)
(0.608192 0 0)
(0.608188 0 0)
(0.608185 0 0)
(0.608182 0 0)
(0.608178 0 0)
(0.608175 0 0)
(0.608171 0 0)
(0.608168 0 0)
(0.608165 0 0)
(0.608161 0 0)
(0.608158 0 0)
(0.608155 0 0)
(0.608151 0 0)
(0.608148 0 0)
(0.608144 0 0)
(0.608141 0 0)
(0.608137 0 0)
(0.608134 0 0)
(0.608131 0 0)
(0.608127 0 0)
(0.608124 0 0)
(0.60812 0 0)
(0.608117 0 0)
(0.608113 0 0)
(0.60811 0 0)
(0.608106 0 0)
(0.608103 0 0)
(0.608099 0 0)
(0.608096 0 0)
(0.608092 0 0)
(0.608089 0 0)
(0.608085 0 0)
(0.608082 0 0)
(0.608078 0 0)
(0.608074 0 0)
(0.608071 0 0)
(0.608067 0 0)
(0.608064 0 0)
(0.60806 0 0)
(0.608057 0 0)
(0.608053 0 0)
(0.608049 0 0)
(0.608046 0 0)
(0.608042 0 0)
(0.608039 0 0)
(0.608035 0 0)
(0.608031 0 0)
(0.608028 0 0)
(0.608024 0 0)
(0.608021 0 0)
(0.608017 0 0)
(0.608013 0 0)
(0.60801 0 0)
(0.608006 0 0)
(0.608003 0 0)
(0.607999 0 0)
(0.607995 0 0)
(0.607992 0 0)
(0.607988 0 0)
(0.607985 0 0)
(0.607981 0 0)
(0.607977 0 0)
(0.607974 0 0)
(0.60797 0 0)
(0.607967 0 0)
(0.607963 0 0)
(0.60796 0 0)
(0.607956 0 0)
(0.607953 0 0)
(0.607949 0 0)
(0.607945 0 0)
(0.607942 0 0)
(0.607938 0 0)
(0.607935 0 0)
(0.607931 0 0)
(0.607928 0 0)
(0.607924 0 0)
(0.607921 0 0)
(0.607917 0 0)
(0.607914 0 0)
(0.60791 0 0)
(0.607907 0 0)
(0.607904 0 0)
(0.6079 0 0)
(0.607897 0 0)
(0.607893 0 0)
(0.60789 0 0)
(0.607886 0 0)
(0.607883 0 0)
(0.607879 0 0)
(0.607876 0 0)
(0.607873 0 0)
(0.607869 0 0)
(0.607866 0 0)
(0.607862 0 0)
(0.607859 0 0)
(0.607855 0 0)
(0.607852 0 0)
(0.607849 0 0)
(0.607845 0 0)
(0.607842 0 0)
(0.607838 0 0)
(0.607835 0 0)
(0.607831 0 0)
(0.607828 0 0)
(0.607825 0 0)
(0.607821 0 0)
(0.607818 0 0)
(0.607814 0 0)
(0.607811 0 0)
(0.607807 0 0)
(0.607804 0 0)
(0.6078 0 0)
(0.607797 0 0)
(0.607793 0 0)
(0.60779 0 0)
(0.607786 0 0)
(0.607783 0 0)
(0.607779 0 0)
(0.607776 0 0)
(0.607772 0 0)
(0.607769 0 0)
(0.607765 0 0)
(0.607762 0 0)
(0.607758 0 0)
(0.607755 0 0)
(0.607751 0 0)
(0.607747 0 0)
(0.607744 0 0)
(0.60774 0 0)
(0.607737 0 0)
(0.607733 0 0)
(0.607729 0 0)
(0.607726 0 0)
(0.607722 0 0)
(0.607718 0 0)
(0.607715 0 0)
(0.607711 0 0)
(0.607707 0 0)
(0.607704 0 0)
(0.6077 0 0)
(0.607696 0 0)
(0.607693 0 0)
(0.607689 0 0)
(0.607685 0 0)
(0.607682 0 0)
(0.607678 0 0)
(0.607674 0 0)
(0.60767 0 0)
(0.607667 0 0)
(0.607663 0 0)
(0.607659 0 0)
(0.607656 0 0)
(0.607652 0 0)
(0.607648 0 0)
(0.607644 0 0)
(0.607641 0 0)
(0.607637 0 0)
(0.607633 0 0)
(0.607629 0 0)
(0.607626 0 0)
(0.607622 0 0)
(0.607618 0 0)
(0.607614 0 0)
(0.607611 0 0)
(0.607607 0 0)
(0.607603 0 0)
(0.607599 0 0)
(0.607596 0 0)
(0.607592 0 0)
(0.607588 0 0)
(0.607585 0 0)
(0.607581 0 0)
(0.607577 0 0)
(0.607573 0 0)
(0.60757 0 0)
(0.607566 0 0)
(0.607562 0 0)
(0.607559 0 0)
(0.607555 0 0)
(0.607551 0 0)
(0.607548 0 0)
(0.607544 0 0)
(0.60754 0 0)
(0.607537 0 0)
(0.607533 0 0)
(0.607529 0 0)
(0.607526 0 0)
(0.607522 0 0)
(0.607518 0 0)
(0.607515 0 0)
(0.607511 0 0)
(0.607507 0 0)
(0.607504 0 0)
(0.6075 0 0)
(0.607497 0 0)
(0.607493 0 0)
(0.607489 0 0)
(0.607486 0 0)
(0.607482 0 0)
(0.607478 0 0)
(0.607475 0 0)
(0.607471 0 0)
(0.607468 0 0)
(0.607464 0 0)
(0.60746 0 0)
(0.607457 0 0)
(0.607453 0 0)
(0.60745 0 0)
(0.607446 0 0)
(0.607442 0 0)
(0.607439 0 0)
(0.607435 0 0)
(0.607431 0 0)
(0.607428 0 0)
(0.607424 0 0)
(0.60742 0 0)
(0.607417 0 0)
(0.607413 0 0)
(0.607409 0 0)
(0.607406 0 0)
(0.607402 0 0)
(0.607398 0 0)
(0.607395 0 0)
(0.607391 0 0)
(0.607387 0 0)
(0.607384 0 0)
(0.60738 0 0)
(0.607376 0 0)
(0.607372 0 0)
(0.607369 0 0)
(0.607365 0 0)
(0.607361 0 0)
(0.607357 0 0)
(0.607354 0 0)
(0.60735 0 0)
(0.607346 0 0)
(0.607342 0 0)
(0.607339 0 0)
(0.607335 0 0)
(0.607331 0 0)
(0.607327 0 0)
(0.607323 0 0)
(0.607319 0 0)
(0.607316 0 0)
(0.607312 0 0)
(0.607308 0 0)
(0.607304 0 0)
(0.6073 0 0)
(0.607296 0 0)
(0.607293 0 0)
(0.607289 0 0)
(0.607285 0 0)
(0.607281 0 0)
(0.607277 0 0)
(0.607273 0 0)
(0.607269 0 0)
(0.607265 0 0)
(0.607262 0 0)
(0.607258 0 0)
(0.607254 0 0)
(0.60725 0 0)
(0.607246 0 0)
(0.607242 0 0)
(0.607238 0 0)
(0.607234 0 0)
(0.60723 0 0)
(0.607226 0 0)
(0.607223 0 0)
(0.607219 0 0)
(0.607215 0 0)
(0.607211 0 0)
(0.607207 0 0)
(0.607203 0 0)
(0.607199 0 0)
(0.607195 0 0)
(0.607192 0 0)
(0.607188 0 0)
(0.607184 0 0)
(0.60718 0 0)
(0.607176 0 0)
(0.607172 0 0)
(0.607168 0 0)
(0.607165 0 0)
(0.607161 0 0)
(0.607157 0 0)
(0.607153 0 0)
(0.607149 0 0)
(0.607145 0 0)
(0.607142 0 0)
(0.607138 0 0)
(0.607134 0 0)
(0.60713 0 0)
(0.607126 0 0)
(0.607123 0 0)
(0.607119 0 0)
(0.607115 0 0)
(0.607111 0 0)
(0.607107 0 0)
(0.607104 0 0)
(0.6071 0 0)
(0.607096 0 0)
(0.607092 0 0)
(0.607088 0 0)
(0.607085 0 0)
(0.607081 0 0)
(0.607077 0 0)
(0.607073 0 0)
(0.60707 0 0)
(0.607066 0 0)
(0.607062 0 0)
(0.607058 0 0)
(0.607054 0 0)
(0.607051 0 0)
(0.607047 0 0)
(0.607043 0 0)
(0.607039 0 0)
(0.607036 0 0)
(0.607032 0 0)
(0.607028 0 0)
(0.607024 0 0)
(0.60702 0 0)
(0.607017 0 0)
(0.607013 0 0)
(0.607009 0 0)
(0.607005 0 0)
(0.607001 0 0)
(0.606997 0 0)
(0.606994 0 0)
(0.60699 0 0)
(0.606986 0 0)
(0.606982 0 0)
(0.606978 0 0)
(0.606974 0 0)
(0.60697 0 0)
(0.606967 0 0)
(0.606963 0 0)
(0.606959 0 0)
(0.606955 0 0)
(0.606951 0 0)
(0.606947 0 0)
(0.606943 0 0)
(0.606939 0 0)
(0.606935 0 0)
(0.606932 0 0)
(0.606928 0 0)
(0.606924 0 0)
(0.60692 0 0)
(0.606916 0 0)
(0.606912 0 0)
(0.606908 0 0)
(0.606904 0 0)
(0.6069 0 0)
(0.606896 0 0)
(0.606892 0 0)
(0.606888 0 0)
(0.606884 0 0)
(0.60688 0 0)
(0.606876 0 0)
(0.606872 0 0)
(0.606868 0 0)
(0.606864 0 0)
(0.60686 0 0)
(0.606856 0 0)
(0.606852 0 0)
(0.606849 0 0)
(0.606845 0 0)
(0.606841 0 0)
(0.606837 0 0)
(0.606833 0 0)
(0.606829 0 0)
(0.606825 0 0)
(0.606821 0 0)
(0.606817 0 0)
(0.606813 0 0)
(0.606809 0 0)
(0.606805 0 0)
(0.606801 0 0)
(0.606797 0 0)
(0.606793 0 0)
(0.606789 0 0)
(0.606785 0 0)
(0.606781 0 0)
(0.606778 0 0)
(0.606774 0 0)
(0.60677 0 0)
(0.606766 0 0)
(0.606762 0 0)
(0.606758 0 0)
(0.606754 0 0)
(0.60675 0 0)
(0.606746 0 0)
(0.606742 0 0)
(0.606739 0 0)
(0.606735 0 0)
(0.606731 0 0)
(0.606727 0 0)
(0.606723 0 0)
(0.606719 0 0)
(0.606715 0 0)
(0.606712 0 0)
(0.606708 0 0)
(0.606704 0 0)
(0.6067 0 0)
(0.606696 0 0)
(0.606692 0 0)
(0.606689 0 0)
(0.606685 0 0)
(0.606681 0 0)
(0.606677 0 0)
(0.606673 0 0)
(0.606669 0 0)
(0.606666 0 0)
(0.606662 0 0)
(0.606658 0 0)
(0.606654 0 0)
(0.60665 0 0)
(0.606647 0 0)
(0.606643 0 0)
(0.606639 0 0)
(0.606635 0 0)
(0.606631 0 0)
(0.606627 0 0)
(0.606624 0 0)
(0.60662 0 0)
(0.606616 0 0)
(0.606612 0 0)
(0.606608 0 0)
(0.606604 0 0)
(0.6066 0 0)
(0.606597 0 0)
(0.606593 0 0)
(0.606589 0 0)
(0.606585 0 0)
(0.606581 0 0)
(0.606577 0 0)
(0.606573 0 0)
(0.60657 0 0)
(0.606566 0 0)
(0.606562 0 0)
(0.606558 0 0)
(0.606554 0 0)
(0.60655 0 0)
(0.606546 0 0)
(0.606542 0 0)
(0.606539 0 0)
(0.606535 0 0)
(0.606531 0 0)
(0.606527 0 0)
(0.606523 0 0)
(0.606519 0 0)
(0.606515 0 0)
(0.606511 0 0)
(0.606507 0 0)
(0.606503 0 0)
(0.6065 0 0)
(0.606496 0 0)
(0.606492 0 0)
(0.606488 0 0)
(0.606484 0 0)
(0.60648 0 0)
(0.606476 0 0)
(0.606472 0 0)
(0.606468 0 0)
(0.606464 0 0)
(0.606461 0 0)
(0.606457 0 0)
(0.606453 0 0)
(0.606449 0 0)
(0.606445 0 0)
(0.606441 0 0)
(0.606437 0 0)
(0.606433 0 0)
(0.60643 0 0)
(0.606426 0 0)
(0.606422 0 0)
(0.606418 0 0)
(0.606414 0 0)
(0.60641 0 0)
(0.606406 0 0)
(0.606403 0 0)
(0.606399 0 0)
(0.606395 0 0)
(0.606391 0 0)
(0.606387 0 0)
(0.606384 0 0)
(0.60638 0 0)
(0.606376 0 0)
(0.606372 0 0)
(0.606368 0 0)
(0.606365 0 0)
(0.606361 0 0)
(0.606357 0 0)
(0.606353 0 0)
(0.60635 0 0)
(0.606346 0 0)
(0.606342 0 0)
(0.606339 0 0)
(0.606335 0 0)
(0.606331 0 0)
(0.606327 0 0)
(0.606324 0 0)
(0.60632 0 0)
(0.606316 0 0)
(0.606313 0 0)
(0.606309 0 0)
(0.606305 0 0)
(0.606302 0 0)
(0.606298 0 0)
(0.606294 0 0)
(0.60629 0 0)
(0.606287 0 0)
(0.606283 0 0)
(0.606279 0 0)
(0.606276 0 0)
(0.606272 0 0)
(0.606268 0 0)
(0.606265 0 0)
(0.606261 0 0)
(0.606258 0 0)
(0.606254 0 0)
(0.60625 0 0)
(0.606247 0 0)
(0.606243 0 0)
(0.606239 0 0)
(0.606236 0 0)
(0.606232 0 0)
(0.606228 0 0)
(0.606225 0 0)
(0.606221 0 0)
(0.606217 0 0)
(0.606214 0 0)
(0.60621 0 0)
(0.606206 0 0)
(0.606203 0 0)
(0.606199 0 0)
(0.606195 0 0)
(0.606192 0 0)
(0.606188 0 0)
(0.606184 0 0)
(0.60618 0 0)
(0.606177 0 0)
(0.606173 0 0)
(0.606169 0 0)
(0.606166 0 0)
(0.606162 0 0)
(0.606158 0 0)
(0.606155 0 0)
(0.606151 0 0)
(0.606147 0 0)
(0.606144 0 0)
(0.60614 0 0)
(0.606136 0 0)
(0.606132 0 0)
(0.606129 0 0)
(0.606125 0 0)
(0.606121 0 0)
(0.606118 0 0)
(0.606114 0 0)
(0.60611 0 0)
(0.606106 0 0)
(0.606103 0 0)
(0.606099 0 0)
(0.606095 0 0)
(0.606092 0 0)
(0.606088 0 0)
(0.606084 0 0)
(0.60608 0 0)
(0.606077 0 0)
(0.606073 0 0)
(0.606069 0 0)
(0.606066 0 0)
(0.606062 0 0)
(0.606058 0 0)
(0.606055 0 0)
(0.606051 0 0)
(0.606047 0 0)
(0.606043 0 0)
(0.60604 0 0)
(0.606036 0 0)
(0.606032 0 0)
(0.606029 0 0)
(0.606025 0 0)
(0.606021 0 0)
(0.606018 0 0)
(0.606014 0 0)
(0.60601 0 0)
(0.606006 0 0)
(0.606003 0 0)
(0.605999 0 0)
(0.605995 0 0)
(0.605992 0 0)
(0.605988 0 0)
(0.605984 0 0)
(0.605981 0 0)
(0.605977 0 0)
(0.605973 0 0)
(0.605969 0 0)
(0.605966 0 0)
(0.605962 0 0)
(0.605958 0 0)
(0.605955 0 0)
(0.605951 0 0)
(0.605947 0 0)
(0.605943 0 0)
(0.60594 0 0)
(0.605936 0 0)
(0.605932 0 0)
(0.605928 0 0)
(0.605925 0 0)
(0.605921 0 0)
(0.605917 0 0)
(0.605913 0 0)
(0.60591 0 0)
(0.605906 0 0)
(0.605902 0 0)
(0.605898 0 0)
(0.605895 0 0)
(0.605891 0 0)
(0.605887 0 0)
(0.605883 0 0)
(0.605879 0 0)
(0.605875 0 0)
(0.605872 0 0)
(0.605868 0 0)
(0.605864 0 0)
(0.60586 0 0)
(0.605856 0 0)
(0.605852 0 0)
(0.605848 0 0)
(0.605845 0 0)
(0.605841 0 0)
(0.605837 0 0)
(0.605833 0 0)
(0.605829 0 0)
(0.605825 0 0)
(0.605821 0 0)
(0.605817 0 0)
(0.605813 0 0)
(0.605809 0 0)
(0.605805 0 0)
(0.605801 0 0)
(0.605797 0 0)
(0.605793 0 0)
(0.605789 0 0)
(0.605785 0 0)
(0.605781 0 0)
(0.605777 0 0)
(0.605773 0 0)
(0.605769 0 0)
(0.605765 0 0)
(0.605761 0 0)
(0.605757 0 0)
(0.605753 0 0)
(0.605749 0 0)
(0.605745 0 0)
(0.605741 0 0)
(0.605736 0 0)
(0.605732 0 0)
(0.605728 0 0)
(0.605724 0 0)
(0.60572 0 0)
(0.605716 0 0)
(0.605712 0 0)
(0.605708 0 0)
(0.605704 0 0)
(0.6057 0 0)
(0.605696 0 0)
(0.605692 0 0)
(0.605688 0 0)
(0.605684 0 0)
(0.60568 0 0)
(0.605676 0 0)
(0.605671 0 0)
(0.605667 0 0)
(0.605663 0 0)
(0.605659 0 0)
(0.605655 0 0)
(0.605651 0 0)
(0.605647 0 0)
(0.605643 0 0)
(0.605639 0 0)
(0.605635 0 0)
(0.605631 0 0)
(0.605627 0 0)
(0.605623 0 0)
(0.605619 0 0)
(0.605615 0 0)
(0.605611 0 0)
(0.605608 0 0)
(0.605604 0 0)
(0.6056 0 0)
(0.605596 0 0)
(0.605592 0 0)
(0.605588 0 0)
(0.605584 0 0)
(0.60558 0 0)
(0.605577 0 0)
(0.605573 0 0)
(0.605569 0 0)
(0.605565 0 0)
(0.605561 0 0)
(0.605558 0 0)
(0.605554 0 0)
(0.60555 0 0)
(0.605546 0 0)
(0.605543 0 0)
(0.605539 0 0)
(0.605535 0 0)
(0.605532 0 0)
(0.605528 0 0)
(0.605524 0 0)
(0.605521 0 0)
(0.605517 0 0)
(0.605513 0 0)
(0.60551 0 0)
(0.605506 0 0)
(0.605503 0 0)
(0.605499 0 0)
(0.605496 0 0)
(0.605492 0 0)
(0.605489 0 0)
(0.605485 0 0)
(0.605481 0 0)
)
;

boundaryField
{
    inlet
    {
        type            flowRateInlet;
        flowRate        0.0625;
        value           uniform (0.625 -0 -0);
    }
    outlet
    {
        type            zeroGradient;
    }
    right
    {
        type            empty;
    }
    left
    {
        type            empty;
    }
    atmosphere
    {
        type            empty;
    }
    bottomWall
    {
        type            empty;
    }
}


// ************************************************************************* //
