0.3037975 1
0.3291139 1
0.3544304 1
0.3797468 1
0.4050633 1
0.4303797 1
0.4556962 1
0.4810127 1
0.5063291 0.9999999
0.5316456 0.9998609
0.556962 0.9854097
0.5822785 0.7675331
0.6075949 0.1293033
0.6329114 0.003138832
0.6582278 0.0004959383
0.6835443 0.0001111406
0.7088608 5.544176e-06
0.7341772 1.41592e-07
0.7594937 1.059364e-08
0.7848101 3.195229e-10
0.8101266 1.354147e-11
0.835443 9.618897e-13
0.8607595 6.801051e-14
0.8860759 6.890268e-15
0.9113924 1.530754e-15
0.9367089 4.71379e-16
0.9620253 1.20117e-16
0.9873418 2.463536e-17
1.012658 3.954899e-18
1.037975 4.885959e-19
1.063291 4.526492e-20
1.088608 3.014503e-21
1.113924 1.359619e-22
1.139241 3.845841e-24
1.164557 6.25517e-26
1.189873 5.26333e-28
1.21519 2.05456e-30
1.240506 3.071844e-33
1.265823 1.282493e-36
1.291139 1.332542e-40
1.316456 2.37694e-45
1.341772 5.569626e-51
1.367089 1.165974e-56
1.392405 2.018916e-61
1.417722 1.42633e-63
1.443038 1.807278e-65
1.468354 6.530431e-67
1.493671 3.864923e-68
1.518987 6.421638e-69
1.544304 1.689203e-69
1.56962 4.44887e-70
1.594937 1.081991e-70
1.620253 2.406849e-71
1.64557 4.890358e-72
1.670886 9.065265e-73
1.696203 1.529807e-73
1.721519 2.342063e-74
1.746835 3.236462e-75
1.772152 4.009493e-76
1.797468 4.413615e-77
1.822785 4.267684e-78
1.848101 3.570832e-79
1.873418 2.534188e-80
1.898734 1.483848e-81
1.924051 6.884646e-83
1.949367 2.373828e-84
1.974684 5.408556e-86
2 6.108923e-88
