0.6075949 1
0.6329114 1
0.6582278 1
0.6835443 1
0.7088608 1
0.7341772 1
0.7594937 1
0.7848101 1
0.8101266 1
0.835443 1
0.8607595 1
0.8860759 1
0.9113924 1
0.9367089 1
0.9620253 1
0.9873418 1
1.012658 1
1.037975 1
1.063291 1
1.088608 1
1.113924 1
1.139241 1
1.164557 1
1.189873 1
1.21519 1
1.240506 1
1.265823 1
1.291139 1
1.316456 0.9999944
1.341772 0.9981246
1.367089 0.9213915
1.392405 0.4215915
1.417722 0.02233971
1.443038 0.0005976534
1.468354 1.017874e-05
1.493671 7.203797e-08
1.518987 3.466322e-10
1.544304 7.567155e-13
1.56962 5.689373e-15
1.594937 3.096711e-16
1.620253 2.545773e-17
1.64557 6.789842e-18
1.670886 1.316223e-18
1.696203 2.300443e-19
1.721519 4.3714e-20
1.746835 8.761386e-21
1.772152 1.449886e-21
1.797468 1.538443e-22
1.822785 8.348237e-24
1.848101 1.852429e-25
1.873418 1.362821e-27
1.898734 2.487694e-30
1.924051 5.949365e-34
1.949367 5.649526e-39
1.974684 8.418867e-45
2 3.619973e-46
