0.7341772 1
0.7594937 1
0.7848101 1
0.8101266 1
0.835443 1
0.8607595 1
0.8860759 1
0.9113924 1
0.9367089 1
0.9620253 1
0.9873418 1
1.012658 1
1.037975 1
1.063291 1
1.088608 1
1.113924 1
1.139241 1
1.164557 1
1.189873 1
1.21519 1
1.240506 1
1.265823 0.9999998
1.291139 0.9998041
1.316456 0.9806755
1.341772 0.6992957
1.367089 0.08065574
1.392405 0.001718999
1.417722 6.102532e-05
1.443038 2.433821e-06
1.468354 1.417916e-08
1.493671 5.198696e-11
1.518987 2.74984e-13
1.544304 4.034355e-15
1.56962 3.899555e-16
1.594937 3.238393e-17
1.620253 3.829379e-18
1.64557 8.618344e-19
1.670886 1.597406e-19
1.696203 2.783192e-20
1.721519 4.393414e-21
1.746835 5.349212e-22
1.772152 4.140865e-23
1.797468 1.645437e-24
1.822785 2.597805e-26
1.848101 1.200707e-28
1.873418 1.089774e-31
1.898734 1.002194e-35
1.924051 2.777122e-41
1.949367 2.727285e-46
1.974684 4.100628e-48
2 2.185639e-52
