0.02531646 1
0.05063291 1
0.07594937 1
0.1012658 1
0.1265823 1
0.1518987 1
0.1772152 1
0.2025316 0.9999977
0.2278481 0.9998555
0.2531646 0.9955892
0.278481 0.5932937
0.3037975 0.09827381
0.3291139 0.002757435
0.3544304 0.007399736
0.3797468 0.05320668
0.4050633 0.01534454
0.4303797 0.001237222
0.4556962 0.001237222
0.4810127 0.009556636
0.5063291 0.005048112
0.5316456 0.0009142193
0.556962 8.812528e-05
0.5822785 0.0002374079
0.6075949 0.001930619
0.6329114 0.001856901
0.6582278 0.001301856
0.6835443 0.000333948
0.7088608 3.067012e-05
0.7341772 1.075719e-06
0.7594937 8.693369e-07
0.7848101 1.389974e-06
0.8101266 4.836432e-07
0.835443 7.821352e-08
0.8607595 7.821134e-08
0.8860759 7.820909e-08
0.9113924 8.291258e-08
0.9367089 1.067127e-07
0.9620253 1.381255e-07
0.9873418 2.077009e-07
1.012658 5.175754e-07
1.037975 2.69032e-06
1.063291 7.370617e-06
1.088608 1.091964e-05
1.113924 0.0001275955
1.139241 0.0002600988
1.164557 0.0001613416
1.189873 3.452003e-05
1.21519 1.633969e-06
1.240506 4.528446e-07
1.265823 4.528446e-07
1.291139 8.17964e-07
1.316456 8.788801e-06
1.341772 1.919124e-05
1.367089 1.137168e-05
1.392405 1.927405e-06
1.417722 1.588506e-07
1.443038 7.325574e-06
1.468354 4.689982e-05
1.493671 2.219082e-05
1.518987 6.687832e-06
1.544304 3.833625e-07
1.56962 4.480615e-09
1.594937 2.344405e-11
1.620253 2.721255e-11
1.64557 7.825831e-11
1.670886 1.244798e-10
1.696203 1.329234e-10
1.721519 1.439412e-10
1.746835 1.337921e-10
1.772152 1.093055e-10
1.797468 9.125405e-11
1.822785 8.376655e-11
1.848101 8.19235e-11
1.873418 7.969257e-11
1.898734 7.294607e-11
1.924051 6.031005e-11
1.949367 4.179219e-11
1.974684 2.046712e-11
2 2.53409e-12
