0.4810127 1
0.5063291 1
0.5316456 1
0.556962 1
0.5822785 1
0.6075949 1
0.6329114 1
0.6582278 1
0.6835443 1
0.7088608 1
0.7341772 0.9999998
0.7594937 0.99989
0.7848101 0.9919451
0.8101266 0.8517922
0.835443 0.2352029
0.8607595 0.003505498
0.8860759 9.962178e-05
0.9113924 4.594826e-06
0.9367089 1.865769e-07
0.9620253 4.826566e-09
0.9873418 1.103631e-10
1.012658 3.971384e-12
1.037975 2.22296e-13
1.063291 1.056204e-14
1.088608 1.223817e-15
1.113924 2.535675e-16
1.139241 4.177621e-17
1.164557 5.378704e-18
1.189873 5.261384e-19
1.21519 3.772196e-20
1.240506 1.879573e-21
1.265823 6.036005e-23
1.291139 1.126977e-24
1.316456 1.062634e-26
1.341772 4.354509e-29
1.367089 6.694118e-32
1.392405 3.437605e-35
1.417722 6.074666e-39
1.443038 4.250915e-43
1.468354 1.371721e-47
1.493671 2.174533e-52
1.518987 2.20253e-57
1.544304 1.848465e-62
1.56962 1.703353e-67
1.594937 1.981078e-69
1.620253 9.088099e-71
1.64557 4.034185e-72
1.670886 1.875093e-73
1.696203 9.760628e-75
1.721519 5.603644e-76
1.746835 3.290512e-77
1.772152 1.844941e-78
1.797468 9.461924e-80
1.822785 4.327574e-81
1.848101 1.736025e-82
1.873418 6.022716e-84
1.898734 1.775962e-85
1.924051 4.327263e-87
1.949367 8.263968e-89
1.974684 1.108722e-90
2 7.861822e-93
