0.02531646 0.9999998
0.05063291 1
0.07594937 1
0.1012658 1
0.1265823 1
0.1518987 1
0.1772152 1
0.2025316 0.9999998
0.2278481 0.9999361
0.2531646 0.9998941
0.278481 0.9999887
0.3037975 0.9999999
0.3291139 1
0.3544304 0.9999999
0.3797468 0.9999998
0.4050633 0.9999958
0.4303797 0.9992976
0.4556962 0.9690881
0.4810127 0.9621835
0.5063291 0.9909271
0.5316456 0.969623
0.556962 0.969623
0.5822785 0.9912403
0.6075949 0.9592878
0.6329114 0.9391114
0.6582278 0.9968434
0.6835443 0.9973012
0.7088608 0.8589494
0.7341772 0.2018578
0.7594937 0.003694726
0.7848101 3.284524e-05
0.8101266 6.421123e-07
0.835443 3.247437e-08
0.8607595 1.43915e-09
0.8860759 3.693736e-10
0.9113924 4.209537e-10
0.9367089 5.644324e-10
0.9620253 3.544632e-10
0.9873418 2.635029e-10
1.012658 8.504958e-10
1.037975 2.477625e-09
1.063291 3.703005e-09
1.088608 2.251719e-09
1.113924 2.546493e-09
1.139241 6.437363e-10
1.164557 1.491945e-10
1.189873 2.785239e-10
1.21519 2.014741e-08
1.240506 3.107211e-07
1.265823 8.911215e-07
1.291139 8.911215e-07
1.316456 6.828265e-07
1.341772 1.085475e-07
1.367089 1.212769e-08
1.392405 7.585907e-10
1.417722 3.49495e-10
1.443038 3.194324e-10
1.468354 1.825144e-10
1.493671 7.280156e-11
1.518987 3.252749e-11
1.544304 1.410184e-11
1.56962 5.414952e-12
1.594937 3.86133e-12
1.620253 1.195403e-11
1.64557 2.222949e-11
1.670886 2.451362e-11
1.696203 4.654252e-11
1.721519 1.361073e-10
1.746835 2.233347e-10
1.772152 3.511956e-10
1.797468 9.104138e-10
1.822785 1.745665e-09
1.848101 1.910225e-09
1.873418 1.132805e-09
1.898734 4.114456e-10
1.924051 1.164981e-10
1.949367 3.307317e-11
1.974684 7.070001e-12
2 1.803232e-13
