0.02531646 1
0.05063291 1
0.07594937 1
0.1012658 1
0.1265823 1
0.1518987 1
0.1772152 1
0.2025316 1
0.2278481 0.9999999
0.2531646 0.9999999
0.278481 0.9999998
0.3037975 0.9999987
0.3291139 0.9999765
0.3544304 0.9991758
0.3797468 0.9612742
0.4050633 0.8297732
0.4303797 0.09984017
0.4556962 0.4762511
0.4810127 0.9715556
0.5063291 0.9996656
0.5316456 0.9998982
0.556962 0.9932657
0.5822785 0.8881548
0.6075949 0.5110595
0.6329114 0.952695
0.6582278 0.9117374
0.6835443 0.3091784
0.7088608 0.006923357
0.7341772 0.0001092511
0.7594937 2.370963e-07
0.7848101 3.290222e-10
0.8101266 1.220782e-10
0.835443 1.762649e-10
0.8607595 1.259954e-10
0.8860759 4.88186e-11
0.9113924 1.93932e-11
0.9367089 8.459224e-12
0.9620253 3.535047e-12
0.9873418 1.398792e-12
1.012658 5.186727e-13
1.037975 1.98568e-13
1.063291 8.554059e-14
1.088608 5.194444e-14
1.113924 4.704871e-14
1.139241 4.886937e-14
1.164557 5.15671e-14
1.189873 7.743219e-14
1.21519 5.829156e-12
1.240506 1.659335e-10
1.265823 8.316179e-10
1.291139 1.347883e-09
1.316456 1.159194e-09
1.341772 8.821263e-10
1.367089 7.217818e-10
1.392405 6.859365e-10
1.417722 5.804977e-10
1.443038 3.166677e-10
1.468354 1.081697e-10
1.493671 4.451218e-11
1.518987 1.027271e-10
1.544304 2.833941e-09
1.56962 1.411535e-08
1.594937 1.594234e-08
1.620253 2.209656e-09
1.64557 2.830777e-10
1.670886 2.968287e-10
1.696203 3.507023e-10
1.721519 6.625004e-10
1.746835 1.370133e-09
1.772152 2.253965e-09
1.797468 3.565833e-09
1.822785 1.055477e-08
1.848101 2.253441e-08
1.873418 3.041637e-08
1.898734 5.941409e-09
1.924051 1.931779e-10
1.949367 7.050606e-12
1.974684 2.142783e-13
2 1.158689e-16
