0.02531646 1
0.05063291 1
0.07594937 1
0.1012658 1
0.1265823 1
0.1518987 1
0.1772152 1
0.2025316 1
0.2278481 0.9999999
0.2531646 0.9999999
0.278481 0.9999999
0.3037975 0.9999576
0.3291139 0.9982624
0.3544304 0.9933657
0.3797468 0.982276
0.4050633 0.9810859
0.4303797 0.9998898
0.4556962 0.999764
0.4810127 0.998993
0.5063291 0.9975618
0.5316456 0.9612764
0.556962 0.9852782
0.5822785 0.9995542
0.6075949 0.9995542
0.6329114 0.9994952
0.6582278 0.9994254
0.6835443 0.9918132
0.7088608 0.8759853
0.7341772 0.2256944
0.7594937 0.03713068
0.7848101 0.002165276
0.8101266 4.403746e-05
0.835443 5.202768e-06
0.8607595 2.944542e-06
0.8860759 4.832204e-06
0.9113924 1.954645e-06
0.9367089 3.246078e-07
0.9620253 8.344039e-09
0.9873418 5.230337e-09
1.012658 3.451621e-09
1.037975 2.24164e-09
1.063291 2.105076e-09
1.088608 2.923734e-09
1.113924 1.861379e-09
1.139241 3.439938e-09
1.164557 3.011998e-09
1.189873 3.276155e-08
1.21519 9.784749e-07
1.240506 4.986127e-06
1.265823 4.999666e-06
1.291139 3.180044e-06
1.316456 6.817134e-07
1.341772 4.716543e-08
1.367089 8.007676e-10
1.392405 4.692077e-10
1.417722 5.776292e-10
1.443038 2.1822e-10
1.468354 1.047479e-10
1.493671 4.284762e-11
1.518987 9.273876e-12
1.544304 4.703097e-13
1.56962 2.383719e-15
1.594937 8.754445e-16
1.620253 3.240542e-16
1.64557 1.373627e-16
1.670886 4.788254e-17
1.696203 1.471285e-17
1.721519 4.453916e-18
1.746835 1.35604e-18
1.772152 4.143955e-19
1.797468 1.271532e-19
1.822785 3.931928e-20
1.848101 1.230174e-20
1.873418 3.908125e-21
1.898734 1.265424e-21
1.924051 4.196019e-22
1.949367 1.433756e-22
1.974684 5.085351e-23
2 1.888177e-23
