0.07594937 1
0.1012658 1
0.1265823 1
0.1518987 1
0.1772152 1
0.2025316 1
0.2278481 1
0.2531646 1
0.278481 1
0.3037975 0.9999897
0.3291139 0.9993572
0.3544304 0.9837566
0.3797468 0.7502212
0.4050633 0.05513773
0.4303797 0.0005517607
0.4556962 2.552232e-05
0.4810127 3.163602e-06
0.5063291 4.009785e-07
0.5316456 4.730644e-08
0.556962 1.092319e-08
0.5822785 2.93354e-09
0.6075949 7.349102e-10
0.6329114 1.553153e-10
0.6582278 2.740764e-11
0.6835443 4.10538e-12
0.7088608 5.601051e-13
0.7341772 9.444344e-14
0.7594937 2.423169e-14
0.7848101 7.657089e-15
0.8101266 3.291291e-15
0.835443 1.879344e-15
0.8607595 1.038297e-15
0.8860759 5.355978e-16
0.9113924 2.531399e-16
0.9367089 1.085304e-16
0.9620253 4.260597e-17
0.9873418 1.590855e-17
1.012658 5.997272e-18
1.037975 2.357703e-18
1.063291 9.291828e-19
1.088608 3.409252e-19
1.113924 1.101586e-19
1.139241 3.038198e-20
1.164557 6.98421e-21
1.189873 1.302567e-21
1.21519 1.907592e-22
1.240506 2.106681e-23
1.265823 1.666384e-24
1.291139 8.823266e-26
1.316456 2.848206e-27
1.341772 4.873364e-29
1.367089 3.434714e-31
1.392405 3.218135e-34
1.417722 3.18779e-38
1.443038 2.040176e-38
1.468354 1.278907e-38
1.493671 7.817354e-39
1.518987 4.637476e-39
1.544304 2.650451e-39
1.56962 1.446404e-39
1.594937 7.469629e-40
1.620253 3.621137e-40
1.64557 1.636336e-40
1.670886 6.849096e-41
1.696203 2.63919e-41
1.721519 9.302715e-42
1.746835 2.978257e-42
1.772152 8.588757e-43
1.797468 2.208932e-43
1.822785 5.004466e-44
1.848101 9.831957e-45
1.873418 1.64089e-45
1.898734 2.261662e-46
1.924051 2.471283e-47
1.949367 2.006711e-48
1.974684 1.076211e-49
2 2.858533e-51
