0.02531646 1
0.05063291 1
0.07594937 1
0.1012658 1
0.1265823 1
0.1518987 1
0.1772152 1
0.2025316 1
0.2278481 0.9999999
0.2531646 0.999991
0.278481 0.9999945
0.3037975 0.9999999
0.3291139 1
0.3544304 1
0.3797468 1
0.4050633 0.9999867
0.4303797 0.9972374
0.4556962 0.9989041
0.4810127 0.9999652
0.5063291 0.9999816
0.5316456 0.9999816
0.556962 0.9993011
0.5822785 0.9996623
0.6075949 0.9879061
0.6329114 0.9948675
0.6582278 0.9030092
0.6835443 0.7806504
0.7088608 0.8619528
0.7341772 0.4674807
0.7594937 0.01685517
0.7848101 0.0001609391
0.8101266 6.621286e-05
0.835443 2.184978e-05
0.8607595 2.809167e-06
0.8860759 2.311238e-07
0.9113924 1.329843e-07
0.9367089 1.842613e-07
0.9620253 7.614483e-07
0.9873418 3.885212e-07
1.012658 9.948834e-07
1.037975 9.851898e-06
1.063291 5.501795e-05
1.088608 7.41314e-05
1.113924 1.635773e-05
1.139241 2.057455e-07
1.164557 2.34222e-08
1.189873 4.390385e-07
1.21519 1.092909e-06
1.240506 4.902928e-07
1.265823 7.206257e-09
1.291139 6.642347e-10
1.316456 9.730933e-10
1.341772 1.381937e-09
1.367089 1.45541e-09
1.392405 6.838591e-10
1.417722 1.128057e-10
1.443038 9.037015e-12
1.468354 6.246196e-14
1.493671 3.945696e-16
1.518987 5.824309e-17
1.544304 9.237585e-18
1.56962 1.578386e-18
1.594937 2.228448e-19
1.620253 2.733889e-20
1.64557 3.214053e-21
1.670886 3.850635e-22
1.696203 4.904017e-23
1.721519 6.907312e-24
1.746835 1.078289e-24
1.772152 1.768696e-25
1.797468 2.850502e-26
1.822785 4.31644e-27
1.848101 6.020311e-28
1.873418 7.693721e-29
1.898734 9.029491e-30
1.924051 9.811377e-31
1.949367 9.986809e-32
1.974684 9.651611e-33
2 8.686669e-34
