0.02531646 1
0.05063291 1
0.07594937 1
0.1012658 1
0.1265823 1
0.1518987 1
0.1772152 1
0.2025316 0.9999937
0.2278481 0.9993563
0.2531646 0.9849707
0.278481 0.8214446
0.3037975 0.01785876
0.3291139 0.0003979856
0.3544304 0.0001319874
0.3797468 8.666679e-06
0.4050633 1.471118e-07
0.4303797 5.070394e-09
0.4556962 4.333632e-10
0.4810127 1.42931e-10
0.5063291 6.864482e-11
0.5316456 2.400513e-11
0.556962 6.481383e-12
0.5822785 1.501289e-12
0.6075949 2.871179e-13
0.6329114 5.183363e-14
0.6582278 1.321001e-14
0.6835443 5.607834e-15
0.7088608 5.495354e-15
0.7341772 2.953234e-14
0.7594937 2.652435e-13
0.7848101 1.524659e-12
0.8101266 6.764533e-12
0.835443 1.366757e-11
0.8607595 2.487355e-11
0.8860759 1.138847e-10
0.9113924 3.249932e-10
0.9367089 1.442497e-09
0.9620253 2.069319e-08
0.9873418 8.016122e-08
1.012658 5.537392e-07
1.037975 4.885246e-06
1.063291 1.903684e-05
1.088608 1.016666e-05
1.113924 1.225351e-06
1.139241 1.430339e-07
1.164557 1.429998e-07
1.189873 1.429667e-07
1.21519 1.429331e-07
1.240506 1.428996e-07
1.265823 1.429331e-07
1.291139 1.429667e-07
1.316456 2.722384e-07
1.341772 4.608409e-06
1.367089 3.61002e-05
1.392405 4.81206e-05
1.417722 3.733478e-05
1.443038 1.181793e-05
1.468354 1.346255e-06
1.493671 2.359382e-07
1.518987 2.358115e-07
1.544304 2.356946e-07
1.56962 2.35578e-07
1.594937 2.354615e-07
1.620253 4.004488e-07
1.64557 5.885034e-06
1.670886 0.0001765131
1.696203 0.0004404037
1.721519 0.000313353
1.746835 9.463894e-05
1.772152 1.383182e-05
1.797468 1.049821e-06
1.822785 1.216528e-07
1.848101 6.931918e-07
1.873418 1.166373e-05
1.898734 0.0001151065
1.924051 0.0002076076
1.949367 0.0001126462
1.974684 2.567828e-05
2 1.515299e-06
