0.4556962 1
0.4810127 1
0.5063291 1
0.5316456 1
0.556962 1
0.5822785 1
0.6075949 1
0.6329114 1
0.6582278 1
0.6835443 1
0.7088608 0.9999965
0.7341772 0.9985202
0.7594937 0.9258943
0.7848101 0.4203972
0.8101266 0.03643838
0.835443 0.001121636
0.8607595 3.914737e-05
0.8860759 1.580041e-06
0.9113924 7.757024e-08
0.9367089 2.030607e-09
0.9620253 5.320178e-11
0.9873418 2.722844e-12
1.012658 1.711832e-13
1.037975 9.055149e-15
1.063291 1.194102e-15
1.088608 2.545329e-16
1.113924 4.269779e-17
1.139241 5.535051e-18
1.164557 5.407845e-19
1.189873 3.85153e-20
1.21519 1.900166e-21
1.240506 6.004587e-23
1.265823 1.091767e-24
1.291139 9.871578e-27
1.316456 3.793586e-29
1.341772 5.065333e-32
1.367089 2.003082e-35
1.392405 2.099901e-39
1.417722 6.177861e-44
1.443038 5.516704e-49
1.468354 1.70122e-54
1.493671 4.305358e-60
1.518987 1.784834e-65
1.544304 6.888384e-68
1.56962 3.164146e-69
1.594937 1.455162e-70
1.620253 7.141656e-72
1.64557 3.792643e-73
1.670886 2.080986e-74
1.696203 1.126516e-75
1.721519 5.951608e-77
1.746835 3.112007e-78
1.772152 1.626357e-79
1.797468 8.356268e-81
1.822785 4.061864e-82
1.848101 1.790827e-83
1.873418 6.903727e-85
1.898734 2.248851e-86
1.924051 5.941861e-88
1.949367 1.196727e-89
1.974684 1.637786e-91
2 1.14477e-93
