0.5063291 1
0.5316456 1
0.556962 1
0.5822785 1
0.6075949 1
0.6329114 1
0.6582278 1
0.6835443 1
0.7088608 1
0.7341772 1
0.7594937 1
0.7848101 0.9999973
0.8101266 0.9988169
0.835443 0.9379041
0.8607595 0.45625
0.8860759 0.02314398
0.9113924 0.001647289
0.9367089 8.889056e-05
0.9620253 2.844856e-06
0.9873418 6.910526e-08
1.012658 1.621968e-09
1.037975 3.239028e-11
1.063291 1.15814e-12
1.088608 5.045465e-14
1.113924 2.719186e-15
1.139241 5.299174e-16
1.164557 9.713155e-17
1.189873 1.441516e-17
1.21519 1.697131e-18
1.240506 1.520423e-19
1.265823 9.838197e-21
1.291139 4.320834e-22
1.316456 1.209255e-23
1.341772 1.985463e-25
1.367089 1.707418e-27
1.392405 7.060388e-30
1.417722 1.381948e-32
1.443038 1.325954e-35
1.468354 6.732657e-39
1.493671 2.152068e-42
1.518987 4.93036e-46
1.544304 7.515505e-50
1.56962 6.631139e-54
1.594937 2.899468e-58
1.620253 4.556392e-63
1.64557 1.793471e-68
1.670886 5.875109e-71
1.696203 3.013059e-72
1.721519 1.401987e-73
1.746835 5.896416e-75
1.772152 2.289461e-76
1.797468 8.556176e-78
1.822785 3.185714e-79
1.848101 1.169573e-80
1.873418 4.008202e-82
1.898734 1.199179e-83
1.924051 2.93905e-85
1.949367 5.494106e-87
1.974684 6.986925e-89
2 4.576935e-91
