0.02531646 0.9999998
0.05063291 1
0.07594937 1
0.1012658 1
0.1265823 1
0.1518987 1
0.1772152 1
0.2025316 1
0.2278481 0.9999925
0.2531646 0.9999197
0.278481 0.9987176
0.3037975 0.9760847
0.3291139 0.9773601
0.3544304 0.1288304
0.3797468 0.5935139
0.4050633 0.02216491
0.4303797 0.01963773
0.4556962 0.174052
0.4810127 0.8127074
0.5063291 0.9681557
0.5316456 0.6157884
0.556962 0.04045631
0.5822785 0.001301477
0.6075949 6.475059e-05
0.6329114 3.069723e-06
0.6582278 1.158907e-07
0.6835443 4.268559e-09
0.7088608 4.268559e-09
0.7341772 4.268559e-09
0.7594937 4.268559e-09
0.7848101 4.268559e-09
0.8101266 4.268559e-09
0.835443 4.831803e-09
0.8607595 1.284737e-08
0.8860759 5.747997e-08
0.9113924 5.877752e-08
0.9367089 2.286697e-07
0.9620253 1.968945e-06
0.9873418 6.456479e-05
1.012658 0.000227115
1.037975 0.000227115
1.063291 8.617315e-05
1.088608 1.308553e-05
1.113924 9.075908e-07
1.139241 1.808968e-08
1.164557 1.094105e-09
1.189873 1.094105e-09
1.21519 1.157726e-09
1.240506 1.174956e-09
1.265823 1.141644e-09
1.291139 1.092198e-09
1.316456 1.086577e-09
1.341772 1.181911e-09
1.367089 3.842901e-09
1.392405 7.970604e-09
1.417722 5.256642e-09
1.443038 2.39278e-09
1.468354 6.00915e-10
1.493671 1.098987e-10
1.518987 6.297066e-11
1.544304 4.575285e-11
1.56962 3.329495e-11
1.594937 2.752604e-11
1.620253 2.769019e-11
1.64557 3.069135e-11
1.670886 3.808765e-11
1.696203 5.185751e-11
1.721519 7.478838e-11
1.746835 1.092425e-10
1.772152 1.503937e-10
1.797468 1.781793e-10
1.822785 1.768751e-10
1.848101 1.564885e-10
1.873418 1.295278e-10
1.898734 9.413153e-11
1.924051 5.336095e-11
1.949367 2.157131e-11
1.974684 1.024087e-11
2 1.278106e-11
