0.7594937 1
0.7848101 1
0.8101266 1
0.835443 1
0.8607595 1
0.8860759 1
0.9113924 1
0.9367089 1
0.9620253 1
0.9873418 1
1.012658 1
1.037975 1
1.063291 1
1.088608 1
1.113924 1
1.139241 1
1.164557 1
1.189873 1
1.21519 1
1.240506 0.9999998
1.265823 0.9998094
1.291139 0.9808431
1.316456 0.6956539
1.341772 0.07405943
1.367089 0.002043984
1.392405 7.266787e-05
1.417722 1.513278e-06
1.443038 4.679924e-08
1.468354 1.955974e-10
1.493671 8.642854e-13
1.518987 1.473412e-14
1.544304 9.107248e-16
1.56962 1.128621e-16
1.594937 9.464351e-18
1.620253 1.259949e-18
1.64557 2.636144e-19
1.670886 4.614231e-20
1.696203 7.16112e-21
1.721519 9.103259e-22
1.746835 8.123602e-23
1.772152 4.234374e-24
1.797468 1.033332e-25
1.822785 8.972141e-28
1.848101 1.979352e-30
1.873418 6.859263e-34
1.898734 1.664686e-38
1.924051 6.70093e-45
1.949367 8.182077e-48
1.974684 3.028803e-50
2 2.852186e-56
