0.5063291 1
0.5316456 1
0.556962 1
0.5822785 1
0.6075949 1
0.6329114 1
0.6582278 1
0.6835443 1
0.7088608 1
0.7341772 1
0.7594937 1
0.7848101 1
0.8101266 1
0.835443 1
0.8607595 1
0.8860759 1
0.9113924 1
0.9367089 1
0.9620253 1
0.9873418 1
1.012658 1
1.037975 1
1.063291 1
1.088608 1
1.113924 1
1.139241 1
1.164557 1
1.189873 1
1.21519 1
1.240506 1
1.265823 1
1.291139 1
1.316456 1
1.341772 0.9999999
1.367089 0.9999558
1.392405 0.9968129
1.417722 0.9388557
1.443038 0.4033261
1.468354 0.03638435
1.493671 0.0006209253
1.518987 3.390659e-06
1.544304 1.771552e-08
1.56962 4.681718e-11
1.594937 3.154664e-14
1.620253 5.978233e-16
1.64557 6.356877e-17
1.670886 2.138077e-17
1.696203 5.342351e-18
1.721519 1.277401e-18
1.746835 3.430001e-19
1.772152 1.044353e-19
1.797468 3.3132e-20
1.822785 1.017552e-20
1.848101 2.900967e-21
1.873418 7.542471e-22
1.898734 1.784738e-22
1.924051 3.849346e-23
1.949367 7.496526e-24
1.974684 1.269313e-24
2 1.629572e-25
