0.02531646 1
0.05063291 1
0.07594937 1
0.1012658 1
0.1265823 1
0.1518987 1
0.1772152 1
0.2025316 0.999999
0.2278481 0.9999972
0.2531646 0.9999995
0.278481 0.9999935
0.3037975 0.999643
0.3291139 0.995503
0.3544304 0.9959786
0.3797468 0.994994
0.4050633 0.9999366
0.4303797 0.999899
0.4556962 0.9279826
0.4810127 0.9044541
0.5063291 0.820616
0.5316456 0.9777448
0.556962 0.991731
0.5822785 0.9962898
0.6075949 0.9961973
0.6329114 0.9889083
0.6582278 0.9258626
0.6835443 0.6713561
0.7088608 0.6870179
0.7341772 0.5601232
0.7594937 0.01323624
0.7848101 7.571355e-05
0.8101266 7.751922e-06
0.835443 3.456097e-06
0.8607595 2.414032e-06
0.8860759 1.63205e-06
0.9113924 6.22674e-07
0.9367089 8.059926e-08
0.9620253 5.79303e-09
0.9873418 3.984251e-08
1.012658 5.721966e-07
1.037975 2.615791e-06
1.063291 1.2649e-05
1.088608 9.51652e-06
1.113924 1.395845e-06
1.139241 7.471995e-09
1.164557 8.543279e-09
1.189873 8.096667e-08
1.21519 1.681746e-06
1.240506 1.783004e-05
1.265823 1.329492e-05
1.291139 2.086455e-06
1.316456 7.135476e-08
1.341772 8.915295e-08
1.367089 4.267305e-07
1.392405 1.113195e-06
1.417722 2.6321e-06
1.443038 1.117488e-05
1.468354 4.591611e-06
1.493671 1.148086e-06
1.518987 1.33554e-07
1.544304 1.14427e-09
1.56962 1.5561e-11
1.594937 8.455239e-12
1.620253 4.099734e-12
1.64557 1.354981e-12
1.670886 2.10635e-13
1.696203 1.061961e-14
1.721519 1.520018e-15
1.746835 7.742183e-16
1.772152 5.154983e-16
1.797468 3.287402e-16
1.822785 2.058088e-16
1.848101 1.228082e-16
1.873418 6.955778e-17
1.898734 3.772749e-17
1.924051 1.967106e-17
1.949367 9.761543e-18
1.974684 4.359679e-18
2 1.388941e-18
