0.7341772 1
0.7594937 1
0.7848101 1
0.8101266 1
0.835443 1
0.8607595 1
0.8860759 1
0.9113924 1
0.9367089 1
0.9620253 1
0.9873418 1
1.012658 1
1.037975 1
1.063291 1
1.088608 1
1.113924 1
1.139241 1
1.164557 1
1.189873 1
1.21519 0.9999955
1.240506 0.9986572
1.265823 0.9386591
1.291139 0.4616941
1.316456 0.01438687
1.341772 0.0004320175
1.367089 1.740669e-05
1.392405 3.430048e-07
1.417722 5.780167e-09
1.443038 7.260841e-11
1.468354 7.233672e-13
1.493671 1.212231e-14
1.518987 1.045349e-15
1.544304 1.699286e-16
1.56962 1.875407e-17
1.594937 1.641209e-18
1.620253 2.365277e-19
1.64557 4.374151e-20
1.670886 6.625115e-21
1.696203 8.182297e-22
1.721519 7.480385e-23
1.746835 4.362627e-24
1.772152 1.346685e-25
1.797468 1.736771e-27
1.822785 6.939803e-30
1.848101 5.846847e-33
1.873418 5.698763e-37
1.898734 2.468747e-42
1.924051 4.028032e-48
1.949367 4.041422e-50
1.974684 2.048923e-53
2 8.245265e-62
