0.2278481 1
0.2531646 1
0.278481 1
0.3037975 1
0.3291139 1
0.3544304 1
0.3797468 1
0.4050633 1
0.4303797 1
0.4556962 0.9999998
0.4810127 0.9999488
0.5063291 0.9978303
0.5316456 0.9920144
0.556962 0.7914079
0.5822785 0.1285828
0.6075949 0.006346508
0.6329114 0.0001122751
0.6582278 4.38763e-06
0.6835443 3.225541e-07
0.7088608 1.763582e-08
0.7341772 8.604259e-10
0.7594937 5.3282e-11
0.7848101 5.263525e-12
0.8101266 7.712549e-13
0.835443 9.519921e-14
0.8607595 9.566376e-15
0.8860759 1.579918e-15
0.9113924 4.867077e-16
0.9367089 2.599155e-16
0.9620253 1.148095e-16
0.9873418 4.137369e-17
1.012658 1.234624e-17
1.037975 3.076154e-18
1.063291 6.404851e-19
1.088608 1.105097e-19
1.113924 1.54609e-20
1.139241 1.677269e-21
1.164557 1.285754e-22
1.189873 5.5046e-24
1.21519 3.488647e-26
1.240506 2.667356e-39
1.265823 1.301512e-43
1.291139 2.305835e-48
1.316456 6.536506e-49
1.341772 9.886475e-49
1.367089 1.245283e-48
1.392405 1.325982e-48
1.417722 1.209051e-48
1.443038 9.548589e-49
1.468354 6.598645e-49
1.493671 4.026503e-49
1.518987 2.186579e-49
1.544304 1.063653e-49
1.56962 4.658689e-50
1.594937 1.844077e-50
1.620253 6.612542e-51
1.64557 2.150157e-51
1.670886 6.337988e-52
1.696203 1.690864e-52
1.721519 4.070523e-53
1.746835 8.803336e-54
1.772152 1.699979e-54
1.797468 2.907364e-55
1.822785 4.356412e-56
1.848101 5.637304e-57
1.873418 6.177687e-58
1.898734 5.578415e-59
1.924051 3.987205e-60
1.949367 2.115803e-61
1.974684 7.411857e-63
2 1.285838e-64
