0.07594937 1
0.1012658 1
0.1265823 1
0.1518987 1
0.1772152 1
0.2025316 1
0.2278481 1
0.2531646 1
0.278481 1
0.3037975 1
0.3291139 1
0.3544304 1
0.3797468 1
0.4050633 1
0.4303797 1
0.4556962 1
0.4810127 1
0.5063291 0.9999911
0.5316456 0.9973321
0.556962 0.8992063
0.5822785 0.3469151
0.6075949 0.0138779
0.6329114 0.000303742
0.6582278 6.988359e-06
0.6835443 2.025515e-07
0.7088608 1.27829e-07
0.7341772 4.433062e-07
0.7594937 1.205781e-07
0.7848101 2.56159e-09
0.8101266 2.915931e-11
0.835443 6.952805e-12
0.8607595 5.039691e-12
0.8860759 2.09414e-12
0.9113924 2.866497e-13
0.9367089 4.028027e-14
0.9620253 7.157308e-15
0.9873418 1.95518e-15
1.012658 7.527483e-16
1.037975 2.330558e-16
1.063291 7.521831e-17
1.088608 3.608169e-17
1.113924 1.956432e-17
1.139241 9.482128e-18
1.164557 4.016487e-18
1.189873 1.456465e-18
1.21519 4.405984e-19
1.240506 1.075257e-19
1.265823 2.016374e-20
1.291139 2.690773e-21
1.316456 2.248518e-22
1.341772 9.186394e-24
1.367089 8.521735e-26
1.392405 2.272154e-31
1.417722 3.677369e-37
1.443038 1.758371e-37
1.468354 7.054461e-38
1.493671 2.351641e-38
1.518987 6.466107e-39
1.544304 1.45994e-39
1.56962 2.703697e-40
1.594937 4.123964e-41
1.620253 5.280925e-42
1.64557 6.114549e-43
1.670886 7.990787e-44
1.696203 1.528741e-44
1.721519 3.768916e-45
1.746835 9.213284e-46
1.772152 1.999281e-46
1.797468 3.723872e-47
1.822785 5.857173e-48
1.848101 7.659004e-49
1.873418 8.16425e-50
1.898734 6.907397e-51
1.924051 4.463146e-52
1.949367 2.072797e-53
1.974684 6.189639e-55
2 8.997869e-57
