0.556962 1
0.5822785 1
0.6075949 1
0.6329114 1
0.6582278 1
0.6835443 1
0.7088608 1
0.7341772 1
0.7594937 1
0.7848101 1
0.8101266 1
0.835443 1
0.8607595 1
0.8860759 1
0.9113924 1
0.9367089 1
0.9620253 1
0.9873418 1
1.012658 1
1.037975 1
1.063291 1
1.088608 1
1.113924 1
1.139241 1
1.164557 1
1.189873 1
1.21519 1
1.240506 1
1.265823 1
1.291139 1
1.316456 1
1.341772 0.9999991
1.367089 0.9996052
1.392405 0.9709748
1.417722 0.627313
1.443038 0.05794079
1.468354 0.002135915
1.493671 3.63471e-05
1.518987 1.457766e-07
1.544304 5.985321e-10
1.56962 1.674017e-12
1.594937 4.149938e-15
1.620253 2.58559e-16
1.64557 3.401943e-17
1.670886 1.124967e-17
1.696203 2.988804e-18
1.721519 7.859784e-19
1.746835 2.268289e-19
1.772152 7.040202e-20
1.797468 2.144965e-20
1.822785 6.035554e-21
1.848101 1.515678e-21
1.873418 3.39222e-22
1.898734 6.901099e-23
1.924051 1.316631e-23
1.949367 2.332781e-24
1.974684 2.659494e-25
2 2.246161e-27
