0.5316456 1
0.556962 1
0.5822785 1
0.6075949 1
0.6329114 1
0.6582278 1
0.6835443 1
0.7088608 1
0.7341772 1
0.7594937 1
0.7848101 1
0.8101266 0.9999997
0.835443 0.9997835
0.8607595 0.9782623
0.8860759 0.670817
0.9113924 0.08847006
0.9367089 0.003142387
0.9620253 0.0001405587
0.9873418 4.60558e-06
1.012658 1.38258e-07
1.037975 3.039642e-09
1.063291 5.500203e-11
1.088608 1.476892e-12
1.113924 5.82515e-14
1.139241 2.875615e-15
1.164557 5.587694e-16
1.189873 1.059711e-16
1.21519 1.672466e-17
1.240506 2.148281e-18
1.265823 2.159034e-19
1.291139 1.606639e-20
1.316456 8.3285e-22
1.341772 2.840007e-23
1.367089 6.119687e-25
1.392405 7.920962e-27
1.417722 5.936095e-29
1.443038 2.623904e-31
1.468354 7.039213e-34
1.493671 1.157152e-36
1.518987 1.257007e-39
1.544304 1.033744e-42
1.56962 6.193107e-46
1.594937 2.024765e-49
1.620253 2.200618e-53
1.64557 3.102025e-58
1.670886 1.090089e-63
1.696203 3.795972e-70
1.721519 1.926821e-71
1.746835 1.021912e-72
1.772152 5.340953e-74
1.797468 2.605193e-75
1.822785 1.125012e-76
1.848101 4.148941e-78
1.873418 1.276464e-79
1.898734 3.214422e-81
1.924051 6.477622e-83
1.949367 1.004806e-84
1.974684 1.097516e-86
2 6.471144e-89
