0.07594937 1
0.1012658 1
0.1265823 1
0.1518987 1
0.1772152 1
0.2025316 1
0.2278481 1
0.2531646 1
0.278481 1
0.3037975 1
0.3291139 1
0.3544304 1
0.3797468 1
0.4050633 1
0.4303797 1
0.4556962 1
0.4810127 1
0.5063291 0.9999935
0.5316456 0.9979929
0.556962 0.9183567
0.5822785 0.4100124
0.6075949 0.016437
0.6329114 0.0003988555
0.6582278 1.222716e-05
0.6835443 5.138332e-07
0.7088608 6.022354e-08
0.7341772 1.819455e-08
0.7594937 3.431772e-09
0.7848101 2.620146e-10
0.8101266 2.164471e-11
0.835443 5.770383e-12
0.8607595 3.621908e-12
0.8860759 1.136071e-12
0.9113924 1.414168e-13
0.9367089 2.097802e-14
0.9620253 4.327666e-15
0.9873418 1.554428e-15
1.012658 5.867183e-16
1.037975 1.835341e-16
1.063291 6.244238e-17
1.088608 3.051981e-17
1.113924 1.624973e-17
1.139241 7.714173e-18
1.164557 3.194797e-18
1.189873 1.130812e-18
1.21519 3.334074e-19
1.240506 7.913806e-20
1.265823 1.438508e-20
1.291139 1.852192e-21
1.316456 1.485443e-22
1.341772 5.784374e-24
1.367089 5.025258e-26
1.392405 2.139793e-31
1.417722 3.276244e-37
1.443038 1.490806e-37
1.468354 5.684919e-38
1.493671 1.79996e-38
1.518987 4.700219e-39
1.544304 1.008624e-39
1.56962 1.779915e-40
1.594937 2.609186e-41
1.620253 3.312318e-42
1.64557 4.20407e-43
1.670886 7.068131e-44
1.696203 1.67962e-44
1.721519 4.368391e-45
1.746835 1.046717e-45
1.772152 2.186947e-46
1.797468 3.909312e-47
1.822785 5.902314e-48
1.848101 7.419392e-49
1.873418 7.622085e-50
1.898734 6.239384e-51
1.924051 3.923434e-52
1.949367 1.787791e-53
1.974684 5.293214e-55
2 7.721044e-57
