0.4810127 1
0.5063291 1
0.5316456 1
0.556962 1
0.5822785 1
0.6075949 1
0.6329114 1
0.6582278 1
0.6835443 1
0.7088608 1
0.7341772 0.9999788
0.7594937 0.9944787
0.7848101 0.8241315
0.8101266 0.1516264
0.835443 0.0134569
0.8607595 0.0005557733
0.8860759 2.85922e-05
0.9113924 9.063995e-07
0.9367089 3.191238e-08
0.9620253 8.203859e-10
0.9873418 2.161404e-11
1.012658 1.178179e-12
1.037975 6.407024e-14
1.063291 3.603289e-15
1.088608 6.791162e-16
1.113924 1.298993e-16
1.139241 1.955236e-17
1.164557 2.26676e-18
1.189873 1.964151e-19
1.21519 1.222789e-20
1.240506 5.139469e-22
1.265823 1.335819e-23
1.291139 1.903583e-25
1.316456 1.275059e-27
1.341772 3.441865e-30
1.367089 3.126049e-33
1.392405 8.792531e-37
1.417722 7.791349e-41
1.443038 2.569044e-45
1.468354 3.363567e-50
1.493671 2.163439e-55
1.518987 1.150502e-60
1.544304 6.88972e-66
1.56962 1.38577e-68
1.594937 6.409629e-70
1.620253 2.899334e-71
1.64557 1.381757e-72
1.670886 7.303925e-74
1.696203 4.149253e-75
1.721519 2.352276e-76
1.746835 1.259626e-77
1.772152 6.220821e-79
1.797468 2.83052e-80
1.822785 1.202855e-81
1.848101 4.849992e-83
1.873418 1.85232e-84
1.898734 6.477773e-86
1.924051 1.944579e-87
1.949367 4.576176e-89
1.974684 7.358953e-91
2 5.992965e-93
