0.4556962 1
0.4810127 1
0.5063291 1
0.5316456 1
0.556962 1
0.5822785 1
0.6075949 1
0.6329114 1
0.6582278 1
0.6835443 1
0.7088608 1
0.7341772 1
0.7594937 1
0.7848101 1
0.8101266 1
0.835443 1
0.8607595 1
0.8860759 1
0.9113924 1
0.9367089 1
0.9620253 1
0.9873418 1
1.012658 1
1.037975 1
1.063291 1
1.088608 1
1.113924 1
1.139241 1
1.164557 1
1.189873 1
1.21519 1
1.240506 1
1.265823 1
1.291139 1
1.316456 1
1.341772 0.9999999
1.367089 0.9999877
1.392405 0.9979282
1.417722 0.9138255
1.443038 0.377535
1.468354 0.01347746
1.493671 0.0004595983
1.518987 9.310793e-06
1.544304 2.607672e-08
1.56962 1.747671e-11
1.594937 1.126726e-14
1.620253 9.254928e-16
1.64557 1.8625e-17
1.670886 3.336822e-18
1.696203 1.691245e-18
1.721519 7.735701e-19
1.746835 3.110655e-19
1.772152 1.083408e-19
1.797468 3.291849e-20
1.822785 8.769149e-21
1.848101 2.117366e-21
1.873418 4.733814e-22
1.898734 1.015912e-22
1.924051 2.103984e-23
1.949367 3.765733e-24
1.974684 4.046681e-25
2 5.69237e-27
