0.02531646 1
0.05063291 1
0.07594937 1
0.1012658 1
0.1265823 1
0.1518987 1
0.1772152 1
0.2025316 0.999983
0.2278481 0.997853
0.2531646 0.9613429
0.278481 0.7144057
0.3037975 0.00593366
0.3291139 0.001817829
0.3544304 0.0001411925
0.3797468 6.104275e-06
0.4050633 1.095505e-06
0.4303797 9.326969e-08
0.4556962 2.557197e-09
0.4810127 2.634677e-10
0.5063291 4.403179e-10
0.5316456 7.55735e-10
0.556962 7.62334e-10
0.5822785 7.052309e-10
0.6075949 9.670308e-10
0.6329114 1.276878e-09
0.6582278 1.800733e-09
0.6835443 1.390336e-08
0.7088608 4.209526e-07
0.7341772 7.133193e-06
0.7594937 4.005581e-05
0.7848101 7.082447e-05
0.8101266 0.0001075683
0.835443 0.000438732
0.8607595 0.001234409
0.8860759 0.0008924523
0.9113924 0.000274699
0.9367089 6.092502e-05
0.9620253 2.903882e-05
0.9873418 1.849862e-05
1.012658 9.193318e-06
1.037975 5.439045e-06
1.063291 5.342759e-06
1.088608 5.334964e-06
1.113924 5.334297e-06
1.139241 3.750453e-05
1.164557 6.112588e-05
1.189873 3.295176e-05
1.21519 2.650965e-05
1.240506 7.356306e-05
1.265823 0.0005745559
1.291139 0.00165045
1.316456 0.001694265
1.341772 0.001542457
1.367089 0.0007234824
1.392405 0.0001482014
1.417722 7.374844e-06
1.443038 2.445467e-06
1.468354 2.413934e-05
1.493671 0.0003162874
1.518987 0.0007905019
1.544304 0.0007926777
1.56962 0.0003701993
1.594937 4.966496e-05
1.620253 5.971973e-06
1.64557 1.983579e-05
1.670886 6.637636e-05
1.696203 6.08303e-05
1.721519 2.695963e-05
1.746835 4.599986e-06
1.772152 3.781051e-07
1.797468 2.048063e-07
1.822785 9.976628e-07
1.848101 2.86491e-06
1.873418 1.971742e-06
1.898734 5.219187e-07
1.924051 3.63077e-08
1.949367 5.58226e-10
1.974684 2.763365e-10
2 3.458753e-10
