0.05063291 1
0.07594937 1
0.1012658 1
0.1265823 1
0.1518987 1
0.1772152 1
0.2025316 1
0.2278481 1
0.2531646 0.9999994
0.278481 0.9996633
0.3037975 0.9768639
0.3291139 0.7203826
0.3544304 0.1192171
0.3797468 0.002062275
0.4050633 9.864783e-05
0.4303797 4.962417e-06
0.4556962 1.747075e-07
0.4810127 1.97161e-08
0.5063291 3.501401e-09
0.5316456 5.735956e-10
0.556962 1.751242e-10
0.5822785 4.998225e-11
0.6075949 9.598818e-12
0.6329114 1.423441e-12
0.6582278 1.795256e-13
0.6835443 2.541988e-14
0.7088608 6.867471e-15
0.7341772 3.523813e-15
0.7594937 2.117457e-15
0.7848101 1.223661e-15
0.8101266 6.612924e-16
0.835443 3.327275e-16
0.8607595 1.541679e-16
0.8860759 6.505129e-17
0.9113924 2.484575e-17
0.9367089 8.620136e-18
0.9620253 2.76263e-18
0.9873418 8.408952e-19
1.012658 2.484329e-19
1.037975 7.061251e-20
1.063291 1.853307e-20
1.088608 4.279168e-21
1.113924 8.379805e-22
1.139241 1.359195e-22
1.164557 1.792655e-23
1.189873 1.88613e-24
1.21519 1.550315e-25
1.240506 9.729138e-27
1.265823 4.552607e-28
1.291139 1.686132e-29
1.316456 2.3885e-30
1.341772 2.461208e-30
1.367089 2.799219e-30
1.392405 3.016689e-30
1.417722 3.075618e-30
1.443038 2.966797e-30
1.468354 2.707096e-30
1.493671 2.335194e-30
1.518987 1.902424e-30
1.544304 1.46158e-30
1.56962 1.056875e-30
1.594937 7.175315e-31
1.620253 4.559961e-31
1.64557 2.702738e-31
1.670886 1.487614e-31
1.696203 7.564826e-32
1.721519 3.532692e-32
1.746835 1.504173e-32
1.772152 5.789639e-33
1.797468 1.993682e-33
1.822785 6.063842e-34
1.848101 1.602885e-34
1.873418 3.605501e-35
1.898734 6.706491e-36
1.924051 9.898047e-37
1.949367 1.08614e-37
1.974684 7.873021e-39
2 2.826034e-40
