0.4303797 1
0.4556962 1
0.4810127 1
0.5063291 1
0.5316456 1
0.556962 1
0.5822785 1
0.6075949 1
0.6329114 1
0.6582278 0.9999999
0.6835443 0.9998254
0.7088608 0.9768933
0.7341772 0.6150084
0.7594937 0.03567833
0.7848101 0.005574069
0.8101266 0.0001834685
0.835443 2.144571e-05
0.8607595 5.63543e-07
0.8860759 2.52613e-08
0.9113924 5.344063e-10
0.9367089 1.674317e-11
0.9620253 1.240225e-12
0.9873418 8.446441e-14
1.012658 5.346576e-15
1.037975 9.659988e-16
1.063291 2.087687e-16
1.088608 3.531899e-17
1.113924 4.583995e-18
1.139241 4.458766e-19
1.164557 3.142443e-20
1.189873 1.520557e-21
1.21519 4.686923e-23
1.240506 8.298163e-25
1.265823 7.318245e-27
1.291139 2.724501e-29
1.316456 3.434888e-32
1.341772 1.230349e-35
1.367089 9.429456e-40
1.392405 1.576662e-44
1.417722 4.966011e-50
1.443038 4.501935e-56
1.468354 7.171377e-62
1.493671 4.443012e-66
1.518987 1.942741e-67
1.544304 8.707358e-69
1.56962 4.066139e-70
1.594937 2.028667e-71
1.620253 1.055023e-72
1.64557 5.525486e-74
1.670886 2.866647e-75
1.696203 1.46842e-76
1.721519 7.44995e-78
1.746835 3.776615e-79
1.772152 1.923942e-80
1.797468 9.718729e-82
1.822785 4.701601e-83
1.848101 2.088799e-84
1.873418 8.203822e-86
1.898734 2.749079e-87
1.924051 7.537046e-89
1.949367 1.58688e-90
1.974684 2.283342e-92
2 1.684512e-94
