0.3291139 1
0.3544304 1
0.3797468 1
0.4050633 1
0.4303797 1
0.4556962 1
0.4810127 1
0.5063291 0.9999999
0.5316456 0.9999987
0.556962 0.9999794
0.5822785 0.9997432
0.6075949 0.9971232
0.6329114 0.9430696
0.6582278 0.3352055
0.6835443 0.02608734
0.7088608 0.0004977884
0.7341772 2.78492e-06
0.7594937 6.178981e-09
0.7848101 1.28025e-10
0.8101266 8.711576e-11
0.835443 3.666477e-11
0.8607595 6.693208e-12
0.8860759 6.084342e-13
0.9113924 4.433867e-14
0.9367089 5.86732e-15
0.9620253 1.440536e-15
0.9873418 6.043764e-16
1.012658 3.881989e-16
1.037975 2.333962e-16
1.063291 1.293522e-16
1.088608 6.550642e-17
1.113924 3.013702e-17
1.139241 1.252075e-17
1.164557 4.660177e-18
1.189873 1.536099e-18
1.21519 4.408063e-19
1.240506 1.071922e-19
1.265823 2.106914e-20
1.291139 3.064981e-21
1.316456 2.711153e-22
1.341772 6.663277e-24
1.367089 4.681581e-45
1.392405 1.111299e-44
1.417722 2.091463e-44
1.443038 3.101928e-44
1.468354 3.748198e-44
1.493671 3.775594e-44
1.518987 3.224941e-44
1.544304 2.367129e-44
1.56962 1.509196e-44
1.594937 8.430601e-45
1.620253 4.15464e-45
1.64557 1.815467e-45
1.670886 7.058193e-46
1.696203 2.445487e-46
1.721519 7.549998e-47
1.746835 2.072848e-47
1.772152 5.040432e-48
1.797468 1.078621e-48
1.822785 2.012574e-49
1.848101 3.232128e-50
1.873418 4.387434e-51
1.898734 4.905094e-52
1.924051 4.344037e-53
1.949367 2.861644e-54
1.974684 1.248111e-55
2 2.70629e-57
