0.5063291 1
0.5316456 1
0.556962 1
0.5822785 1
0.6075949 1
0.6329114 1
0.6582278 1
0.6835443 1
0.7088608 1
0.7341772 1
0.7594937 1
0.7848101 1
0.8101266 1
0.835443 1
0.8607595 1
0.8860759 1
0.9113924 1
0.9367089 1
0.9620253 1
0.9873418 1
1.012658 1
1.037975 1
1.063291 1
1.088608 1
1.113924 1
1.139241 1
1.164557 1
1.189873 1
1.21519 1
1.240506 1
1.265823 1
1.291139 1
1.316456 1
1.341772 0.9999999
1.367089 0.9999145
1.392405 0.9932903
1.417722 0.8648519
1.443038 0.2429062
1.468354 0.0142862
1.493671 0.0002027846
1.518987 1.988604e-06
1.544304 1.345056e-08
1.56962 2.268758e-11
1.594937 8.240319e-15
1.620253 4.88577e-16
1.64557 5.321478e-17
1.670886 1.051583e-17
1.696203 1.933957e-18
1.721519 4.866339e-19
1.746835 1.518065e-19
1.772152 4.682147e-20
1.797468 1.306226e-20
1.822785 3.216485e-21
1.848101 6.717528e-22
1.873418 1.12614e-22
1.898734 1.442015e-23
1.924051 1.366628e-24
1.949367 9.297089e-26
1.974684 4.5151e-27
2 9.679725e-29
