0.02531646 1
0.05063291 1
0.07594937 1
0.1012658 1
0.1265823 1
0.1518987 1
0.1772152 1
0.2025316 1
0.2278481 0.9999997
0.2531646 0.9999944
0.278481 0.9999988
0.3037975 0.9999898
0.3291139 0.9999425
0.3544304 0.9993167
0.3797468 0.9942525
0.4050633 0.9927754
0.4303797 0.9986693
0.4556962 0.9988866
0.4810127 0.9983265
0.5063291 0.9878196
0.5316456 0.9986471
0.556962 0.9961886
0.5822785 0.9871823
0.6075949 0.9914689
0.6329114 0.9973402
0.6582278 0.99927
0.6835443 0.9842792
0.7088608 0.8375406
0.7341772 0.1912614
0.7594937 0.05105338
0.7848101 0.003473725
0.8101266 8.063878e-05
0.835443 7.899145e-06
0.8607595 1.66486e-05
0.8860759 1.889782e-05
0.9113924 1.145322e-05
0.9367089 9.788224e-07
0.9620253 1.246962e-08
0.9873418 1.077177e-09
1.012658 3.839579e-09
1.037975 5.347491e-09
1.063291 4.155002e-09
1.088608 1.737961e-09
1.113924 1.797709e-09
1.139241 6.335782e-09
1.164557 2.850423e-09
1.189873 6.264715e-09
1.21519 1.609286e-08
1.240506 1.739635e-07
1.265823 2.581745e-06
1.291139 2.574802e-06
1.316456 9.19189e-07
1.341772 1.401836e-07
1.367089 1.582734e-08
1.392405 5.215042e-10
1.417722 3.528223e-10
1.443038 2.966935e-10
1.468354 1.090636e-10
1.493671 5.065981e-11
1.518987 1.649324e-11
1.544304 2.708647e-12
1.56962 4.62432e-14
1.594937 1.097725e-15
1.620253 5.25379e-16
1.64557 2.736237e-16
1.670886 1.10852e-16
1.696203 3.712786e-17
1.721519 1.215156e-17
1.746835 4.04219e-18
1.772152 1.356625e-18
1.797468 4.569366e-19
1.822785 1.54416e-19
1.848101 5.244233e-20
1.873418 1.795671e-20
1.898734 6.229292e-21
1.924051 2.202916e-21
1.949367 7.996431e-22
1.974684 3.000852e-22
2 1.173734e-22
