0.02531646 0.9999999
0.05063291 1
0.07594937 1
0.1012658 1
0.1265823 1
0.1518987 0.9999999
0.1772152 0.9999999
0.2025316 1
0.2278481 1
0.2531646 0.9999932
0.278481 0.9997997
0.3037975 0.9997461
0.3291139 0.9999901
0.3544304 0.9999918
0.3797468 0.9999918
0.4050633 0.9997965
0.4303797 0.9947712
0.4556962 0.9809905
0.4810127 0.9442519
0.5063291 0.9442519
0.5316456 0.9979573
0.556962 0.9996252
0.5822785 0.9934291
0.6075949 0.9501985
0.6329114 0.938635
0.6582278 0.9632929
0.6835443 0.9568369
0.7088608 0.8870787
0.7341772 0.539768
0.7594937 0.02264857
0.7848101 0.003165715
0.8101266 0.0004731919
0.835443 3.092661e-05
0.8607595 5.585936e-07
0.8860759 5.58241e-08
0.9113924 4.900468e-08
0.9367089 3.832501e-08
0.9620253 8.183427e-09
0.9873418 8.770442e-10
1.012658 7.771743e-10
1.037975 1.5297e-09
1.063291 1.33613e-08
1.088608 4.780138e-08
1.113924 3.668357e-09
1.139241 6.806155e-10
1.164557 5.681835e-10
1.189873 8.728953e-09
1.21519 2.890678e-08
1.240506 2.871415e-09
1.265823 4.791918e-10
1.291139 6.664936e-10
1.316456 1.271146e-09
1.341772 3.840085e-09
1.367089 1.644782e-08
1.392405 3.869499e-09
1.417722 2.605883e-10
1.443038 2.689898e-10
1.468354 1.593628e-10
1.493671 6.685624e-11
1.518987 2.460987e-11
1.544304 7.424337e-12
1.56962 1.314112e-12
1.594937 4.169998e-14
1.620253 9.400324e-16
1.64557 6.664488e-16
1.670886 3.607681e-16
1.696203 1.399707e-16
1.721519 5.006394e-17
1.746835 1.853564e-17
1.772152 7.042959e-18
1.797468 2.692146e-18
1.822785 1.026945e-18
1.848101 3.907786e-19
1.873418 1.488484e-19
1.898734 5.705279e-20
1.924051 2.214171e-20
1.949367 8.759084e-21
1.974684 3.554052e-21
2 1.484683e-21
