0.3037975 1
0.3291139 1
0.3544304 1
0.3797468 1
0.4050633 1
0.4303797 1
0.4556962 1
0.4810127 1
0.5063291 0.9999999
0.5316456 0.9998215
0.556962 0.9765913
0.5822785 0.6039373
0.6075949 0.02962202
0.6329114 0.003414863
0.6582278 0.0003762772
0.6835443 2.592522e-05
0.7088608 1.410409e-06
0.7341772 1.260492e-07
0.7594937 6.155804e-09
0.7848101 2.290678e-10
0.8101266 1.040399e-11
0.835443 7.424271e-13
0.8607595 5.597876e-14
0.8860759 5.780933e-15
0.9113924 1.3907e-15
0.9367089 4.220237e-16
0.9620253 1.062299e-16
0.9873418 2.150764e-17
1.012658 3.404666e-18
1.037975 4.144742e-19
1.063291 3.777351e-20
1.088608 2.466068e-21
1.113924 1.084739e-22
1.139241 2.976741e-24
1.164557 4.681702e-26
1.189873 3.798446e-28
1.21519 1.427144e-30
1.240506 2.021083e-33
1.265823 7.909014e-37
1.291139 7.746963e-41
1.316456 1.258339e-45
1.341772 2.83102e-51
1.367089 6.469918e-57
1.392405 1.751637e-61
1.417722 1.346642e-63
1.443038 1.686268e-65
1.468354 6.871326e-67
1.493671 6.755888e-68
1.518987 1.636799e-68
1.544304 4.628133e-69
1.56962 1.229195e-69
1.594937 2.987916e-70
1.620253 6.633612e-71
1.64557 1.344742e-71
1.670886 2.486492e-72
1.696203 4.184759e-73
1.721519 6.388162e-74
1.746835 8.800438e-75
1.772152 1.086656e-75
1.797468 1.192013e-76
1.822785 1.14837e-77
1.848101 9.571672e-79
1.873418 6.7658e-80
1.898734 3.945245e-81
1.924051 1.82273e-82
1.949367 6.257609e-84
1.974684 1.419488e-85
2 1.596206e-87
