0.6582278 1
0.6835443 1
0.7088608 1
0.7341772 1
0.7594937 1
0.7848101 1
0.8101266 1
0.835443 1
0.8607595 1
0.8860759 1
0.9113924 1
0.9367089 1
0.9620253 1
0.9873418 1
1.012658 0.9999998
1.037975 0.9998532
1.063291 0.9851581
1.088608 0.7383883
1.113924 0.08973967
1.139241 0.001906588
1.164557 6.452595e-05
1.189873 1.586153e-06
1.21519 2.479261e-08
1.240506 3.601458e-10
1.265823 4.936664e-12
1.291139 2.090744e-13
1.316456 1.04682e-14
1.341772 1.603491e-15
1.367089 5.436144e-16
1.392405 1.536864e-16
1.417722 3.434792e-17
1.443038 5.890611e-18
1.468354 7.896561e-19
1.493671 8.955767e-20
1.518987 8.118864e-21
1.544304 5.57863e-22
1.56962 3.127498e-23
1.594937 1.703015e-24
1.620253 8.969146e-26
1.64557 3.613351e-27
1.670886 8.510696e-29
1.696203 1.006941e-30
1.721519 5.151151e-33
1.746835 1.109722e-35
1.772152 1.080919e-38
1.797468 3.238784e-42
1.822785 1.263902e-46
1.848101 3.636001e-52
1.873418 4.430072e-57
1.898734 4.127134e-60
1.924051 6.708521e-64
1.949367 2.24561e-69
1.974684 2.622568e-78
2 1.196126e-82
