0.4050633 1
0.4303797 1
0.4556962 1
0.4810127 1
0.5063291 1
0.5316456 1
0.556962 1
0.5822785 1
0.6075949 1
0.6329114 1
0.6582278 1
0.6835443 1
0.7088608 1
0.7341772 1
0.7594937 1
0.7848101 1
0.8101266 1
0.835443 1
0.8607595 1
0.8860759 1
0.9113924 1
0.9367089 1
0.9620253 1
0.9873418 1
1.012658 1
1.037975 1
1.063291 1
1.088608 1
1.113924 1
1.139241 1
1.164557 1
1.189873 1
1.21519 1
1.240506 1
1.265823 1
1.291139 1
1.316456 1
1.341772 1
1.367089 1
1.392405 0.9999997
1.417722 0.9997516
1.443038 0.9759495
1.468354 0.6439977
1.493671 0.03861663
1.518987 0.0001940057
1.544304 5.731519e-86
1.56962 6.849461e-86
1.594937 1.081084e-85
1.620253 2.842161e-86
1.64557 2.141788e-87
1.670886 1.508528e-118
1.696203 1.401406e-121
1.721519 6.381229e-123
1.746835 1.638502e-124
1.772152 1.853531e-126
1.797468 1.033311e-128
1.822785 3.409838e-131
1.848101 7.566872e-134
1.873418 1.839413e-136
1.898734 3.872653e-139
1.924051 2.952542e-142
1.949367 2.999789e-146
1.974684 3.462431e-152
2 8.77646e-165
