0.5316456 1
0.556962 1
0.5822785 1
0.6075949 1
0.6329114 1
0.6582278 1
0.6835443 1
0.7088608 1
0.7341772 1
0.7594937 1
0.7848101 0.9999991
0.8101266 0.9996231
0.835443 0.9789111
0.8607595 0.7308505
0.8860759 0.06482066
0.9113924 0.002336826
0.9367089 0.0001119901
0.9620253 4.304091e-06
0.9873418 9.895299e-08
1.012658 2.479469e-09
1.037975 4.544748e-11
1.063291 1.490457e-12
1.088608 6.604031e-14
1.113924 3.250727e-15
1.139241 6.051404e-16
1.164557 1.129765e-16
1.189873 1.712883e-17
1.21519 2.069884e-18
1.240506 1.914354e-19
1.265823 1.286624e-20
1.291139 5.907376e-22
1.316456 1.741865e-23
1.341772 3.056813e-25
1.367089 2.864896e-27
1.392405 1.315411e-29
1.417722 2.910048e-32
1.443038 3.213532e-35
1.468354 1.888654e-38
1.493671 6.930104e-42
1.518987 1.839667e-45
1.544304 3.315192e-49
1.56962 3.473575e-53
1.594937 1.781473e-57
1.620253 3.234009e-62
1.64557 1.41201e-67
1.670886 8.457319e-71
1.696203 4.440913e-72
1.721519 2.126536e-73
1.746835 9.165264e-75
1.772152 3.595151e-76
1.797468 1.329258e-77
1.822785 4.829026e-79
1.848101 1.739647e-80
1.873418 5.954914e-82
1.898734 1.805512e-83
1.924051 4.507407e-85
1.949367 8.548964e-87
1.974684 1.089979e-88
2 7.019692e-91
