0.7594937 1
0.7848101 1
0.8101266 1
0.835443 1
0.8607595 1
0.8860759 1
0.9113924 1
0.9367089 1
0.9620253 1
0.9873418 1
1.012658 1
1.037975 1
1.063291 1
1.088608 1
1.113924 1
1.139241 1
1.164557 1
1.189873 1
1.21519 1
1.240506 1
1.265823 0.9999979
1.291139 0.9991269
1.316456 0.951565
1.341772 0.5223208
1.367089 0.02352816
1.392405 0.000626922
1.417722 2.498183e-05
1.443038 6.138729e-07
1.468354 3.469807e-09
1.493671 1.433743e-11
1.518987 1.040771e-13
1.544304 2.191034e-15
1.56962 2.65713e-16
1.594937 2.206635e-17
1.620253 2.723549e-18
1.64557 5.994521e-19
1.670886 1.096499e-19
1.696203 1.85459e-20
1.721519 2.745265e-21
1.746835 3.032274e-22
1.772152 2.069212e-23
1.797468 7.03079e-25
1.822785 9.150869e-27
1.848101 3.328538e-29
1.873418 2.214449e-32
1.898734 1.324073e-36
1.924051 1.933488e-42
1.949367 9.411497e-47
1.974684 9.132423e-49
2 1.383182e-53
