0.3037975 1
0.3291139 1
0.3544304 1
0.3797468 1
0.4050633 1
0.4303797 1
0.4556962 1
0.4810127 1
0.5063291 0.9999999
0.5316456 0.9999753
0.556962 0.9978079
0.5822785 0.9453836
0.6075949 0.5314316
0.6329114 0.01127735
0.6582278 0.0002201179
0.6835443 1.106276e-05
0.7088608 1.199717e-06
0.7341772 6.515601e-08
0.7594937 2.329274e-09
0.7848101 7.387231e-11
0.8101266 4.607134e-12
0.835443 3.559179e-13
0.8607595 3.070661e-14
0.8860759 3.681874e-15
0.9113924 1.038917e-15
0.9367089 3.033038e-16
0.9620253 7.355873e-17
0.9873418 1.431856e-17
1.012658 2.173875e-18
1.037975 2.532551e-19
1.063291 2.194591e-20
1.088608 1.345931e-21
1.113924 5.475431e-23
1.139241 1.371112e-24
1.164557 1.952698e-26
1.189873 1.42519e-28
1.21519 4.763707e-31
1.240506 5.700467e-34
1.265823 1.849655e-37
1.291139 1.511675e-41
1.316456 1.857546e-46
1.341772 3.938034e-52
1.367089 1.161186e-57
1.392405 1.363291e-61
1.417722 1.157548e-63
1.443038 1.940672e-65
1.468354 2.990657e-66
1.493671 9.29298e-67
1.518987 2.936592e-67
1.544304 8.498525e-68
1.56962 2.238638e-68
1.594937 5.377893e-69
1.620253 1.179888e-69
1.64557 2.3646e-70
1.670886 4.324717e-71
1.696203 7.203333e-72
1.721519 1.088889e-72
1.746835 1.486363e-73
1.772152 1.819768e-74
1.797468 1.980716e-75
1.822785 1.89487e-76
1.848101 1.569652e-77
1.873418 1.103657e-78
1.898734 6.407461e-80
1.924051 2.950118e-81
1.949367 1.010285e-82
1.974684 2.288221e-84
2 2.571533e-86
