0.02531646 0.9999999
0.05063291 1
0.07594937 1
0.1012658 1
0.1265823 1
0.1518987 1
0.1772152 1
0.2025316 1
0.2278481 1
0.2531646 0.9999999
0.278481 0.9999999
0.3037975 1
0.3291139 1
0.3544304 0.9999996
0.3797468 0.9998301
0.4050633 0.9980832
0.4303797 0.9996191
0.4556962 0.9999936
0.4810127 0.9999991
0.5063291 0.9949059
0.5316456 0.9715195
0.556962 0.9784049
0.5822785 0.9975447
0.6075949 0.9999601
0.6329114 0.9999872
0.6582278 0.9999642
0.6835443 0.9983248
0.7088608 0.9036419
0.7341772 0.2962819
0.7594937 0.004816596
0.7848101 0.0001267796
0.8101266 4.658298e-07
0.835443 2.528071e-09
0.8607595 1.548789e-09
0.8860759 7.700441e-10
0.9113924 6.937266e-10
0.9367089 4.934232e-10
0.9620253 9.651237e-09
0.9873418 1.494758e-07
1.012658 6.192203e-07
1.037975 1.091367e-06
1.063291 8.35184e-07
1.088608 1.898026e-07
1.113924 2.734448e-08
1.139241 2.873769e-09
1.164557 1.189169e-09
1.189873 1.80632e-09
1.21519 8.325856e-10
1.240506 1.265536e-10
1.265823 1.265536e-10
1.291139 1.265536e-10
1.316456 1.305603e-10
1.341772 1.545955e-10
1.367089 3.441962e-10
1.392405 5.913474e-10
1.417722 6.784173e-10
1.443038 6.260364e-10
1.468354 3.429871e-10
1.493671 1.418291e-10
1.518987 6.32636e-11
1.544304 2.882559e-11
1.56962 1.015502e-11
1.594937 2.177136e-12
1.620253 2.785225e-13
1.64557 4.931669e-14
1.670886 4.159007e-14
1.696203 1.319796e-13
1.721519 8.326256e-13
1.746835 5.446261e-12
1.772152 3.336745e-11
1.797468 1.443012e-10
1.822785 3.980037e-10
1.848101 8.125753e-10
1.873418 1.730624e-09
1.898734 4.911482e-09
1.924051 9.965275e-09
1.949367 1.322209e-08
1.974684 1.175686e-08
2 1.580376e-09
