0.02531646 1
0.05063291 1
0.07594937 1
0.1012658 1
0.1265823 1
0.1518987 1
0.1772152 1
0.2025316 0.9999999
0.2278481 0.9999917
0.2531646 0.999881
0.278481 0.9998736
0.3037975 0.9999833
0.3291139 0.9998656
0.3544304 0.9963162
0.3797468 0.9764621
0.4050633 0.9992272
0.4303797 0.9999366
0.4556962 0.9996894
0.4810127 0.9599642
0.5063291 0.4675082
0.5316456 0.4757555
0.556962 0.8795335
0.5822785 0.8782852
0.6075949 0.9576485
0.6329114 0.9947954
0.6582278 0.993559
0.6835443 0.8721238
0.7088608 0.541839
0.7341772 0.7558153
0.7594937 0.02361601
0.7848101 3.829479e-05
0.8101266 1.12595e-06
0.835443 7.219524e-08
0.8607595 5.570617e-07
0.8860759 1.427665e-06
0.9113924 1.56474e-07
0.9367089 2.527152e-06
0.9620253 2.391615e-06
0.9873418 9.643592e-08
1.012658 1.453706e-09
1.037975 2.377672e-09
1.063291 1.916552e-08
1.088608 2.086721e-07
1.113924 5.607047e-06
1.139241 2.446516e-06
1.164557 2.304928e-07
1.189873 4.492612e-08
1.21519 1.340696e-08
1.240506 1.003126e-08
1.265823 1.926633e-08
1.291139 1.122785e-05
1.316456 7.938578e-06
1.341772 3.202096e-06
1.367089 2.121651e-07
1.392405 1.243541e-06
1.417722 1.960951e-06
1.443038 2.029883e-06
1.468354 6.341923e-06
1.493671 2.832028e-06
1.518987 8.263607e-07
1.544304 1.814856e-07
1.56962 1.514021e-08
1.594937 1.838513e-10
1.620253 4.766642e-12
1.64557 2.212616e-12
1.670886 9.281629e-13
1.696203 2.838615e-13
1.721519 4.40114e-14
1.746835 3.189733e-15
1.772152 9.519896e-16
1.797468 6.689472e-16
1.822785 4.959487e-16
1.848101 3.261545e-16
1.873418 1.959093e-16
1.898734 1.120356e-16
1.924051 6.147764e-17
1.949367 3.177053e-17
1.974684 1.442567e-17
2 4.431484e-18
