0.5822785 1
0.6075949 1
0.6329114 1
0.6582278 1
0.6835443 1
0.7088608 1
0.7341772 1
0.7594937 1
0.7848101 1
0.8101266 1
0.835443 1
0.8607595 1
0.8860759 1
0.9113924 1
0.9367089 1
0.9620253 1
0.9873418 1
1.012658 1
1.037975 1
1.063291 1
1.088608 1
1.113924 1
1.139241 1
1.164557 1
1.189873 1
1.21519 1
1.240506 1
1.265823 1
1.291139 1
1.316456 0.9999999
1.341772 0.9999026
1.367089 0.9905502
1.392405 0.7938501
1.417722 0.1823208
1.443038 0.008289615
1.468354 0.0001633772
1.493671 2.579328e-06
1.518987 1.309069e-08
1.544304 1.783728e-11
1.56962 5.724496e-14
1.594937 8.548856e-16
1.620253 6.207694e-17
1.64557 1.227603e-17
1.670886 2.813443e-18
1.696203 5.754321e-19
1.721519 1.084866e-19
1.746835 2.070435e-20
1.772152 4.1145e-21
1.797468 8.233905e-22
1.822785 1.479142e-22
1.848101 1.922906e-23
1.873418 1.360367e-24
1.898734 3.487318e-26
1.924051 1.617976e-28
1.949367 3.524778e-32
1.974684 1.358223e-38
2 1.186205e-50
