0.5316456 1
0.556962 1
0.5822785 1
0.6075949 1
0.6329114 1
0.6582278 1
0.6835443 1
0.7088608 1
0.7341772 1
0.7594937 1
0.7848101 1
0.8101266 0.9999999
0.835443 0.9998735
0.8607595 0.9844393
0.8860759 0.7155801
0.9113924 0.08776346
0.9367089 0.004269844
0.9620253 0.0002115344
0.9873418 7.322764e-06
1.012658 1.911008e-07
1.037975 4.819906e-09
1.063291 7.891853e-11
1.088608 1.911047e-12
1.113924 7.716585e-14
1.139241 3.483235e-15
1.164557 6.426828e-16
1.189873 1.242866e-16
1.21519 2.006516e-17
1.240506 2.648888e-18
1.265823 2.754234e-19
1.291139 2.137207e-20
1.316456 1.165471e-21
1.341772 4.211973e-23
1.367089 9.700426e-25
1.392405 1.362848e-26
1.417722 1.126703e-28
1.443038 5.566797e-31
1.468354 1.687987e-33
1.493671 3.158379e-36
1.518987 3.873938e-39
1.544304 3.557393e-42
1.56962 2.426177e-45
1.594937 9.335911e-49
1.620253 1.227483e-52
1.64557 1.936844e-57
1.670886 7.318725e-63
1.696203 6.813019e-70
1.721519 2.975701e-71
1.746835 1.545927e-72
1.772152 8.051243e-74
1.797468 4.008407e-75
1.822785 1.795867e-76
1.848101 6.91514e-78
1.873418 2.218897e-79
1.898734 5.785567e-81
1.924051 1.190532e-82
1.949367 1.846527e-84
1.974684 1.965938e-86
2 1.105469e-88
