0.5822785 1
0.6075949 1
0.6329114 1
0.6582278 1
0.6835443 1
0.7088608 1
0.7341772 1
0.7594937 1
0.7848101 1
0.8101266 1
0.835443 1
0.8607595 1
0.8860759 1
0.9113924 1
0.9367089 1
0.9620253 1
0.9873418 1
1.012658 1
1.037975 1
1.063291 1
1.088608 1
1.113924 1
1.139241 1
1.164557 1
1.189873 1
1.21519 1
1.240506 1
1.265823 1
1.291139 1
1.316456 0.9999999
1.341772 0.999876
1.367089 0.9868422
1.392405 0.7789247
1.417722 0.1419543
1.443038 0.005131577
1.468354 0.0001361295
1.493671 2.280877e-06
1.518987 8.982385e-09
1.544304 1.289572e-11
1.56962 5.240034e-14
1.594937 7.941318e-16
1.620253 6.084677e-17
1.64557 1.015182e-17
1.670886 2.579463e-18
1.696203 5.555772e-19
1.721519 1.127853e-19
1.746835 2.269589e-20
1.772152 4.523872e-21
1.797468 8.871066e-22
1.822785 1.613374e-22
1.848101 2.287932e-23
1.873418 1.938928e-24
1.898734 6.724519e-26
1.924051 5.016715e-28
1.949367 2.267035e-31
1.974684 2.764918e-37
2 6.987054e-52
