0.1012658 1
0.1265823 1
0.1518987 1
0.1772152 1
0.2025316 1
0.2278481 1
0.2531646 1
0.278481 1
0.3037975 1
0.3291139 1
0.3544304 1
0.3797468 1
0.4050633 1
0.4303797 1
0.4556962 1
0.4810127 1
0.5063291 1
0.5316456 1
0.556962 1
0.5822785 1
0.6075949 1
0.6329114 1
0.6582278 0.9999999
0.6835443 0.9999992
0.7088608 0.9999762
0.7341772 0.9992504
0.7594937 0.9897835
0.7848101 0.8499147
0.8101266 0.08746386
0.835443 0.001417953
0.8607595 4.671169e-06
0.8860759 1.387108e-09
0.9113924 1.522606e-11
0.9367089 2.54389e-11
0.9620253 2.679357e-11
0.9873418 1.743868e-11
1.012658 5.318441e-12
1.037975 5.253231e-13
1.063291 1.140622e-14
1.088608 3.981557e-16
1.113924 2.740338e-16
1.139241 2.040832e-16
1.164557 1.278598e-16
1.189873 6.802618e-17
1.21519 3.093734e-17
1.240506 1.196999e-17
1.265823 3.858525e-18
1.291139 9.74696e-19
1.316456 1.724358e-19
1.341772 1.770945e-20
1.367089 6.351795e-22
1.392405 2.910082e-33
1.417722 2.13747e-38
1.443038 3.092691e-38
1.468354 3.682035e-38
1.493671 3.612656e-38
1.518987 2.925036e-38
1.544304 1.956558e-38
1.56962 1.082443e-38
1.594937 4.959896e-39
1.620253 1.885686e-39
1.64557 5.960923e-40
1.670886 1.570138e-40
1.696203 3.452106e-41
1.721519 6.339623e-42
1.746835 9.716931e-43
1.772152 1.239638e-43
1.797468 1.309806e-44
1.822785 1.137784e-45
1.848101 8.044947e-47
1.873418 4.570869e-48
1.898734 2.052117e-49
1.924051 7.114711e-51
1.949367 1.837772e-52
1.974684 3.282701e-54
2 3.202412e-56
