0.2531646 1
0.278481 1
0.3037975 1
0.3291139 1
0.3544304 1
0.3797468 1
0.4050633 1
0.4303797 1
0.4556962 0.9999998
0.4810127 0.9999874
0.5063291 0.9995794
0.5316456 0.9834452
0.556962 0.7479674
0.5822785 0.04361393
0.6075949 0.0007065589
0.6329114 4.183579e-05
0.6582278 3.903323e-06
0.6835443 1.441483e-07
0.7088608 7.679104e-09
0.7341772 2.879034e-10
0.7594937 1.934714e-11
0.7848101 2.042686e-12
0.8101266 1.972577e-13
0.835443 1.600125e-14
0.8607595 2.296439e-15
0.8860759 7.058143e-16
0.9113924 2.022205e-16
0.9367089 4.947892e-17
0.9620253 9.834948e-18
0.9873418 1.538283e-18
1.012658 1.829761e-19
1.037975 1.582296e-20
1.063291 9.510964e-22
1.088608 3.819255e-23
1.113924 9.855668e-25
1.139241 1.531521e-26
1.164557 1.293167e-28
1.189873 5.101168e-31
1.21519 7.330593e-34
1.240506 3.273918e-37
1.265823 4.310905e-41
1.291139 9.930658e-46
1.316456 4.936489e-51
1.341772 3.332309e-56
1.367089 2.505826e-57
1.392405 1.552514e-57
1.417722 8.402656e-58
1.443038 4.001211e-58
1.468354 1.694748e-58
1.493671 6.445407e-59
1.518987 2.217581e-59
1.544304 6.940666e-60
1.56962 1.983576e-60
1.594937 5.187674e-61
1.620253 1.242596e-61
1.64557 2.724944e-62
1.670886 5.462884e-63
1.696203 9.986441e-64
1.721519 1.658263e-64
1.746835 2.487849e-65
1.772152 3.348489e-66
1.797468 4.006518e-67
1.822785 4.212028e-68
1.848101 3.831906e-69
1.873418 2.956361e-70
1.898734 1.881103e-71
1.924051 9.478555e-73
1.949367 3.546312e-74
1.974684 8.757878e-76
2 1.070733e-77
