0.4556962 1
0.4810127 1
0.5063291 1
0.5316456 1
0.556962 1
0.5822785 1
0.6075949 1
0.6329114 1
0.6582278 1
0.6835443 0.9999998
0.7088608 0.9999306
0.7341772 0.9960622
0.7594937 0.9325771
0.7848101 0.3379309
0.8101266 0.01405141
0.835443 0.0006811055
0.8607595 2.911655e-05
0.8860759 1.106233e-06
0.9113924 2.14248e-08
0.9367089 5.590015e-10
0.9620253 1.724251e-11
0.9873418 1.097539e-12
1.012658 6.665955e-14
1.037975 4.035712e-15
1.063291 7.631649e-16
1.088608 1.530712e-16
1.113924 2.400193e-17
1.139241 2.882482e-18
1.164557 2.583862e-19
1.189873 1.665844e-20
1.21519 7.285953e-22
1.240506 1.984189e-23
1.265823 2.991847e-25
1.291139 2.144653e-27
1.316456 6.183493e-30
1.341772 5.771843e-33
1.367089 1.510496e-36
1.392405 9.503093e-41
1.417722 1.614242e-45
1.443038 7.115627e-51
1.468354 1.257019e-56
1.493671 3.004641e-62
1.518987 8.954722e-67
1.544304 3.712417e-68
1.56962 1.689141e-69
1.594937 7.962602e-71
1.620253 4.048349e-72
1.64557 2.173819e-73
1.670886 1.179194e-74
1.696203 6.331851e-76
1.721519 3.373688e-77
1.746835 1.781628e-78
1.772152 9.139609e-80
1.797468 4.413245e-81
1.822785 1.95042e-82
1.848101 7.743306e-84
1.873418 2.726576e-85
1.898734 8.386467e-87
1.924051 2.187773e-88
1.949367 4.55879e-90
1.974684 6.720875e-92
2 5.209222e-94
