0.7594937 1
0.7848101 1
0.8101266 1
0.835443 1
0.8607595 1
0.8860759 1
0.9113924 1
0.9367089 1
0.9620253 1
0.9873418 1
1.012658 1
1.037975 1
1.063291 1
1.088608 1
1.113924 1
1.139241 1
1.164557 1
1.189873 1
1.21519 1
1.240506 0.9999992
1.265823 0.9995411
1.291139 0.966213
1.316456 0.5946505
1.341772 0.04286309
1.367089 0.001166469
1.392405 3.414386e-05
1.417722 8.242558e-07
1.443038 1.943225e-08
1.468354 8.64857e-11
1.493671 4.581487e-13
1.518987 9.024204e-15
1.544304 7.338545e-16
1.56962 8.940081e-17
1.594937 7.529216e-18
1.620253 1.018573e-18
1.64557 2.100456e-19
1.670886 3.621086e-20
1.696203 5.470836e-21
1.721519 6.66514e-22
1.746835 5.619162e-23
1.772152 2.728938e-24
1.797468 6.108591e-26
1.822785 4.774494e-28
1.848101 9.249311e-31
1.873418 2.702477e-34
1.898734 5.187445e-39
1.924051 1.582637e-45
1.949367 4.156573e-48
1.974684 1.186378e-50
2 5.327082e-57
