0.4050633 1
0.4303797 1
0.4556962 1
0.4810127 1
0.5063291 1
0.5316456 1
0.556962 1
0.5822785 1
0.6075949 1
0.6329114 1
0.6582278 1
0.6835443 1
0.7088608 1
0.7341772 1
0.7594937 1
0.7848101 1
0.8101266 1
0.835443 1
0.8607595 1
0.8860759 1
0.9113924 1
0.9367089 1
0.9620253 1
0.9873418 1
1.012658 1
1.037975 1
1.063291 1
1.088608 1
1.113924 1
1.139241 1
1.164557 1
1.189873 1
1.21519 1
1.240506 1
1.265823 1
1.291139 1
1.316456 1
1.341772 0.9999904
1.367089 0.9970461
1.392405 0.8870415
1.417722 0.3000492
1.443038 0.009368348
1.468354 0.0002040508
1.493671 2.892743e-06
1.518987 4.972262e-09
1.544304 2.474822e-14
1.56962 1.448604e-37
1.594937 1.283685e-60
1.620253 2.468537e-81
1.64557 5.525963e-82
1.670886 7.752217e-112
1.696203 4.613465e-117
1.721519 6.757533e-118
1.746835 7.236878e-119
1.772152 2.948055e-120
1.797468 7.347086e-122
1.822785 1.536e-123
1.848101 4.251329e-125
1.873418 2.313934e-126
1.898734 1.33031e-127
1.924051 4.957762e-129
1.949367 8.003842e-131
1.974684 2.228873e-133
2 1.632638e-138
