0.02531646 0.9999996
0.05063291 1
0.07594937 0.9999999
0.1012658 1
0.1265823 1
0.1518987 1
0.1772152 1
0.2025316 1
0.2278481 1
0.2531646 1
0.278481 1
0.3037975 1
0.3291139 1
0.3544304 0.999998
0.3797468 0.9999971
0.4050633 0.999953
0.4303797 0.9991593
0.4556962 0.9990772
0.4810127 0.999306
0.5063291 0.9999401
0.5316456 0.9999944
0.556962 0.9999667
0.5822785 0.9999986
0.6075949 0.9999869
0.6329114 0.9999076
0.6582278 0.9945386
0.6835443 0.8177181
0.7088608 0.6092821
0.7341772 0.6909759
0.7594937 0.08326112
0.7848101 0.000221306
0.8101266 2.132334e-05
0.835443 1.856549e-05
0.8607595 1.41234e-06
0.8860759 1.41234e-06
0.9113924 1.379579e-05
0.9367089 8.964393e-05
0.9620253 7.339382e-06
0.9873418 3.259496e-06
1.012658 3.770835e-05
1.037975 0.0001135272
1.063291 0.0001135272
1.088608 4.765682e-05
1.113924 1.171423e-05
1.139241 2.926391e-06
1.164557 1.178156e-08
1.189873 6.218908e-10
1.21519 6.218908e-10
1.240506 8.60827e-10
1.265823 1.474896e-09
1.291139 4.090338e-09
1.316456 1.266136e-08
1.341772 1.470852e-08
1.367089 5.707784e-10
1.392405 7.256385e-13
1.417722 3.769186e-14
1.443038 5.604768e-15
1.468354 7.267806e-16
1.493671 7.193728e-17
1.518987 1.00674e-17
1.544304 1.495577e-18
1.56962 1.691616e-19
1.594937 1.93643e-20
1.620253 2.710353e-21
1.64557 4.520083e-22
1.670886 8.292826e-23
1.696203 1.558035e-23
1.721519 2.813085e-24
1.746835 4.674254e-25
1.772152 6.966962e-26
1.797468 9.16317e-27
1.822785 1.051703e-27
1.848101 1.046893e-28
1.873418 9.027799e-30
1.898734 6.76367e-31
1.924051 4.421982e-32
1.949367 2.511226e-33
1.974684 1.188952e-34
2 4.075461e-36
