0.1518987 1
0.1772152 1
0.2025316 1
0.2278481 1
0.2531646 1
0.278481 1
0.3037975 1
0.3291139 1
0.3544304 1
0.3797468 1
0.4050633 1
0.4303797 1
0.4556962 1
0.4810127 1
0.5063291 1
0.5316456 1
0.556962 1
0.5822785 1
0.6075949 1
0.6329114 0.9999993
0.6582278 0.9999912
0.6835443 0.9998891
0.7088608 0.9980416
0.7341772 0.9182091
0.7594937 0.2852407
0.7848101 0.01753137
0.8101266 0.0001932846
0.835443 3.401415e-07
0.8607595 1.255013e-10
0.8860759 2.737214e-11
0.9113924 3.221406e-11
0.9367089 2.911632e-11
0.9620253 1.466777e-11
0.9873418 2.569867e-12
1.012658 1.113315e-13
1.037975 2.114984e-15
1.063291 4.092458e-16
1.088608 3.335165e-16
1.113924 2.486027e-16
1.139241 1.638882e-16
1.164557 9.666469e-17
1.189873 5.099472e-17
1.21519 2.388799e-17
1.240506 9.806345e-18
1.265823 3.454781e-18
1.291139 1.010044e-18
1.316456 2.303154e-19
1.341772 3.548988e-20
1.367089 2.060354e-21
1.392405 4.00076e-39
1.417722 1.331873e-41
1.443038 3.414979e-41
1.468354 6.317859e-41
1.493671 8.988659e-41
1.518987 1.020786e-40
1.544304 9.480814e-41
1.56962 7.326299e-41
1.594937 4.771378e-41
1.620253 2.645398e-41
1.64557 1.258599e-41
1.670886 5.170293e-42
1.696203 1.842024e-42
1.721519 5.706124e-43
1.746835 1.537733e-43
1.772152 3.598712e-44
1.797468 7.281551e-45
1.822785 1.264199e-45
1.848101 1.861542e-46
1.873418 2.285417e-47
1.898734 2.281166e-48
1.924051 1.781554e-49
1.949367 1.022617e-50
1.974684 3.840344e-52
2 7.083612e-54
