0.3797468 1
0.4050633 1
0.4303797 1
0.4556962 1
0.4810127 1
0.5063291 1
0.5316456 1
0.556962 1
0.5822785 0.9999995
0.6075949 0.9995334
0.6329114 0.9563194
0.6582278 0.4682414
0.6835443 0.01728767
0.7088608 0.002849281
0.7341772 0.00017384
0.7594937 2.765692e-05
0.7848101 9.287271e-07
0.8101266 7.334303e-08
0.835443 1.888853e-09
0.8607595 4.88367e-11
0.8860759 2.53016e-12
0.9113924 1.911913e-13
0.9367089 1.644043e-14
0.9620253 2.215074e-15
0.9873418 5.777599e-16
1.012658 1.286706e-16
1.037975 2.257228e-17
1.063291 3.056457e-18
1.088608 3.111972e-19
1.113924 2.299946e-20
1.139241 1.181836e-21
1.164557 3.980543e-23
1.189873 8.014989e-25
1.21519 8.495759e-27
1.240506 3.97952e-29
1.265823 7.095392e-32
1.291139 3.85623e-35
1.316456 4.48105e-39
1.341772 1.025352e-43
1.367089 2.787126e-49
1.392405 2.040932e-55
1.417722 3.890767e-61
1.443038 1.538258e-64
1.468354 5.298095e-66
1.493671 2.153916e-67
1.518987 9.014675e-69
1.544304 3.959674e-70
1.56962 1.793585e-71
1.594937 8.23381e-73
1.620253 3.831485e-74
1.64557 1.8257e-75
1.670886 9.003794e-77
1.696203 4.616191e-78
1.721519 2.445917e-79
1.746835 1.318013e-80
1.772152 7.054434e-82
1.797468 3.650536e-83
1.822785 1.781251e-84
1.848101 8.027674e-86
1.873418 3.276617e-87
1.898734 1.179789e-88
1.924051 3.591679e-90
1.949367 8.613511e-92
1.974684 1.433302e-93
2 1.229329e-95
