0.07594937 1
0.1012658 1
0.1265823 1
0.1518987 1
0.1772152 1
0.2025316 1
0.2278481 1
0.2531646 1
0.278481 1
0.3037975 1
0.3291139 1
0.3544304 1
0.3797468 1
0.4050633 0.9999999
0.4303797 0.9998688
0.4556962 0.9853868
0.4810127 0.7496887
0.5063291 0.1321646
0.5316456 0.003620189
0.556962 7.133635e-05
0.5822785 1.667912e-06
0.6075949 8.030876e-08
0.6329114 1.447678e-07
0.6582278 3.426055e-07
0.6835443 1.030631e-07
0.7088608 6.424534e-09
0.7341772 3.089929e-10
0.7594937 4.340513e-11
0.7848101 5.542351e-12
0.8101266 1.385417e-12
0.835443 5.428666e-13
0.8607595 1.197953e-13
0.8860759 1.618851e-14
0.9113924 3.921209e-15
0.9367089 1.902143e-15
0.9620253 9.200749e-16
0.9873418 3.787597e-16
1.012658 1.356802e-16
1.037975 4.799469e-17
1.063291 2.030772e-17
1.088608 9.956222e-18
1.113924 4.674081e-18
1.139241 1.934329e-18
1.164557 6.923556e-19
1.189873 2.098041e-19
1.21519 5.230213e-20
1.240506 1.03075e-20
1.265823 1.518442e-21
1.291139 1.540926e-22
1.316456 9.447816e-24
1.341772 2.709658e-25
1.367089 1.634173e-27
1.392405 9.035614e-32
1.417722 1.080786e-37
1.443038 3.626285e-38
1.468354 1.018315e-38
1.493671 2.39483e-39
1.518987 4.801796e-40
1.544304 8.772147e-41
1.56962 1.722336e-41
1.594937 4.35507e-42
1.620253 1.341298e-42
1.64557 4.193986e-43
1.670886 1.205422e-43
1.696203 3.08521e-44
1.721519 6.968098e-45
1.746835 1.383695e-45
1.772152 2.408919e-46
1.797468 3.66416e-47
1.822785 4.845556e-48
1.848101 5.527219e-49
1.873418 5.367599e-50
1.898734 4.341142e-51
1.924051 2.81762e-52
1.949367 1.37701e-53
1.974684 4.495432e-55
2 7.324491e-57
