0.02531646 1
0.05063291 1
0.07594937 1
0.1012658 1
0.1265823 1
0.1518987 1
0.1772152 1
0.2025316 0.9999955
0.2278481 0.9985251
0.2531646 0.9336399
0.278481 0.5446693
0.3037975 0.03030423
0.3291139 0.000484078
0.3544304 6.990513e-06
0.3797468 9.066985e-07
0.4050633 1.907619e-07
0.4303797 7.105449e-09
0.4556962 5.023103e-10
0.4810127 1.357779e-10
0.5063291 5.762339e-11
0.5316456 1.522585e-11
0.556962 2.787158e-12
0.5822785 4.360196e-13
0.6075949 6.234216e-14
0.6329114 9.988996e-15
0.6582278 3.125597e-15
0.6835443 1.713267e-15
0.7088608 9.837446e-16
0.7341772 5.624951e-16
0.7594937 3.177858e-16
0.7848101 1.830524e-16
0.8101266 1.116102e-16
0.835443 7.499588e-17
0.8607595 5.746819e-17
0.8860759 5.142473e-17
0.9113924 5.524304e-17
0.9367089 7.481158e-17
0.9620253 1.310434e-16
0.9873418 2.762986e-16
1.012658 6.193317e-16
1.037975 1.341866e-15
1.063291 2.791558e-15
1.088608 7.384464e-15
1.113924 3.750488e-14
1.139241 4.167574e-13
1.164557 5.009812e-12
1.189873 4.742064e-11
1.21519 6.822442e-10
1.240506 1.989844e-08
1.265823 2.916075e-07
1.291139 2.922959e-06
1.316456 2.670134e-05
1.341772 0.0001997809
1.367089 0.0002667729
1.392405 0.0001509249
1.417722 6.734481e-05
1.443038 2.065954e-05
1.468354 4.729101e-06
1.493671 1.112894e-06
1.518987 2.28764e-07
1.544304 4.200791e-07
1.56962 7.677848e-07
1.594937 1.84502e-06
1.620253 1.638805e-06
1.64557 1.046246e-06
1.670886 1.686529e-06
1.696203 1.288693e-05
1.721519 0.0001149803
1.746835 0.0001713881
1.772152 0.0001587005
1.797468 6.797562e-05
1.822785 1.101715e-05
1.848101 6.989589e-07
1.873418 1.593027e-07
1.898734 3.721481e-07
1.924051 7.817864e-07
1.949367 4.371045e-07
1.974684 8.744234e-08
2 3.849956e-09
