0.5063291 1
0.5316456 1
0.556962 1
0.5822785 1
0.6075949 1
0.6329114 1
0.6582278 1
0.6835443 1
0.7088608 1
0.7341772 1
0.7594937 1
0.7848101 1
0.8101266 1
0.835443 1
0.8607595 1
0.8860759 1
0.9113924 1
0.9367089 1
0.9620253 1
0.9873418 1
1.012658 1
1.037975 1
1.063291 1
1.088608 1
1.113924 1
1.139241 1
1.164557 1
1.189873 1
1.21519 1
1.240506 1
1.265823 1
1.291139 1
1.316456 1
1.341772 0.9999998
1.367089 0.9999037
1.392405 0.9922523
1.417722 0.8442699
1.443038 0.2182707
1.468354 0.01171133
1.493671 0.0001644497
1.518987 1.849492e-06
1.544304 1.238028e-08
1.56962 1.784156e-11
1.594937 6.279668e-15
1.620253 4.719268e-16
1.64557 4.959572e-17
1.670886 8.628549e-18
1.696203 1.571049e-18
1.721519 4.27314e-19
1.746835 1.37952e-19
1.772152 4.222029e-20
1.797468 1.14855e-20
1.822785 2.735719e-21
1.848101 5.462349e-22
1.873418 8.525093e-23
1.898734 9.598295e-24
1.924051 7.139138e-25
1.949367 2.955592e-26
1.974684 5.022587e-28
2 7.498773e-32
