0.6075949 1
0.6329114 1
0.6582278 1
0.6835443 1
0.7088608 1
0.7341772 1
0.7594937 1
0.7848101 1
0.8101266 1
0.835443 1
0.8607595 1
0.8860759 1
0.9113924 0.999999
0.9367089 0.9995173
0.9620253 0.9674688
0.9873418 0.6067109
1.012658 0.04104077
1.037975 0.001114793
1.063291 4.490494e-05
1.088608 1.517019e-06
1.113924 2.344607e-08
1.139241 4.112091e-10
1.164557 4.838496e-12
1.189873 1.543507e-13
1.21519 6.295051e-15
1.240506 1.038696e-15
1.265823 2.675865e-16
1.291139 6.118171e-17
1.316456 1.189527e-17
1.341772 1.89455e-18
1.367089 2.402101e-19
1.392405 2.369056e-20
1.417722 1.789272e-21
1.443038 1.030235e-22
1.468354 4.574635e-24
1.493671 1.560911e-25
1.518987 3.821734e-27
1.544304 6.247297e-29
1.56962 6.455106e-31
1.594937 4.044657e-33
1.620253 1.542873e-35
1.64557 1.961275e-38
1.670886 1.80152e-41
1.696203 1.569684e-44
1.721519 3.951858e-48
1.746835 1.592252e-52
1.772152 1.332196e-57
1.797468 6.381056e-62
1.822785 2.605309e-66
1.848101 7.777154e-70
1.873418 1.766375e-73
1.898734 1.204385e-75
1.924051 3.112629e-77
1.949367 5.353689e-79
1.974684 6.033465e-81
2 4.356844e-83
