0.02531646 1
0.05063291 1
0.07594937 1
0.1012658 1
0.1265823 1
0.1518987 1
0.1772152 1
0.2025316 1
0.2278481 0.9999985
0.2531646 0.9996546
0.278481 0.9975886
0.3037975 0.9987514
0.3291139 0.9997603
0.3544304 0.9999635
0.3797468 0.9999995
0.4050633 0.9999998
0.4303797 0.9999984
0.4556962 0.9999554
0.4810127 0.9989674
0.5063291 0.9973509
0.5316456 0.9982353
0.556962 0.9723203
0.5822785 0.9965401
0.6075949 0.9982109
0.6329114 0.9595853
0.6582278 0.9526064
0.6835443 0.9793809
0.7088608 0.6834704
0.7341772 0.05347711
0.7594937 0.0006870253
0.7848101 8.392347e-06
0.8101266 6.724216e-07
0.835443 3.762788e-08
0.8607595 3.491119e-09
0.8860759 1.908255e-09
0.9113924 1.820856e-09
0.9367089 9.29738e-10
0.9620253 1.666698e-10
0.9873418 2.887237e-11
1.012658 1.445751e-11
1.037975 1.536182e-11
1.063291 2.564016e-11
1.088608 4.639147e-11
1.113924 6.900437e-11
1.139241 8.040138e-11
1.164557 5.183051e-11
1.189873 3.613098e-11
1.21519 8.115588e-11
1.240506 4.421726e-10
1.265823 5.618927e-09
1.291139 6.262049e-08
1.316456 2.62283e-07
1.341772 2.916465e-07
1.367089 6.616943e-08
1.392405 3.651976e-09
1.417722 1.959238e-10
1.443038 1.188938e-10
1.468354 1.098727e-10
1.493671 6.509069e-11
1.518987 3.293207e-11
1.544304 1.496635e-11
1.56962 6.263216e-12
1.594937 5.586398e-12
1.620253 5.743837e-11
1.64557 2.808449e-10
1.670886 4.785597e-10
1.696203 5.929463e-10
1.721519 1.141467e-09
1.746835 1.667187e-09
1.772152 1.38413e-09
1.797468 1.172072e-09
1.822785 2.196268e-09
1.848101 3.966659e-09
1.873418 4.14096e-09
1.898734 1.626436e-09
1.924051 2.395622e-10
1.949367 2.06939e-11
1.974684 8.053827e-13
2 9.292342e-16
