0.07594937 1
0.1012658 1
0.1265823 1
0.1518987 1
0.1772152 1
0.2025316 1
0.2278481 1
0.2531646 1
0.278481 1
0.3037975 1
0.3291139 1
0.3544304 1
0.3797468 1
0.4050633 1
0.4303797 1
0.4556962 1
0.4810127 1
0.5063291 0.9999988
0.5316456 0.9999226
0.556962 0.9989554
0.5822785 0.9921869
0.6075949 0.9128261
0.6329114 0.4291418
0.6582278 0.05653988
0.6835443 0.007298184
0.7088608 0.000924536
0.7341772 5.681631e-05
0.7594937 3.470564e-06
0.7848101 1.651752e-07
0.8101266 3.701679e-09
0.835443 3.031457e-11
0.8607595 7.542507e-12
0.8860759 7.420625e-12
0.9113924 1.977793e-12
0.9367089 2.798445e-13
0.9620253 4.470201e-14
0.9873418 6.860717e-15
1.012658 1.578739e-15
1.037975 4.866852e-16
1.063291 1.331187e-16
1.088608 5.784126e-17
1.113924 3.294181e-17
1.139241 1.690192e-17
1.164557 7.625307e-18
1.189873 2.963883e-18
1.21519 9.658761e-19
1.240506 2.552251e-19
1.265823 5.226205e-20
1.291139 7.715614e-21
1.316456 7.250033e-22
1.341772 3.400766e-23
1.367089 3.818345e-25
1.392405 2.394362e-31
1.417722 4.62709e-37
1.443038 2.558119e-37
1.468354 1.191238e-37
1.493671 4.622935e-38
1.518987 1.482231e-38
1.544304 3.902376e-39
1.56962 8.407944e-40
1.594937 1.481442e-40
1.620253 2.139061e-41
1.64557 2.550562e-42
1.670886 2.583637e-43
1.696203 2.481233e-44
1.721519 3.019561e-45
1.746835 5.638225e-46
1.772152 1.250651e-46
1.797468 2.595051e-47
1.822785 4.639548e-48
1.848101 6.930011e-49
1.873418 8.442641e-50
1.898734 8.1443e-51
1.924051 5.964418e-52
1.949367 3.104505e-53
1.974684 1.019687e-54
2 1.584821e-56
