0.3544304 1
0.3797468 1
0.4050633 1
0.4303797 1
0.4556962 1
0.4810127 1
0.5063291 1
0.5316456 1
0.556962 0.9999998
0.5822785 0.9999558
0.6075949 0.9963521
0.6329114 0.9201185
0.6582278 0.422616
0.6835443 0.006398541
0.7088608 0.0001397587
0.7341772 6.917218e-06
0.7594937 8.512732e-07
0.7848101 3.523738e-08
0.8101266 1.310381e-09
0.835443 4.173889e-11
0.8607595 2.340575e-12
0.8860759 1.516041e-13
0.9113924 1.245373e-14
0.9367089 2.022983e-15
0.9620253 5.900271e-16
0.9873418 1.419872e-16
1.012658 2.719312e-17
1.037975 4.071725e-18
1.063291 4.64648e-19
1.088608 3.913524e-20
1.113924 2.340455e-21
1.139241 9.414816e-23
1.164557 2.344484e-24
1.189873 3.232162e-26
1.21519 2.138613e-28
1.240506 5.953301e-31
1.265823 5.787939e-34
1.291139 1.385916e-37
1.316456 7.291595e-42
1.341772 5.365237e-47
1.367089 5.975904e-53
1.392405 1.03344e-58
1.417722 4.115357e-63
1.443038 5.562556e-65
1.468354 1.965115e-66
1.493671 7.561818e-68
1.518987 3.021967e-69
1.544304 1.255041e-70
1.56962 5.344931e-72
1.594937 2.348812e-73
1.620253 1.096168e-74
1.64557 5.669836e-76
1.670886 3.392234e-77
1.696203 2.386807e-78
1.721519 1.91822e-79
1.746835 1.657471e-80
1.772152 1.447359e-81
1.797468 1.216238e-82
1.822785 9.47404e-84
1.848101 6.628769e-85
1.873418 4.039203e-86
1.898734 2.06974e-87
1.924051 8.522867e-89
1.949367 2.636254e-90
1.974684 5.434443e-92
2 5.5932e-94
