0.556962 1
0.5822785 1
0.6075949 1
0.6329114 1
0.6582278 1
0.6835443 1
0.7088608 1
0.7341772 1
0.7594937 1
0.7848101 1
0.8101266 1
0.835443 0.9999951
0.8607595 0.9985476
0.8860759 0.9360128
0.9113924 0.4712498
0.9367089 0.02139989
0.9620253 0.0006559484
0.9873418 3.078595e-05
1.012658 1.024594e-06
1.037975 2.088039e-08
1.063291 3.996061e-10
1.088608 7.414009e-12
1.113924 2.625815e-13
1.139241 9.782401e-15
1.164557 1.114057e-15
1.189873 2.327346e-16
1.21519 4.107731e-17
1.240506 6.029103e-18
1.265823 7.142382e-19
1.291139 6.510299e-20
1.316456 4.323369e-21
1.341772 1.969353e-22
1.367089 5.883702e-24
1.392405 1.125176e-25
1.417722 1.346226e-27
1.443038 1.012341e-29
1.468354 4.875979e-32
1.493671 1.488962e-34
1.518987 2.933789e-37
1.544304 4.10301e-40
1.56962 4.410799e-43
1.594937 3.085868e-46
1.620253 8.707798e-50
1.64557 2.807268e-54
1.670886 1.022709e-59
1.696203 3.547539e-67
1.721519 2.128754e-70
1.746835 9.26637e-72
1.772152 4.311903e-73
1.797468 2.031907e-74
1.822785 9.587751e-76
1.848101 4.222302e-77
1.873418 1.607977e-78
1.898734 4.99803e-80
1.924051 1.205891e-81
1.949367 2.118649e-83
1.974684 2.421277e-85
2 1.359725e-87
