0.4050633 1
0.4303797 1
0.4556962 1
0.4810127 1
0.5063291 1
0.5316456 1
0.556962 1
0.5822785 1
0.6075949 1
0.6329114 1
0.6582278 1
0.6835443 1
0.7088608 1
0.7341772 1
0.7594937 1
0.7848101 1
0.8101266 1
0.835443 1
0.8607595 1
0.8860759 1
0.9113924 1
0.9367089 1
0.9620253 1
0.9873418 1
1.012658 1
1.037975 1
1.063291 1
1.088608 1
1.113924 1
1.139241 1
1.164557 1
1.189873 1
1.21519 1
1.240506 1
1.265823 1
1.291139 1
1.316456 1
1.341772 1
1.367089 0.9999911
1.392405 0.9993819
1.417722 0.9927993
1.443038 0.8458684
1.468354 0.2232718
1.493671 0.01424245
1.518987 0.0002073677
1.544304 6.117501e-07
1.56962 5.788557e-10
1.594937 1.236595e-12
1.620253 5.29636e-15
1.64557 1.884872e-17
1.670886 3.77139e-18
1.696203 1.833357e-18
1.721519 7.1698e-19
1.746835 2.256894e-19
1.772152 5.756904e-20
1.797468 1.188691e-20
1.822785 1.953368e-21
1.848101 2.448281e-22
1.873418 2.157775e-23
1.898734 1.118821e-24
1.924051 1.868928e-26
1.949367 8.486111e-43
1.974684 3.939351e-44
2 1.191893e-43
