0.02531646 1
0.05063291 1
0.07594937 1
0.1012658 1
0.1265823 1
0.1518987 1
0.1772152 1
0.2025316 1
0.2278481 0.9999978
0.2531646 0.9999562
0.278481 0.9997861
0.3037975 0.9988567
0.3291139 0.9066639
0.3544304 0.1939328
0.3797468 0.01963587
0.4050633 0.01963456
0.4303797 0.01963207
0.4556962 0.01963103
0.4810127 0.0817978
0.5063291 0.7792106
0.5316456 0.9825561
0.556962 0.6700579
0.5822785 0.0576987
0.6075949 0.001684359
0.6329114 4.848272e-05
0.6582278 3.539262e-05
0.6835443 0.0001027621
0.7088608 8.426433e-05
0.7341772 1.601452e-05
0.7594937 2.065833e-06
0.7848101 7.83567e-08
0.8101266 5.436373e-09
0.835443 4.712318e-09
0.8607595 4.659533e-09
0.8860759 3.621379e-09
0.9113924 2.346367e-09
0.9367089 1.356106e-09
0.9620253 2.111058e-08
0.9873418 4.413933e-07
1.012658 1.543823e-05
1.037975 0.0001406208
1.063291 0.0001808608
1.088608 8.416975e-05
1.113924 1.064257e-05
1.139241 2.268165e-07
1.164557 1.349501e-09
1.189873 1.094105e-09
1.21519 1.156451e-09
1.240506 1.234457e-09
1.265823 1.225589e-09
1.291139 1.138538e-09
1.316456 1.086577e-09
1.341772 1.224826e-09
1.367089 3.27531e-09
1.392405 7.196081e-09
1.417722 6.043987e-09
1.443038 2.377194e-09
1.468354 3.951238e-10
1.493671 1.316842e-10
1.518987 1.008202e-10
1.544304 8.657614e-11
1.56962 8.500817e-11
1.594937 9.158867e-11
1.620253 1.085016e-10
1.64557 1.386323e-10
1.670886 1.823372e-10
1.696203 2.291641e-10
1.721519 2.529469e-10
1.746835 2.443579e-10
1.772152 2.205604e-10
1.797468 1.869999e-10
1.822785 1.386296e-10
1.848101 7.920719e-11
1.873418 3.089882e-11
1.898734 1.819583e-11
1.924051 1.942862e-11
1.949367 3.340849e-11
1.974684 7.87519e-11
2 3.894512e-10
