0.4556962 1
0.4810127 1
0.5063291 1
0.5316456 1
0.556962 1
0.5822785 1
0.6075949 1
0.6329114 1
0.6582278 1
0.6835443 1
0.7088608 1
0.7341772 1
0.7594937 1
0.7848101 1
0.8101266 1
0.835443 1
0.8607595 1
0.8860759 1
0.9113924 1
0.9367089 1
0.9620253 1
0.9873418 1
1.012658 1
1.037975 1
1.063291 1
1.088608 1
1.113924 1
1.139241 1
1.164557 1
1.189873 1
1.21519 1
1.240506 1
1.265823 1
1.291139 1
1.316456 1
1.341772 0.9999998
1.367089 0.9998605
1.392405 0.9833207
1.417722 0.7118568
1.443038 0.09140234
1.468354 0.002255403
1.493671 8.394838e-05
1.518987 1.400129e-06
1.544304 3.207647e-09
1.56962 1.823709e-12
1.594937 3.073004e-15
1.620253 4.829681e-16
1.64557 1.073817e-17
1.670886 2.203108e-18
1.696203 1.044282e-18
1.721519 4.416207e-19
1.746835 1.62541e-19
1.772152 5.159016e-20
1.797468 1.42142e-20
1.822785 3.45232e-21
1.848101 7.631696e-22
1.873418 1.546674e-22
1.898734 2.760613e-23
1.924051 3.732875e-24
1.949367 2.831769e-25
1.974684 6.413388e-27
2 3.598995e-31
