0.556962 1
0.5822785 1
0.6075949 1
0.6329114 1
0.6582278 1
0.6835443 1
0.7088608 1
0.7341772 1
0.7594937 1
0.7848101 1
0.8101266 1
0.835443 1
0.8607595 1
0.8860759 1
0.9113924 1
0.9367089 1
0.9620253 1
0.9873418 1
1.012658 1
1.037975 1
1.063291 1
1.088608 1
1.113924 1
1.139241 1
1.164557 1
1.189873 1
1.21519 1
1.240506 1
1.265823 1
1.291139 1
1.316456 1
1.341772 0.999973
1.367089 0.9942971
1.392405 0.844824
1.417722 0.2343094
1.443038 0.007132982
1.468354 0.0002990171
1.493671 4.458e-06
1.518987 1.424013e-08
1.544304 4.736123e-11
1.56962 1.698675e-13
1.594937 1.361542e-15
1.620253 1.200133e-16
1.64557 1.805809e-17
1.670886 5.619771e-18
1.696203 1.465436e-18
1.721519 3.772521e-19
1.746835 1.022349e-19
1.772152 2.777986e-20
1.797468 7.025377e-21
1.822785 1.583028e-21
1.848101 3.1777e-22
1.873418 5.807624e-23
1.898734 9.418714e-24
1.924051 1.130565e-24
1.949367 6.189978e-26
1.974684 4.275939e-28
2 7.681671e-34
