0.02531646 1
0.05063291 1
0.07594937 1
0.1012658 1
0.1265823 1
0.1518987 1
0.1772152 0.9999998
0.2025316 0.9999997
0.2278481 0.9999999
0.2531646 0.9999996
0.278481 0.9999972
0.3037975 0.9999667
0.3291139 0.9990407
0.3544304 0.9990306
0.3797468 0.9992831
0.4050633 0.9988978
0.4303797 0.9994955
0.4556962 0.9856104
0.4810127 0.931644
0.5063291 0.95136
0.5316456 0.9864649
0.556962 0.9970038
0.5822785 0.9982518
0.6075949 0.9918197
0.6329114 0.8812758
0.6582278 0.9145851
0.6835443 0.9758311
0.7088608 0.9693071
0.7341772 0.5820474
0.7594937 0.02572638
0.7848101 0.0002377381
0.8101266 7.734748e-06
0.835443 3.347255e-07
0.8607595 1.879786e-08
0.8860759 1.879786e-08
0.9113924 1.879786e-08
0.9367089 1.879786e-08
0.9620253 2.165444e-08
0.9873418 2.522038e-09
1.012658 2.235853e-09
1.037975 2.235853e-09
1.063291 7.047764e-09
1.088608 9.060264e-08
1.113924 3.40883e-08
1.139241 3.539771e-09
1.164557 3.018811e-08
1.189873 5.496607e-07
1.21519 1.186417e-06
1.240506 5.881063e-07
1.265823 3.276446e-07
1.291139 3.88111e-08
1.316456 1.570914e-08
1.341772 1.068628e-09
1.367089 6.350124e-10
1.392405 6.833315e-10
1.417722 5.487268e-10
1.443038 1.876122e-10
1.468354 1.015736e-10
1.493671 2.869279e-11
1.518987 2.904623e-12
1.544304 2.239965e-14
1.56962 2.068571e-15
1.594937 6.322342e-16
1.620253 1.866764e-16
1.64557 6.729672e-17
1.670886 2.079e-17
1.696203 5.845283e-18
1.721519 1.609974e-18
1.746835 4.428403e-19
1.772152 1.222109e-19
1.797468 3.394583e-20
1.822785 9.536744e-21
1.848101 2.726262e-21
1.873418 7.972787e-22
1.898734 2.395108e-22
1.924051 7.416956e-23
1.949367 2.378263e-23
1.974684 7.945241e-24
2 2.787929e-24
