0.6075949 1
0.6329114 1
0.6582278 1
0.6835443 1
0.7088608 1
0.7341772 1
0.7594937 1
0.7848101 1
0.8101266 1
0.835443 1
0.8607595 1
0.8860759 1
0.9113924 1
0.9367089 0.9999993
0.9620253 0.9995907
0.9873418 0.9700473
1.012658 0.6212177
1.037975 0.04863722
1.063291 0.001417675
1.088608 5.706263e-05
1.113924 1.437015e-06
1.139241 2.396075e-08
1.164557 3.726233e-10
1.189873 5.306288e-12
1.21519 1.592124e-13
1.240506 6.626094e-15
1.265823 1.150125e-15
1.291139 3.264725e-16
1.316456 8.24972e-17
1.341772 1.762754e-17
1.367089 3.062949e-18
1.392405 4.202464e-19
1.417722 4.481747e-20
1.443038 3.717097e-21
1.468354 2.445021e-22
1.493671 1.287255e-23
1.518987 5.087629e-25
1.544304 1.42448e-26
1.56962 2.764801e-28
1.594937 3.705216e-30
1.620253 3.541109e-32
1.64557 1.858231e-34
1.670886 3.601413e-37
1.696203 4.466433e-40
1.721519 4.384755e-43
1.746835 1.321629e-46
1.772152 6.469915e-51
1.797468 5.120189e-56
1.822785 1.399467e-60
1.848101 6.948386e-65
1.873418 1.904403e-68
1.898734 1.215675e-72
1.924051 6.565553e-77
1.949367 1.211087e-78
1.974684 2.287318e-80
2 2.11358e-82
