0.02531646 1
0.05063291 1
0.07594937 1
0.1012658 1
0.1265823 1
0.1518987 1
0.1772152 1
0.2025316 1
0.2278481 1
0.2531646 1
0.278481 0.9999983
0.3037975 0.9995716
0.3291139 0.9904301
0.3544304 0.9717507
0.3797468 0.978491
0.4050633 0.9957904
0.4303797 0.9973176
0.4556962 0.9995748
0.4810127 0.999567
0.5063291 0.9862155
0.5316456 0.9701694
0.556962 0.9536299
0.5822785 0.9888164
0.6075949 0.9991717
0.6329114 0.9995655
0.6582278 0.9995654
0.6835443 0.9917953
0.7088608 0.8228872
0.7341772 0.2411486
0.7594937 0.007476474
0.7848101 0.001972339
0.8101266 3.975886e-05
0.835443 8.003601e-07
0.8607595 4.280806e-07
0.8860759 4.280806e-07
0.9113924 4.538519e-07
0.9367089 1.130225e-06
0.9620253 2.52771e-09
0.9873418 1.139155e-08
1.012658 5.84217e-07
1.037975 6.133773e-06
1.063291 1.510558e-05
1.088608 1.102071e-05
1.113924 6.160695e-07
1.139241 8.140394e-08
1.164557 1.057655e-07
1.189873 3.315829e-07
1.21519 6.004239e-08
1.240506 4.737494e-08
1.265823 8.891444e-08
1.291139 3.764883e-08
1.316456 4.309478e-10
1.341772 4.232626e-10
1.367089 4.201141e-10
1.392405 2.994853e-10
1.417722 1.706594e-10
1.443038 3.40557e-11
1.468354 3.036098e-12
1.493671 5.224657e-14
1.518987 3.918861e-16
1.544304 5.565861e-17
1.56962 6.84514e-18
1.594937 1.208898e-18
1.620253 2.056419e-19
1.64557 2.873606e-20
1.670886 3.535483e-21
1.696203 4.030759e-22
1.721519 4.460222e-23
1.746835 5.076353e-24
1.772152 6.330009e-25
1.797468 8.895271e-26
1.822785 1.362271e-26
1.848101 2.139947e-27
1.873418 3.303055e-28
1.898734 4.897713e-29
1.924051 6.943197e-30
1.949367 9.459969e-31
1.974684 1.252317e-31
2 1.596545e-32
