0.02531646 1
0.05063291 1
0.07594937 1
0.1012658 1
0.1265823 1
0.1518987 1
0.1772152 1
0.2025316 0.9999975
0.2278481 0.9996216
0.2531646 0.9856247
0.278481 0.7206868
0.3037975 0.06342347
0.3291139 0.0003717405
0.3544304 5.786735e-05
0.3797468 1.337749e-05
0.4050633 1.713748e-07
0.4303797 6.00398e-09
0.4556962 4.51316e-10
0.4810127 1.324029e-10
0.5063291 5.714826e-11
0.5316456 1.525078e-11
0.556962 2.939769e-12
0.5822785 4.893747e-13
0.6075949 7.212477e-14
0.6329114 1.157689e-14
0.6582278 3.459778e-15
0.6835443 1.872995e-15
0.7088608 1.121828e-15
0.7341772 6.919668e-16
0.7594937 4.251441e-16
0.7848101 2.700347e-16
0.8101266 1.833785e-16
0.835443 1.37428e-16
0.8607595 1.178519e-16
0.8860759 1.242866e-16
0.9113924 1.788397e-16
0.9367089 3.481596e-16
0.9620253 7.693524e-16
0.9873418 1.653726e-15
1.012658 4.227641e-15
1.037975 1.386448e-14
1.063291 4.931513e-14
1.088608 4.023361e-13
1.113924 6.072111e-12
1.139241 9.957615e-11
1.164557 2.559489e-09
1.189873 4.919904e-08
1.21519 5.872836e-07
1.240506 5.593401e-06
1.265823 0.0001121794
1.291139 0.0004874042
1.316456 0.0005537085
1.341772 0.0005557101
1.367089 0.0004593176
1.392405 0.0002489456
1.417722 7.593518e-05
1.443038 1.377021e-05
1.468354 1.387586e-06
1.493671 1.742702e-07
1.518987 1.742702e-07
1.544304 2.066641e-07
1.56962 1.258308e-06
1.594937 9.532432e-06
1.620253 6.819225e-05
1.64557 0.0001038232
1.670886 6.008218e-05
1.696203 1.78502e-05
1.721519 4.96499e-06
1.746835 1.898702e-05
1.772152 5.488439e-05
1.797468 0.0001235716
1.822785 0.0001440032
1.848101 0.0001085961
1.873418 2.822757e-05
1.898734 2.893437e-06
1.924051 2.625701e-07
1.949367 4.099916e-08
1.974684 2.618971e-08
2 7.394588e-09
