0.7341772 1
0.7594937 1
0.7848101 1
0.8101266 1
0.835443 1
0.8607595 1
0.8860759 1
0.9113924 1
0.9367089 1
0.9620253 1
0.9873418 1
1.012658 1
1.037975 1
1.063291 1
1.088608 1
1.113924 1
1.139241 1
1.164557 1
1.189873 1
1.21519 1
1.240506 1
1.265823 0.9999999
1.291139 0.9998989
1.316456 0.9871606
1.341772 0.7595283
1.367089 0.122807
1.392405 0.002934687
1.417722 9.247769e-05
1.443038 3.135329e-06
1.468354 2.596868e-08
1.493671 9.642612e-11
1.518987 4.483271e-13
1.544304 5.684706e-15
1.56962 4.674827e-16
1.594937 3.886378e-17
1.620253 4.494217e-18
1.64557 1.022313e-18
1.670886 1.904022e-19
1.696203 3.355768e-20
1.721519 5.452586e-21
1.746835 6.952524e-22
1.772152 5.719012e-23
1.797468 2.451675e-24
1.822785 4.252636e-26
1.848101 2.210177e-28
1.873418 2.335232e-31
1.898734 2.651085e-35
1.924051 1.005857e-40
1.949367 4.47659e-46
1.974684 8.274049e-48
2 7.971541e-52
