0.02531646 0.9999999
0.05063291 1
0.07594937 1
0.1012658 1
0.1265823 1
0.1518987 1
0.1772152 1
0.2025316 0.9999984
0.2278481 0.9998809
0.2531646 0.999742
0.278481 0.9936769
0.3037975 0.9506607
0.3291139 0.1716329
0.3544304 0.01813746
0.3797468 0.017207
0.4050633 0.07676492
0.4303797 0.4843658
0.4556962 0.1347359
0.4810127 0.04094831
0.5063291 0.07356652
0.5316456 0.1215044
0.556962 0.002782249
0.5822785 0.001032777
0.6075949 0.001599614
0.6329114 0.0004970726
0.6582278 6.17088e-05
0.6835443 3.608997e-05
0.7088608 6.583794e-05
0.7341772 2.191148e-05
0.7594937 1.099973e-05
0.7848101 0.0001252915
0.8101266 0.0007231784
0.835443 0.001562872
0.8607595 0.001487177
0.8860759 0.0004629577
0.9113924 9.750023e-05
0.9367089 9.060369e-05
0.9620253 0.0002573658
0.9873418 0.0003665829
1.012658 0.0001776903
1.037975 4.095604e-05
1.063291 9.334118e-06
1.088608 1.438429e-06
1.113924 7.153514e-08
1.139241 6.244511e-10
1.164557 6.244511e-10
1.189873 7.229021e-10
1.21519 1.187788e-09
1.240506 6.522321e-10
1.265823 6.286163e-10
1.291139 5.414752e-10
1.316456 4.704842e-10
1.341772 6.411441e-09
1.367089 4.959952e-06
1.392405 0.0001333162
1.417722 0.0002490988
1.443038 0.0002275879
1.468354 1.478935e-05
1.493671 3.717297e-07
1.518987 7.863401e-09
1.544304 1.679535e-09
1.56962 2.613572e-08
1.594937 4.495685e-08
1.620253 3.382481e-08
1.64557 5.60887e-09
1.670886 3.475678e-10
1.696203 1.086185e-10
1.721519 6.693856e-11
1.746835 4.600743e-11
1.772152 3.509677e-11
1.797468 2.930851e-11
1.822785 2.952658e-11
1.848101 4.131542e-11
1.873418 1.065877e-10
1.898734 3.679213e-10
1.924051 5.05222e-10
1.949367 3.03214e-10
1.974684 3.078952e-11
2 4.800704e-13
