0.02531646 1
0.05063291 1
0.07594937 1
0.1012658 1
0.1265823 1
0.1518987 1
0.1772152 1
0.2025316 0.9999988
0.2278481 0.9999503
0.2531646 0.9983637
0.278481 0.928165
0.3037975 0.3685942
0.3291139 0.02471402
0.3544304 0.01500554
0.3797468 0.2423866
0.4050633 0.04778717
0.4303797 0.1359828
0.4556962 0.1360415
0.4810127 0.3037233
0.5063291 0.2456065
0.5316456 0.08319045
0.556962 0.03217203
0.5822785 0.01019986
0.6075949 0.00279424
0.6329114 0.0007733638
0.6582278 0.000546356
0.6835443 0.0007063662
0.7088608 0.0002919064
0.7341772 2.270817e-05
0.7594937 8.148445e-06
0.7848101 1.162753e-06
0.8101266 1.768224e-06
0.835443 1.39095e-05
0.8607595 6.549545e-05
0.8860759 3.841785e-06
0.9113924 2.449204e-06
0.9367089 3.511913e-06
0.9620253 9.941464e-06
0.9873418 3.206117e-05
1.012658 3.580426e-05
1.037975 1.186125e-05
1.063291 1.325621e-06
1.088608 6.348039e-08
1.113924 2.893427e-07
1.139241 1.070807e-05
1.164557 4.117494e-05
1.189873 4.099584e-05
1.21519 1.374466e-05
1.240506 1.232991e-06
1.265823 1.505061e-08
1.291139 7.555699e-10
1.316456 2.635135e-08
1.341772 6.778721e-08
1.367089 3.442052e-08
1.392405 1.229627e-08
1.417722 7.097687e-09
1.443038 1.810932e-09
1.468354 7.121744e-10
1.493671 5.224396e-10
1.518987 4.543632e-10
1.544304 4.543632e-10
1.56962 6.986689e-09
1.594937 2.227379e-08
1.620253 1.819649e-09
1.64557 6.496426e-11
1.670886 5.899425e-11
1.696203 3.752719e-11
1.721519 1.507014e-11
1.746835 7.942848e-12
1.772152 5.271874e-12
1.797468 4.255828e-12
1.822785 4.033643e-12
1.848101 4.51691e-12
1.873418 6.9643e-12
1.898734 2.485058e-11
1.924051 1.493769e-10
1.949367 4.736748e-10
1.974684 3.891093e-10
2 6.377093e-11
