0.5822785 1
0.6075949 1
0.6329114 1
0.6582278 1
0.6835443 1
0.7088608 1
0.7341772 1
0.7594937 1
0.7848101 1
0.8101266 1
0.835443 1
0.8607595 1
0.8860759 1
0.9113924 1
0.9367089 1
0.9620253 1
0.9873418 1
1.012658 1
1.037975 1
1.063291 1
1.088608 1
1.113924 1
1.139241 1
1.164557 1
1.189873 1
1.21519 1
1.240506 1
1.265823 1
1.291139 1
1.316456 0.9999999
1.341772 0.99993
1.367089 0.9936218
1.392405 0.8592617
1.417722 0.2781656
1.443038 0.01118162
1.468354 0.0002039927
1.493671 1.844742e-06
1.518987 1.143999e-08
1.544304 2.48622e-11
1.56962 5.276879e-14
1.594937 8.89434e-16
1.620253 5.693392e-17
1.64557 1.717745e-17
1.670886 3.650989e-18
1.696203 6.369278e-19
1.721519 1.074803e-19
1.746835 2.118762e-20
1.772152 4.57442e-21
1.797468 7.962095e-22
1.822785 8.235097e-23
1.848101 3.744241e-24
1.873418 5.320452e-26
1.898734 2.148064e-28
1.924051 5.830286e-31
1.949367 4.623753e-34
1.974684 1.378873e-38
2 6.870188e-45
