0.1265823 1
0.1518987 1
0.1772152 1
0.2025316 1
0.2278481 1
0.2531646 1
0.278481 1
0.3037975 1
0.3291139 1
0.3544304 1
0.3797468 1
0.4050633 1
0.4303797 1
0.4556962 1
0.4810127 1
0.5063291 1
0.5316456 1
0.556962 1
0.5822785 1
0.6075949 1
0.6329114 0.9999999
0.6582278 0.9999995
0.6835443 0.9999958
0.7088608 0.999952
0.7341772 0.999138
0.7594937 0.9695739
0.7848101 0.3707953
0.8101266 0.03582289
0.835443 0.0009751213
0.8607595 4.741331e-06
0.8860759 2.673577e-09
0.9113924 1.619053e-11
0.9367089 2.554293e-11
0.9620253 2.6815e-11
0.9873418 1.872439e-11
1.012658 5.70357e-12
1.037975 4.830276e-13
1.063291 8.789681e-15
1.088608 3.947073e-16
1.113924 2.991329e-16
1.139241 2.344059e-16
1.164557 1.56906e-16
1.189873 9.098491e-17
1.21519 4.555035e-17
1.240506 1.92928e-17
1.265823 6.724874e-18
1.291139 1.865697e-18
1.316456 3.787319e-19
1.341772 4.704063e-20
1.367089 2.164626e-21
1.392405 1.49954e-35
1.417722 5.673409e-40
1.443038 1.251966e-39
1.468354 2.100385e-39
1.493671 2.767497e-39
1.518987 2.927773e-39
1.544304 2.525872e-39
1.56962 1.79766e-39
1.594937 1.064911e-39
1.620253 5.28926e-40
1.64557 2.216082e-40
1.670886 7.871033e-41
1.696203 2.378633e-41
1.721519 6.129003e-42
1.746835 1.346793e-42
1.772152 2.518461e-43
1.797468 3.988105e-44
1.822785 5.304249e-45
1.848101 5.852466e-46
1.873418 5.26229e-47
1.898734 3.758319e-48
1.924051 2.052141e-49
1.949367 8.057559e-51
1.974684 2.031277e-52
2 2.479898e-54
