0.02531646 0.9999998
0.05063291 1
0.07594937 1
0.1012658 1
0.1265823 1
0.1518987 1
0.1772152 1
0.2025316 1
0.2278481 1
0.2531646 1
0.278481 1
0.3037975 1
0.3291139 0.9999986
0.3544304 0.9999899
0.3797468 0.9999843
0.4050633 0.9996374
0.4303797 0.9993652
0.4556962 0.9997721
0.4810127 0.9978954
0.5063291 0.9998999
0.5316456 0.99954
0.556962 0.9834682
0.5822785 0.9693295
0.6075949 0.9893033
0.6329114 0.7476377
0.6582278 0.6448357
0.6835443 0.8338888
0.7088608 0.9961445
0.7341772 0.804483
0.7594937 0.1380761
0.7848101 0.002494203
0.8101266 1.841964e-05
0.835443 3.959756e-07
0.8607595 5.806178e-08
0.8860759 7.17023e-09
0.9113924 2.059177e-09
0.9367089 2.059177e-09
0.9620253 2.059177e-09
0.9873418 2.335497e-08
1.012658 3.200153e-06
1.037975 4.122632e-05
1.063291 9.45511e-05
1.088608 9.363322e-05
1.113924 2.647983e-06
1.139241 1.285934e-07
1.164557 3.182168e-09
1.189873 6.616941e-09
1.21519 1.849786e-08
1.240506 5.06995e-10
1.265823 4.491526e-10
1.291139 5.8534e-10
1.316456 8.454708e-10
1.341772 1.260707e-09
1.367089 1.480103e-09
1.392405 1.374238e-09
1.417722 8.310546e-10
1.443038 3.698098e-10
1.468354 1.185112e-10
1.493671 5.920985e-11
1.518987 4.090344e-11
1.544304 4.403555e-11
1.56962 8.307808e-11
1.594937 2.27376e-10
1.620253 5.401967e-10
1.64557 5.051314e-10
1.670886 1.484123e-09
1.696203 1.239931e-07
1.721519 5.709718e-06
1.746835 1.534106e-05
1.772152 8.505518e-06
1.797468 8.103016e-07
1.822785 5.718896e-07
1.848101 8.984121e-07
1.873418 1.965105e-06
1.898734 1.023043e-07
1.924051 2.602794e-10
1.949367 2.984238e-11
1.974684 4.213999e-11
2 6.970222e-12
