0.2531646 1
0.278481 1
0.3037975 1
0.3291139 1
0.3544304 1
0.3797468 1
0.4050633 1
0.4303797 1
0.4556962 0.999999
0.4810127 0.9995377
0.5063291 0.9726456
0.5316456 0.7247434
0.556962 0.08743498
0.5822785 0.003477265
0.6075949 0.0001098038
0.6329114 6.825852e-06
0.6582278 1.260945e-06
0.6835443 5.79706e-08
0.7088608 3.114674e-09
0.7341772 1.408952e-10
0.7594937 1.116832e-11
0.7848101 1.149377e-12
0.8101266 1.026832e-13
0.835443 9.338326e-15
0.8607595 1.663046e-15
0.8860759 5.243101e-16
0.9113924 1.461125e-16
0.9367089 3.429256e-17
0.9620253 6.459897e-18
0.9873418 9.446689e-19
1.012658 1.025557e-19
1.037975 7.924317e-21
1.063291 4.238737e-22
1.088608 1.526485e-23
1.113924 3.535997e-25
1.139241 4.824469e-27
1.164557 3.457854e-29
1.189873 1.075218e-31
1.21519 1.162221e-34
1.240506 4.158132e-38
1.265823 4.069881e-42
1.291139 6.6736e-47
1.316456 4.136577e-52
1.341772 9.459574e-55
1.367089 7.121019e-55
1.392405 4.649446e-55
1.417722 2.64904e-55
1.443038 1.331567e-55
1.468354 5.965574e-56
1.493671 2.40298e-56
1.518987 8.763743e-57
1.544304 2.908911e-57
1.56962 8.818825e-58
1.594937 2.44692e-58
1.620253 6.218296e-59
1.64557 1.446651e-59
1.670886 3.076222e-60
1.696203 5.963281e-61
1.721519 1.04978e-61
1.746835 1.669394e-62
1.772152 2.381335e-63
1.797468 3.019546e-64
1.822785 3.363933e-65
1.848101 3.242925e-66
1.873418 2.651126e-67
1.898734 1.787378e-68
1.924051 9.542162e-70
1.949367 3.782147e-71
1.974684 9.893607e-73
2 1.280992e-74
