0.02531646 1
0.05063291 1
0.07594937 1
0.1012658 1
0.1265823 1
0.1518987 1
0.1772152 1
0.2025316 0.9999963
0.2278481 0.9998035
0.2531646 0.9967309
0.278481 0.951388
0.3037975 0.05294338
0.3291139 0.001675587
0.3544304 0.0002356643
0.3797468 0.0001116469
0.4050633 0.001556383
0.4303797 0.01159919
0.4556962 0.01737004
0.4810127 0.01737003
0.5063291 0.01187537
0.5316456 0.002846289
0.556962 0.0002305861
0.5822785 2.81248e-05
0.6075949 6.861217e-05
0.6329114 0.0001667613
0.6582278 0.0002591484
0.6835443 0.0001265862
0.7088608 2.043983e-05
0.7341772 2.028146e-06
0.7594937 1.730279e-06
0.7848101 3.967271e-06
0.8101266 6.791713e-06
0.835443 6.094739e-06
0.8607595 3.858447e-06
0.8860759 2.666738e-06
0.9113924 3.421607e-06
0.9367089 1.475164e-05
0.9620253 0.0001439798
0.9873418 0.0002425923
1.012658 0.0001150079
1.037975 1.726686e-05
1.063291 4.59453e-06
1.088608 3.72568e-05
1.113924 0.0002126839
1.139241 0.0002548531
1.164557 0.0003949775
1.189873 0.0009035517
1.21519 0.001244288
1.240506 0.001244288
1.265823 0.0009474044
1.291139 0.0003285954
1.316456 9.25256e-05
1.341772 1.819062e-05
1.367089 2.160386e-06
1.392405 1.99955e-07
1.417722 2.757427e-07
1.443038 1.032757e-06
1.468354 1.752195e-06
1.493671 4.868587e-06
1.518987 1.265531e-05
1.544304 1.773533e-05
1.56962 2.434339e-05
1.594937 3.896582e-05
1.620253 1.885079e-05
1.64557 1.352365e-05
1.670886 4.43077e-05
1.696203 8.183752e-05
1.721519 8.183689e-05
1.746835 5.537968e-05
1.772152 1.597635e-05
1.797468 2.548806e-06
1.822785 1.283149e-07
1.848101 1.348695e-09
1.873418 2.217347e-10
1.898734 3.055918e-10
1.924051 3.997866e-10
1.949367 3.903275e-10
1.974684 3.060914e-10
2 1.86248e-10
