0.4050633 1
0.4303797 1
0.4556962 1
0.4810127 1
0.5063291 1
0.5316456 1
0.556962 1
0.5822785 1
0.6075949 1
0.6329114 1
0.6582278 1
0.6835443 1
0.7088608 1
0.7341772 1
0.7594937 1
0.7848101 1
0.8101266 1
0.835443 1
0.8607595 1
0.8860759 1
0.9113924 1
0.9367089 1
0.9620253 1
0.9873418 1
1.012658 1
1.037975 1
1.063291 1
1.088608 1
1.113924 1
1.139241 1
1.164557 1
1.189873 1
1.21519 1
1.240506 1
1.265823 1
1.291139 1
1.316456 1
1.341772 0.9999998
1.367089 0.9999352
1.392405 0.9932219
1.417722 0.8569726
1.443038 0.2238308
1.468354 0.01253926
1.493671 0.0001835198
1.518987 2.222901e-06
1.544304 2.468609e-08
1.56962 9.075357e-11
1.594937 6.153257e-14
1.620253 1.595966e-16
1.64557 3.615534e-18
1.670886 7.865902e-19
1.696203 1.122257e-19
1.721519 1.233797e-20
1.746835 1.025947e-21
1.772152 4.242906e-23
1.797468 2.506834e-25
1.822785 4.000702e-56
1.848101 2.694659e-55
1.873418 1.226654e-54
1.898734 3.927492e-54
1.924051 8.893489e-54
1.949367 1.382905e-53
1.974684 1.351028e-53
2 6.3808e-54
