0.4303797 1
0.4556962 1
0.4810127 1
0.5063291 1
0.5316456 1
0.556962 1
0.5822785 1
0.6075949 1
0.6329114 1
0.6582278 1
0.6835443 1
0.7088608 1
0.7341772 1
0.7594937 1
0.7848101 1
0.8101266 1
0.835443 1
0.8607595 1
0.8860759 1
0.9113924 1
0.9367089 1
0.9620253 1
0.9873418 1
1.012658 1
1.037975 1
1.063291 1
1.088608 1
1.113924 1
1.139241 1
1.164557 1
1.189873 1
1.21519 1
1.240506 1
1.265823 1
1.291139 1
1.316456 1
1.341772 1
1.367089 0.9999967
1.392405 0.9998386
1.417722 0.9980994
1.443038 0.9579185
1.468354 0.5169624
1.493671 0.04597986
1.518987 0.0009826907
1.544304 4.074607e-06
1.56962 3.297001e-09
1.594937 1.227846e-12
1.620253 6.788233e-15
1.64557 5.439095e-17
1.670886 6.24499e-18
1.696203 3.324197e-18
1.721519 1.617859e-18
1.746835 6.986219e-19
1.772152 2.635559e-19
1.797468 8.75235e-20
1.822785 2.597876e-20
1.848101 6.93499e-21
1.873418 1.731993e-21
1.898734 4.035766e-22
1.924051 8.815352e-23
1.949367 1.819083e-23
1.974684 3.597696e-24
2 6.918325e-25
