0.4050633 1
0.4303797 1
0.4556962 1
0.4810127 1
0.5063291 1
0.5316456 1
0.556962 1
0.5822785 1
0.6075949 1
0.6329114 0.9999961
0.6582278 0.999565
0.6835443 0.9844989
0.7088608 0.7930144
0.7341772 0.08526439
0.7594937 0.0009417515
0.7848101 3.066361e-05
0.8101266 2.854967e-06
0.835443 2.217649e-07
0.8607595 4.3497e-09
0.8860759 9.047916e-11
0.9113924 3.725724e-12
0.9367089 3.68506e-13
0.9620253 2.839008e-14
0.9873418 2.630013e-15
1.012658 6.306061e-16
1.037975 1.352571e-16
1.063291 2.264048e-17
1.088608 2.893048e-18
1.113924 2.749843e-19
1.139241 1.875372e-20
1.164557 8.739295e-22
1.189873 2.60161e-23
1.21519 4.473392e-25
1.240506 3.881441e-27
1.265823 1.407419e-29
1.291139 1.77869e-32
1.316456 6.232818e-36
1.341772 4.312413e-40
1.367089 5.672161e-45
1.392405 9.555846e-51
1.417722 6.281708e-57
1.443038 1.199416e-62
1.468354 1.738205e-65
1.493671 7.428874e-67
1.518987 3.196337e-68
1.544304 1.439204e-69
1.56962 6.828946e-71
1.594937 3.327747e-72
1.620253 1.632976e-73
1.64557 8.048628e-75
1.670886 4.007631e-76
1.696203 2.035085e-77
1.721519 1.066283e-78
1.746835 5.795022e-80
1.772152 3.222001e-81
1.797468 1.774022e-82
1.822785 9.32124e-84
1.848101 4.525516e-85
1.873418 1.970632e-86
1.898734 7.434192e-88
1.924051 2.317272e-89
1.949367 5.556723e-91
1.974684 9.053163e-93
2 7.475303e-95
