0.02531646 1
0.05063291 1
0.07594937 1
0.1012658 1
0.1265823 1
0.1518987 1
0.1772152 1
0.2025316 1
0.2278481 1
0.2531646 0.9999999
0.278481 0.999998
0.3037975 0.9999977
0.3291139 0.9999997
0.3544304 0.9999909
0.3797468 0.9999198
0.4050633 0.9999906
0.4303797 0.9997092
0.4556962 0.9998407
0.4810127 0.9999984
0.5063291 0.9999654
0.5316456 0.9996105
0.556962 0.9891138
0.5822785 0.9278196
0.6075949 0.9947731
0.6329114 0.9997043
0.6582278 0.999708
0.6835443 0.9992436
0.7088608 0.993396
0.7341772 0.8922075
0.7594937 0.2595759
0.7848101 0.02357131
0.8101266 0.001709147
0.835443 6.340555e-05
0.8607595 6.852902e-07
0.8860759 6.944754e-09
0.9113924 2.059177e-09
0.9367089 2.059177e-09
0.9620253 3.74764e-09
0.9873418 1.444198e-08
1.012658 5.141505e-08
1.037975 2.840889e-08
1.063291 4.728349e-09
1.088608 1.394919e-09
1.113924 1.394919e-09
1.139241 7.172408e-09
1.164557 4.197824e-07
1.189873 1.212963e-07
1.21519 1.817646e-08
1.240506 3.256871e-08
1.265823 1.67129e-08
1.291139 2.072925e-09
1.316456 6.703615e-10
1.341772 6.028366e-10
1.367089 2.731942e-10
1.392405 1.409855e-10
1.417722 1.129526e-10
1.443038 1.103005e-10
1.468354 1.332948e-10
1.493671 2.03728e-10
1.518987 4.400687e-10
1.544304 1.120131e-09
1.56962 1.178354e-09
1.594937 1.114659e-09
1.620253 9.463634e-09
1.64557 3.025851e-07
1.670886 4.712531e-07
1.696203 7.74738e-08
1.721519 1.461813e-07
1.746835 3.927636e-06
1.772152 3.130151e-05
1.797468 3.13005e-05
1.822785 1.150983e-05
1.848101 5.194554e-07
1.873418 4.916288e-08
1.898734 2.013692e-10
1.924051 3.3881e-11
1.949367 4.026346e-11
1.974684 1.34276e-11
2 1.407535e-13
