0.02531646 1
0.05063291 1
0.07594937 1
0.1012658 1
0.1265823 1
0.1518987 1
0.1772152 1
0.2025316 0.9999829
0.2278481 0.9977473
0.2531646 0.9511967
0.278481 0.5689945
0.3037975 0.009007138
0.3291139 0.0003139922
0.3544304 6.298786e-05
0.3797468 4.698255e-06
0.4050633 1.119974e-07
0.4303797 4.741831e-09
0.4556962 4.468452e-10
0.4810127 1.751953e-10
0.5063291 8.573415e-11
0.5316456 2.949235e-11
0.556962 4.272653e-11
0.5822785 5.778476e-08
0.6075949 4.934316e-06
0.6329114 6.849813e-05
0.6582278 0.0006562959
0.6835443 0.003274078
0.7088608 0.003900436
0.7341772 0.0009126536
0.7594937 0.0001344725
0.7848101 2.164851e-05
0.8101266 4.883019e-06
0.835443 9.549986e-07
0.8607595 1.069922e-07
0.8860759 4.939469e-08
0.9113924 4.190503e-07
0.9367089 2.213409e-07
0.9620253 2.675086e-08
0.9873418 3.83315e-09
1.012658 3.113873e-10
1.037975 1.127086e-11
1.063291 1.749961e-12
1.088608 3.041594e-12
1.113924 7.263027e-12
1.139241 1.314731e-11
1.164557 1.476579e-11
1.189873 1.974913e-11
1.21519 1.754974e-10
1.240506 5.142582e-09
1.265823 1.287882e-07
1.291139 1.502024e-06
1.316456 1.070599e-05
1.341772 3.711456e-05
1.367089 8.272583e-05
1.392405 7.579303e-05
1.417722 3.154399e-05
1.443038 5.163708e-06
1.468354 5.235726e-07
1.493671 5.135014e-07
1.518987 2.192283e-06
1.544304 2.083433e-05
1.56962 8.723026e-05
1.594937 7.195148e-05
1.620253 2.227293e-05
1.64557 2.573678e-06
1.670886 1.898002e-06
1.696203 6.488826e-06
1.721519 4.679209e-05
1.746835 4.726765e-05
1.772152 1.96198e-05
1.797468 2.11901e-06
1.822785 1.454509e-06
1.848101 1.777877e-05
1.873418 5.120452e-05
1.898734 3.69031e-05
1.924051 2.46122e-05
1.949367 4.330733e-05
1.974684 0.0001099316
2 0.0003403873
