0.02531646 1
0.05063291 1
0.07594937 1
0.1012658 1
0.1265823 1
0.1518987 1
0.1772152 1
0.2025316 0.9999998
0.2278481 0.9999994
0.2531646 0.9999997
0.278481 0.9999999
0.3037975 0.9999982
0.3291139 0.9998778
0.3544304 0.9958812
0.3797468 0.9756436
0.4050633 0.9821923
0.4303797 0.9951925
0.4556962 0.9923779
0.4810127 0.8362186
0.5063291 0.9942129
0.5316456 0.9995663
0.556962 0.9994359
0.5822785 0.9989822
0.6075949 0.9895826
0.6329114 0.8183801
0.6582278 0.8557303
0.6835443 0.9809201
0.7088608 0.8081553
0.7341772 0.2033809
0.7594937 0.02561717
0.7848101 0.001246502
0.8101266 6.733009e-05
0.835443 6.523681e-06
0.8607595 6.523681e-06
0.8860759 6.523681e-06
0.9113924 1.211857e-05
0.9367089 5.289607e-05
0.9620253 0.0001473309
0.9873418 1.34666e-05
1.012658 9.181768e-08
1.037975 3.024063e-08
1.063291 5.573784e-07
1.088608 3.894848e-08
1.113924 7.794732e-10
1.139241 5.585489e-10
1.164557 5.58549e-10
1.189873 5.658112e-10
1.21519 1.564199e-09
1.240506 6.190144e-08
1.265823 2.794109e-08
1.291139 1.776645e-09
1.316456 7.284948e-10
1.341772 7.284949e-10
1.367089 7.284951e-10
1.392405 7.284953e-10
1.417722 8.682844e-10
1.443038 1.406113e-09
1.468354 3.322584e-09
1.493671 3.177599e-08
1.518987 6.490497e-06
1.544304 1.624938e-06
1.56962 7.576648e-08
1.594937 1.810675e-09
1.620253 1.326568e-09
1.64557 2.092796e-09
1.670886 2.639881e-09
1.696203 1.030002e-09
1.721519 2.298717e-10
1.746835 2.222565e-11
1.772152 4.392114e-13
1.797468 1.95388e-14
1.822785 7.194848e-15
1.848101 2.914234e-15
1.873418 1.26538e-15
1.898734 7.379738e-16
1.924051 4.670328e-16
1.949367 2.766335e-16
1.974684 1.422426e-16
2 4.738007e-17
