0.02531646 1
0.05063291 1
0.07594937 0.9999998
0.1012658 1
0.1265823 1
0.1518987 1
0.1772152 1
0.2025316 1
0.2278481 1
0.2531646 1
0.278481 1
0.3037975 1
0.3291139 1
0.3544304 0.9999969
0.3797468 0.9999972
0.4050633 0.9999965
0.4303797 0.9999905
0.4556962 0.9999706
0.4810127 0.9999498
0.5063291 0.9999577
0.5316456 0.9995817
0.556962 0.9985616
0.5822785 0.999103
0.6075949 0.99957
0.6329114 0.9995342
0.6582278 0.9877692
0.6835443 0.6708342
0.7088608 0.5475945
0.7341772 0.8335014
0.7594937 0.06815298
0.7848101 5.294697e-05
0.8101266 4.685464e-06
0.835443 4.685464e-06
0.8607595 1.487999e-05
0.8860759 1.51385e-06
0.9113924 1.084247e-06
0.9367089 1.946295e-06
0.9620253 8.638153e-06
0.9873418 4.680633e-07
1.012658 4.460518e-07
1.037975 5.145578e-06
1.063291 1.642125e-05
1.088608 1.603941e-05
1.113924 8.053449e-06
1.139241 5.841044e-06
1.164557 4.059926e-07
1.189873 7.377122e-10
1.21519 7.281291e-10
1.240506 1.742452e-09
1.265823 1.018342e-09
1.291139 2.600256e-09
1.316456 3.231126e-09
1.341772 3.659169e-09
1.367089 4.101394e-09
1.392405 3.819735e-11
1.417722 3.804271e-14
1.443038 4.332272e-15
1.468354 7.521635e-16
1.493671 9.504406e-17
1.518987 1.391234e-17
1.544304 2.190856e-18
1.56962 2.560967e-19
1.594937 2.802607e-20
1.620253 3.549335e-21
1.64557 5.367932e-22
1.670886 9.171432e-23
1.696203 1.665753e-23
1.721519 3.005715e-24
1.746835 5.097743e-25
1.772152 7.853938e-26
1.797468 1.077562e-26
1.822785 1.300554e-27
1.848101 1.37174e-28
1.873418 1.262909e-29
1.898734 1.018719e-30
1.924051 7.247389e-32
1.949367 4.549586e-33
1.974684 2.422199e-34
2 9.113274e-36
