0.2531646 1
0.278481 1
0.3037975 1
0.3291139 1
0.3544304 1
0.3797468 1
0.4050633 1
0.4303797 1
0.4556962 1
0.4810127 0.999999
0.5063291 0.999959
0.5316456 0.9994669
0.556962 0.9893509
0.5822785 0.7603299
0.6075949 0.1490855
0.6329114 0.007282491
0.6582278 9.628221e-05
0.6835443 8.98014e-07
0.7088608 4.29092e-08
0.7341772 3.532055e-09
0.7594937 3.328515e-10
0.7848101 4.104403e-11
0.8101266 4.404345e-12
0.835443 6.078712e-13
0.8607595 9.58762e-14
0.8860759 1.206072e-14
0.9113924 1.861955e-15
0.9367089 5.439162e-16
0.9620253 3.233673e-16
0.9873418 1.797463e-16
1.012658 8.646106e-17
1.037975 3.620572e-17
1.063291 1.325275e-17
1.088608 4.245169e-18
1.113924 1.185681e-18
1.139241 2.858594e-19
1.164557 5.83345e-20
1.189873 9.728295e-21
1.21519 1.242827e-21
1.240506 1.063192e-22
1.265823 4.088685e-24
1.291139 3.316389e-30
1.316456 1.627857e-47
1.341772 3.646997e-47
1.367089 6.427774e-47
1.392405 9.200565e-47
1.417722 1.093979e-46
1.443038 1.099407e-46
1.468354 9.469955e-47
1.493671 7.074251e-47
1.518987 4.629074e-47
1.544304 2.67578e-47
1.56962 1.375809e-47
1.594937 6.326667e-48
1.620253 2.612205e-48
1.64557 9.70764e-49
1.670886 3.250203e-49
1.696203 9.798744e-50
1.721519 2.654638e-50
1.746835 6.439074e-51
1.772152 1.390744e-51
1.797468 2.65443e-52
1.822785 4.431271e-53
1.848101 6.381067e-54
1.873418 7.776795e-55
1.898734 7.808597e-56
1.924051 6.207653e-57
1.949367 3.665993e-58
1.974684 1.430527e-59
2 2.767726e-61
