0.02531646 1
0.05063291 1
0.07594937 1
0.1012658 1
0.1265823 1
0.1518987 1
0.1772152 1
0.2025316 0.9999947
0.2278481 0.9983268
0.2531646 0.9170679
0.278481 0.07876414
0.3037975 0.007516871
0.3291139 0.005728627
0.3544304 0.0001592311
0.3797468 2.24373e-06
0.4050633 1.963358e-07
0.4303797 5.556446e-09
0.4556962 4.214303e-10
0.4810127 1.326873e-10
0.5063291 5.863687e-11
0.5316456 1.735187e-11
0.556962 3.919572e-12
0.5822785 7.634827e-13
0.6075949 1.249142e-13
0.6329114 1.998818e-14
0.6582278 5.581673e-15
0.6835443 2.732218e-15
0.7088608 1.700705e-15
0.7341772 1.255217e-15
0.7594937 9.535164e-16
0.7848101 8.050468e-16
0.8101266 9.200968e-16
0.835443 1.542332e-15
0.8607595 3.762136e-15
0.8860759 1.704776e-14
0.9113924 7.354355e-14
0.9367089 3.073713e-13
0.9620253 1.881631e-12
0.9873418 1.804709e-11
1.012658 4.331371e-11
1.037975 3.493685e-10
1.063291 1.024601e-08
1.088608 3.232648e-07
1.113924 8.994809e-06
1.139241 0.0001571734
1.164557 0.0003131674
1.189873 0.0002930099
1.21519 0.0001399735
1.240506 2.371546e-05
1.265823 9.329909e-07
1.291139 1.426586e-07
1.316456 1.426245e-07
1.341772 1.425905e-07
1.367089 1.425553e-07
1.392405 1.821327e-07
1.417722 1.678283e-06
1.443038 2.956669e-05
1.468354 0.0001211285
1.493671 0.0001227685
1.518987 0.0001227685
1.544304 7.97691e-05
1.56962 1.460115e-05
1.594937 6.697797e-07
1.620253 2.500094e-07
1.64557 1.073475e-06
1.670886 1.440218e-05
1.696203 9.176761e-05
1.721519 0.0001144333
1.746835 7.03731e-05
1.772152 1.527928e-05
1.797468 4.130239e-06
1.822785 4.130239e-06
1.848101 5.732012e-06
1.873418 4.364024e-05
1.898734 0.0001440862
1.924051 8.455671e-05
1.949367 1.919873e-05
1.974684 1.359138e-06
2 2.612668e-08
