0.5822785 1
0.6075949 1
0.6329114 1
0.6582278 1
0.6835443 1
0.7088608 1
0.7341772 1
0.7594937 1
0.7848101 1
0.8101266 1
0.835443 1
0.8607595 1
0.8860759 0.9999897
0.9113924 0.9974768
0.9367089 0.9092234
0.9620253 0.3775368
0.9873418 0.01328054
1.012658 0.0004265532
1.037975 1.609745e-05
1.063291 5.245951e-07
1.088608 8.114556e-09
1.113924 1.435167e-10
1.139241 2.351757e-12
1.164557 7.968418e-14
1.189873 3.460559e-15
1.21519 7.019729e-16
1.240506 1.56214e-16
1.265823 3.026743e-17
1.291139 4.933635e-18
1.316456 6.536778e-19
1.341772 6.808507e-20
1.367089 5.393945e-21
1.392405 3.14024e-22
1.417722 1.31273e-23
1.443038 3.96255e-25
1.468354 8.793107e-27
1.493671 1.397071e-28
1.518987 1.483051e-30
1.544304 9.897109e-33
1.56962 4.060507e-35
1.594937 1.102036e-37
1.620253 1.883009e-40
1.64557 2.128721e-43
1.670886 2.15791e-47
1.696203 1.010371e-51
1.721519 1.038017e-56
1.746835 7.380113e-62
1.772152 5.76683e-66
1.797468 8.98745e-70
1.822785 1.893336e-72
1.848101 7.001751e-74
1.873418 2.941225e-75
1.898734 1.003273e-76
1.924051 2.520336e-78
1.949367 4.234673e-80
1.974684 4.195692e-82
2 1.871779e-84
