0.02531646 0.9999998
0.05063291 1
0.07594937 1
0.1012658 1
0.1265823 1
0.1518987 1
0.1772152 0.9999999
0.2025316 1
0.2278481 0.9999999
0.2531646 0.9999996
0.278481 0.9999093
0.3037975 0.9793858
0.3291139 0.354892
0.3544304 0.02940142
0.3797468 0.03117694
0.4050633 0.2297395
0.4303797 0.9020588
0.4556962 0.9991723
0.4810127 0.9996796
0.5063291 0.9967931
0.5316456 0.9714948
0.556962 0.8727089
0.5822785 0.9625337
0.6075949 0.9409235
0.6329114 0.3888377
0.6582278 0.02683221
0.6835443 0.008451298
0.7088608 0.1241866
0.7341772 0.5452994
0.7594937 0.1531543
0.7848101 0.001303993
0.8101266 8.152146e-07
0.835443 5.466968e-10
0.8607595 1.035561e-09
0.8860759 1.604804e-08
0.9113924 3.994163e-08
0.9367089 1.523923e-08
0.9620253 1.963719e-09
0.9873418 3.469408e-10
1.012658 3.469408e-10
1.037975 3.486669e-10
1.063291 1.22245e-09
1.088608 5.8106e-10
1.113924 3.477628e-10
1.139241 3.565133e-10
1.164557 4.072525e-10
1.189873 4.724537e-10
1.21519 4.828642e-10
1.240506 3.805434e-10
1.265823 1.406145e-10
1.291139 1.843564e-11
1.316456 1.047918e-12
1.341772 4.972271e-14
1.367089 7.574588e-15
1.392405 5.368465e-15
1.417722 5.2831e-15
1.443038 1.482328e-14
1.468354 1.882217e-13
1.493671 1.047533e-12
1.518987 2.253533e-12
1.544304 2.020638e-11
1.56962 1.638472e-10
1.594937 6.965699e-10
1.620253 1.307512e-09
1.64557 1.444786e-09
1.670886 1.411339e-09
1.696203 2.202729e-09
1.721519 1.136292e-08
1.746835 1.438721e-08
1.772152 7.371138e-09
1.797468 1.332369e-09
1.822785 1.675236e-09
1.848101 1.165334e-08
1.873418 4.339349e-08
1.898734 4.425073e-08
1.924051 9.143358e-09
1.949367 1.240314e-09
1.974684 2.294602e-10
2 1.414884e-11
