0.5316456 1
0.556962 1
0.5822785 1
0.6075949 1
0.6329114 1
0.6582278 1
0.6835443 1
0.7088608 1
0.7341772 1
0.7594937 1
0.7848101 1
0.8101266 1
0.835443 1
0.8607595 1
0.8860759 1
0.9113924 1
0.9367089 1
0.9620253 1
0.9873418 1
1.012658 1
1.037975 1
1.063291 1
1.088608 1
1.113924 1
1.139241 1
1.164557 1
1.189873 1
1.21519 1
1.240506 1
1.265823 1
1.291139 1
1.316456 1
1.341772 0.9999999
1.367089 0.9999571
1.392405 0.9968895
1.417722 0.9399367
1.443038 0.4085455
1.468354 0.03554438
1.493671 0.0005961202
1.518987 3.20963e-06
1.544304 1.661138e-08
1.56962 4.421862e-11
1.594937 3.010863e-14
1.620253 5.952537e-16
1.64557 6.342617e-17
1.670886 2.154918e-17
1.696203 5.47595e-18
1.721519 1.341745e-18
1.746835 3.678314e-19
1.772152 1.139242e-19
1.797468 3.693145e-20
1.822785 1.166523e-20
1.848101 3.442553e-21
1.873418 9.330571e-22
1.898734 2.315625e-22
1.924051 5.248204e-23
1.949367 1.068859e-23
1.974684 1.867256e-24
2 2.436466e-25
