0.4050633 1
0.4303797 1
0.4556962 1
0.4810127 1
0.5063291 1
0.5316456 1
0.556962 1
0.5822785 1
0.6075949 1
0.6329114 1
0.6582278 1
0.6835443 1
0.7088608 1
0.7341772 1
0.7594937 1
0.7848101 1
0.8101266 1
0.835443 1
0.8607595 1
0.8860759 1
0.9113924 1
0.9367089 1
0.9620253 1
0.9873418 1
1.012658 1
1.037975 1
1.063291 1
1.088608 1
1.113924 1
1.139241 1
1.164557 1
1.189873 1
1.21519 1
1.240506 1
1.265823 1
1.291139 1
1.316456 1
1.341772 0.9999998
1.367089 0.9999472
1.392405 0.9947902
1.417722 0.8939608
1.443038 0.2765691
1.468354 0.01891435
1.493671 0.000308137
1.518987 2.743154e-06
1.544304 2.78998e-08
1.56962 1.306265e-10
1.594937 1.388066e-13
1.620253 2.065511e-16
1.64557 3.874984e-18
1.670886 1.134929e-18
1.696203 2.137814e-19
1.721519 2.909139e-20
1.746835 2.807532e-21
1.772152 1.504382e-22
1.797468 1.392763e-24
1.822785 7.85562e-54
1.848101 2.533092e-54
1.873418 1.493223e-53
1.898734 5.897906e-53
1.924051 1.601567e-52
1.949367 2.936927e-52
1.974684 3.353346e-52
2 1.845272e-52
