0.02531646 0.9999997
0.05063291 0.9999996
0.07594937 1
0.1012658 0.9999997
0.1265823 0.9999997
0.1518987 1
0.1772152 1
0.2025316 1
0.2278481 1
0.2531646 1
0.278481 1
0.3037975 1
0.3291139 0.9999999
0.3544304 0.9999973
0.3797468 0.9999689
0.4050633 0.9999906
0.4303797 0.9999992
0.4556962 0.9999862
0.4810127 0.9999998
0.5063291 0.9999998
0.5316456 0.9999997
0.556962 0.9999978
0.5822785 0.99992
0.6075949 0.9851564
0.6329114 0.8908862
0.6582278 0.9468222
0.6835443 0.9997363
0.7088608 0.9743661
0.7341772 0.5658896
0.7594937 0.03842885
0.7848101 0.01639719
0.8101266 0.001556732
0.835443 8.428652e-05
0.8607595 0.0001446959
0.8860759 0.0003332514
0.9113924 0.0001405184
0.9367089 6.043334e-06
0.9620253 1.239808e-05
0.9873418 2.43606e-05
1.012658 7.963446e-06
1.037975 9.161599e-07
1.063291 9.585016e-09
1.088608 1.036005e-09
1.113924 1.031303e-09
1.139241 1.017411e-09
1.164557 1.012845e-09
1.189873 1.86176e-09
1.21519 1.297765e-08
1.240506 2.220596e-08
1.265823 8.620821e-09
1.291139 2.048829e-08
1.316456 3.001422e-08
1.341772 3.757658e-10
1.367089 1.87687e-12
1.392405 5.042268e-13
1.417722 1.021192e-13
1.443038 8.527438e-15
1.468354 5.96095e-16
1.493671 3.841151e-17
1.518987 5.535842e-18
1.544304 7.799755e-19
1.56962 9.027507e-20
1.594937 1.194518e-20
1.620253 2.017976e-21
1.64557 3.907453e-22
1.670886 7.799775e-23
1.696203 1.496779e-23
1.721519 2.644036e-24
1.746835 4.190694e-25
1.772152 5.856874e-26
1.797468 7.121974e-27
1.822785 7.464497e-28
1.848101 6.709131e-29
1.873418 5.164526e-30
1.898734 3.407824e-31
1.924051 1.930541e-32
1.949367 9.348914e-34
1.974684 3.772515e-35
2 1.169371e-36
