0.4050633 1
0.4303797 1
0.4556962 1
0.4810127 1
0.5063291 1
0.5316456 1
0.556962 1
0.5822785 1
0.6075949 1
0.6329114 1
0.6582278 1
0.6835443 1
0.7088608 1
0.7341772 1
0.7594937 1
0.7848101 1
0.8101266 1
0.835443 1
0.8607595 1
0.8860759 1
0.9113924 1
0.9367089 1
0.9620253 1
0.9873418 1
1.012658 1
1.037975 1
1.063291 1
1.088608 1
1.113924 1
1.139241 1
1.164557 1
1.189873 1
1.21519 1
1.240506 1
1.265823 1
1.291139 1
1.316456 1
1.341772 0.9999999
1.367089 0.9999961
1.392405 0.9999562
1.417722 0.9996836
1.443038 0.9959078
1.468354 0.8770139
1.493671 0.2532342
1.518987 0.008428862
1.544304 9.608401e-05
1.56962 1.852467e-07
1.594937 8.400239e-11
1.620253 8.63731e-15
1.64557 1.011559e-18
1.670886 2.940814e-19
1.696203 1.94219e-19
1.721519 9.945092e-20
1.746835 3.497724e-20
1.772152 5.757509e-21
1.797468 1.740247e-23
1.822785 2.497385e-84
1.848101 1.012048e-83
1.873418 3.219409e-83
1.898734 7.745029e-83
1.924051 1.352295e-82
1.949367 1.617442e-82
1.974684 1.192048e-82
2 4.121993e-83
