0.278481 1
0.3037975 1
0.3291139 1
0.3544304 1
0.3797468 1
0.4050633 1
0.4303797 1
0.4556962 1
0.4810127 0.9999999
0.5063291 0.9999296
0.5316456 0.9902832
0.556962 0.7999015
0.5822785 0.1466589
0.6075949 0.01157442
0.6329114 0.0004337863
0.6582278 1.442935e-05
0.6835443 1.198923e-06
0.7088608 1.526857e-07
0.7341772 4.593585e-09
0.7594937 1.931587e-10
0.7848101 1.132006e-11
0.8101266 1.107712e-12
0.835443 9.59604e-14
0.8607595 8.756599e-15
0.8860759 1.662134e-15
0.9113924 5.247028e-16
0.9367089 1.418729e-16
0.9620253 3.164088e-17
0.9873418 5.625395e-18
1.012658 7.775152e-19
1.037975 8.153194e-20
1.063291 6.205433e-21
1.088608 3.235212e-22
1.113924 1.086814e-23
1.139241 2.215816e-25
1.164557 2.537369e-27
1.189873 1.47013e-29
1.21519 3.637437e-32
1.240506 2.885918e-35
1.265823 6.373957e-39
1.291139 3.260805e-43
1.316456 2.253775e-48
1.341772 5.96552e-54
1.367089 3.546994e-59
1.392405 1.349524e-61
1.417722 1.242868e-62
1.443038 5.386649e-63
1.468354 2.215114e-63
1.493671 8.178255e-64
1.518987 2.729176e-64
1.544304 8.279048e-65
1.56962 2.291796e-65
1.594937 5.801872e-66
1.620253 1.344305e-66
1.64557 2.849637e-67
1.670886 5.51843e-68
1.696203 9.73807e-69
1.721519 1.559858e-69
1.746835 2.255868e-70
1.772152 2.924697e-71
1.797468 3.368449e-72
1.822785 3.406329e-73
1.848101 2.978971e-74
1.873418 2.208103e-75
1.898734 1.349205e-76
1.924051 6.526035e-78
1.949367 2.343246e-79
1.974684 5.552957e-81
2 6.514902e-83
