0.278481 1
0.3037975 1
0.3291139 1
0.3544304 1
0.3797468 1
0.4050633 1
0.4303797 1
0.4556962 1
0.4810127 1
0.5063291 0.9999995
0.5316456 0.9999986
0.556962 0.9999766
0.5822785 0.9995469
0.6075949 0.9866396
0.6329114 0.5697801
0.6582278 0.07466635
0.6835443 0.002035633
0.7088608 9.33584e-06
0.7341772 1.045566e-08
0.7594937 6.182408e-10
0.7848101 1.856778e-10
0.8101266 4.110112e-11
0.835443 5.934401e-12
0.8607595 6.271422e-13
0.8860759 7.43574e-14
0.9113924 1.09725e-14
0.9367089 2.116375e-15
0.9620253 6.312089e-16
0.9873418 3.748313e-16
1.012658 2.257672e-16
1.037975 1.221179e-16
1.063291 5.925415e-17
1.088608 2.576093e-17
1.113924 1.001209e-17
1.139241 3.461963e-18
1.164557 1.055636e-18
1.189873 2.796002e-19
1.21519 6.2652e-20
1.240506 1.133797e-20
1.265823 1.522656e-21
1.291139 1.259904e-22
1.316456 3.17539e-24
1.341772 1.104363e-44
1.367089 8.971786e-46
1.392405 1.729823e-45
1.417722 2.643703e-45
1.443038 3.30354e-45
1.468354 3.450004e-45
1.493671 3.061619e-45
1.518987 2.339508e-45
1.544304 1.556137e-45
1.56962 9.090616e-46
1.594937 4.697689e-46
1.620253 2.159375e-46
1.64557 8.863892e-47
1.670886 3.256621e-47
1.696203 1.071616e-47
1.721519 3.154964e-48
1.746835 8.287416e-49
1.772152 1.933094e-49
1.797468 3.976084e-50
1.822785 7.141355e-51
1.848101 1.1051e-51
1.873418 1.446306e-52
1.898734 1.559155e-53
1.924051 1.331041e-54
1.949367 8.446149e-56
1.974684 3.544621e-57
2 7.384867e-59
