0.02531646 1
0.05063291 1
0.07594937 1
0.1012658 1
0.1265823 1
0.1518987 1
0.1772152 1
0.2025316 0.9999806
0.2278481 0.9976656
0.2531646 0.955523
0.278481 0.6291424
0.3037975 0.006453022
0.3291139 0.001021369
0.3544304 9.176112e-05
0.3797468 2.57996e-06
0.4050633 1.242211e-07
0.4303797 5.606795e-09
0.4556962 4.645004e-10
0.4810127 1.893546e-10
0.5063291 1.024156e-10
0.5316456 5.065071e-11
0.556962 2.19003e-11
0.5822785 8.509202e-12
0.6075949 3.654559e-12
0.6329114 1.899059e-12
0.6582278 1.246439e-12
0.6835443 9.546273e-13
0.7088608 9.72293e-13
0.7341772 1.08682e-12
0.7594937 1.365385e-12
0.7848101 1.880195e-12
0.8101266 2.709478e-12
0.835443 3.980621e-12
0.8607595 5.853185e-12
0.8860759 8.507739e-12
0.9113924 1.212647e-11
0.9367089 1.687628e-11
0.9620253 2.290129e-11
0.9873418 3.03361e-11
1.012658 3.947162e-11
1.037975 5.133157e-11
1.063291 6.842951e-11
1.088608 9.355547e-11
1.113924 1.201977e-10
1.139241 1.2993e-10
1.164557 1.297021e-10
1.189873 1.297683e-10
1.21519 1.298332e-10
1.240506 1.298996e-10
1.265823 1.29965e-10
1.291139 1.300321e-10
1.316456 1.322875e-10
1.341772 1.475455e-10
1.367089 2.025895e-10
1.392405 2.071706e-10
1.417722 2.076329e-10
1.443038 1.205869e-09
1.468354 5.498459e-08
1.493671 1.638875e-06
1.518987 2.94655e-05
1.544304 0.0001549309
1.56962 0.0001136106
1.594937 2.968807e-05
1.620253 7.112499e-06
1.64557 3.819191e-05
1.670886 0.0001270602
1.696203 8.844268e-05
1.721519 2.307534e-05
1.746835 1.747821e-06
1.772152 3.108924e-06
1.797468 1.397067e-05
1.822785 3.001944e-05
1.848101 2.340542e-05
1.873418 5.722643e-06
1.898734 2.751478e-07
1.924051 1.138209e-08
1.949367 2.06661e-07
1.974684 4.096677e-06
2 3.249304e-05
