0.02531646 0.9999999
0.05063291 1
0.07594937 1
0.1012658 1
0.1265823 1
0.1518987 1
0.1772152 1
0.2025316 0.9999957
0.2278481 0.9993095
0.2531646 0.9829375
0.278481 0.2564587
0.3037975 0.02565033
0.3291139 0.000530233
0.3544304 0.01551367
0.3797468 0.02042549
0.4050633 0.009122068
0.4303797 0.002538006
0.4556962 0.003424877
0.4810127 0.008265532
0.5063291 0.003575146
0.5316456 0.0003725109
0.556962 0.0008350138
0.5822785 0.004251704
0.6075949 0.004251704
0.6329114 0.002740371
0.6582278 0.0007102747
0.6835443 7.411323e-05
0.7088608 3.262537e-06
0.7341772 4.214374e-07
0.7594937 3.549833e-07
0.7848101 3.586261e-07
0.8101266 8.281327e-07
0.835443 1.62685e-06
0.8607595 3.314552e-06
0.8860759 1.020257e-05
0.9113924 3.591394e-05
0.9367089 7.461613e-05
0.9620253 9.963409e-05
0.9873418 0.00013811
1.012658 0.0002184651
1.037975 0.000316765
1.063291 0.0003368769
1.088608 0.0003293555
1.113924 9.877819e-05
1.139241 1.094146e-05
1.164557 1.099886e-06
1.189873 7.433729e-07
1.21519 1.95543e-06
1.240506 1.840623e-05
1.265823 1.681575e-05
1.291139 8.311249e-06
1.316456 1.229276e-06
1.341772 6.430674e-08
1.367089 7.14645e-08
1.392405 1.536862e-07
1.417722 3.678863e-08
1.443038 1.23073e-08
1.468354 3.032225e-07
1.493671 1.01316e-07
1.518987 4.328314e-07
1.544304 8.931688e-07
1.56962 9.70112e-08
1.594937 6.005202e-10
1.620253 1.777935e-11
1.64557 4.533755e-11
1.670886 7.167255e-11
1.696203 9.066052e-11
1.721519 9.797457e-11
1.746835 8.023127e-11
1.772152 6.211436e-11
1.797468 5.178166e-11
1.822785 4.700155e-11
1.848101 4.329057e-11
1.873418 3.834677e-11
1.898734 3.162142e-11
1.924051 2.338384e-11
1.949367 1.416285e-11
1.974684 5.767564e-12
2 7.337981e-13
