0.02531646 0.9999999
0.05063291 1
0.07594937 1
0.1012658 1
0.1265823 1
0.1518987 1
0.1772152 1
0.2025316 0.9999912
0.2278481 0.999166
0.2531646 0.9932018
0.278481 0.8113763
0.3037975 0.01773388
0.3291139 0.005909738
0.3544304 0.0005056613
0.3797468 0.0004754002
0.4050633 0.006184184
0.4303797 0.01690065
0.4556962 0.01689971
0.4810127 0.006461041
0.5063291 0.000620137
0.5316456 0.0002192682
0.556962 0.0001610222
0.5822785 0.00048239
0.6075949 0.001007115
0.6329114 0.001119539
0.6582278 0.001130841
0.6835443 0.0008425738
0.7088608 0.0003774479
0.7341772 8.336222e-05
0.7594937 2.155779e-05
0.7848101 6.668706e-06
0.8101266 1.365031e-06
0.835443 1.439772e-07
0.8607595 9.219596e-08
0.8860759 1.509537e-07
0.9113924 1.39196e-07
0.9367089 7.964962e-08
0.9620253 7.820235e-08
0.9873418 9.508173e-08
1.012658 1.135486e-07
1.037975 9.927827e-08
1.063291 7.819356e-08
1.088608 7.819573e-08
1.113924 8.246616e-08
1.139241 6.74402e-07
1.164557 4.945669e-06
1.189873 2.10327e-05
1.21519 3.451652e-05
1.240506 1.078218e-05
1.265823 7.135643e-07
1.291139 2.962231e-06
1.316456 1.322115e-05
1.341772 8.427921e-06
1.367089 1.742436e-06
1.392405 3.241242e-06
1.417722 6.69381e-05
1.443038 8.38924e-05
1.468354 7.703581e-05
1.493671 9.704804e-06
1.518987 3.870819e-07
1.544304 7.566427e-09
1.56962 1.545576e-10
1.594937 1.887976e-11
1.620253 2.111945e-11
1.64557 8.373296e-11
1.670886 2.840002e-10
1.696203 2.842452e-10
1.721519 2.130873e-10
1.746835 2.126085e-10
1.772152 2.273249e-10
1.797468 2.205228e-10
1.822785 1.871048e-10
1.848101 1.464784e-10
1.873418 1.219555e-10
1.898734 1.144113e-10
1.924051 1.142553e-10
1.949367 1.19557e-10
1.974684 1.466808e-10
2 2.145727e-10
