0.02531646 1
0.05063291 1
0.07594937 1
0.1012658 1
0.1265823 1
0.1518987 1
0.1772152 1
0.2025316 0.9999998
0.2278481 1
0.2531646 1
0.278481 1
0.3037975 0.9999999
0.3291139 0.9999634
0.3544304 0.9964292
0.3797468 0.9890773
0.4050633 0.9594597
0.4303797 0.9515461
0.4556962 0.9863439
0.4810127 0.9994025
0.5063291 0.999887
0.5316456 0.9731743
0.556962 0.999606
0.5822785 0.9991
0.6075949 0.9916358
0.6329114 0.9916358
0.6582278 0.9992464
0.6835443 0.988036
0.7088608 0.5909643
0.7341772 0.2271797
0.7594937 0.01817633
0.7848101 0.001621047
0.8101266 1.787435e-05
0.835443 1.26128e-07
0.8607595 9.77152e-08
0.8860759 2.133894e-07
0.9113924 2.165042e-08
0.9367089 5.035502e-09
0.9620253 5.035526e-09
0.9873418 5.778295e-08
1.012658 5.118324e-07
1.037975 1.166493e-06
1.063291 9.33214e-08
1.088608 7.396108e-07
1.113924 3.536551e-06
1.139241 3.906579e-06
1.164557 2.382464e-06
1.189873 4.147489e-07
1.21519 5.819664e-08
1.240506 1.190635e-08
1.265823 7.117189e-09
1.291139 8.419298e-09
1.316456 6.659613e-09
1.341772 2.196535e-09
1.367089 1.565536e-09
1.392405 1.03701e-09
1.417722 2.408569e-10
1.443038 2.501343e-11
1.468354 3.963121e-12
1.493671 3.909695e-13
1.518987 4.196177e-14
1.544304 3.911423e-15
1.56962 4.99236e-16
1.594937 4.974499e-17
1.620253 1.055055e-17
1.64557 2.591791e-18
1.670886 5.271084e-19
1.696203 9.426221e-20
1.721519 1.533283e-20
1.746835 2.322637e-21
1.772152 3.363036e-22
1.797468 4.826766e-23
1.822785 7.156905e-24
1.848101 1.122434e-24
1.873418 1.875599e-25
1.898734 3.324923e-26
1.924051 6.215021e-27
1.949367 1.226402e-27
1.974684 2.576876e-28
2 5.771249e-29
