0.7088608 1
0.7341772 1
0.7594937 1
0.7848101 1
0.8101266 1
0.835443 1
0.8607595 1
0.8860759 1
0.9113924 1
0.9367089 1
0.9620253 1
0.9873418 1
1.012658 1
1.037975 1
1.063291 1
1.088608 1
1.113924 1
1.139241 1
1.164557 1
1.189873 1
1.21519 1
1.240506 1
1.265823 1
1.291139 0.9999765
1.316456 0.9947726
1.341772 0.8509048
1.367089 0.2335423
1.392405 0.007333399
1.417722 0.0002375414
1.443038 5.576942e-06
1.468354 6.548392e-08
1.493671 3.132784e-10
1.518987 1.253432e-12
1.544304 1.141796e-14
1.56962 6.581965e-16
1.594937 5.495761e-17
1.620253 6.070728e-18
1.64557 1.40998e-18
1.670886 2.644224e-19
1.696203 4.738172e-20
1.721519 8.101351e-21
1.746835 1.126848e-21
1.772152 1.041539e-22
1.797468 5.16993e-24
1.822785 1.076724e-25
1.848101 7.038271e-28
1.873418 1.001537e-30
1.898734 1.717756e-34
1.924051 1.205513e-39
1.949367 1.16739e-45
1.974684 3.061274e-47
2 8.905312e-51
