0.02531646 0.9999999
0.05063291 1
0.07594937 1
0.1012658 1
0.1265823 1
0.1518987 1
0.1772152 1
0.2025316 1
0.2278481 0.9999999
0.2531646 0.9999989
0.278481 0.9998964
0.3037975 0.9994443
0.3291139 0.999677
0.3544304 0.9936213
0.3797468 0.9759947
0.4050633 0.9909596
0.4303797 0.9300439
0.4556962 0.8850086
0.4810127 0.9896665
0.5063291 0.9990795
0.5316456 0.9968001
0.556962 0.9706762
0.5822785 0.6934787
0.6075949 0.1204002
0.6329114 0.00521113
0.6582278 0.0002086276
0.6835443 1.427775e-05
0.7088608 1.249835e-06
0.7341772 1.583273e-07
0.7594937 3.296425e-07
0.7848101 1.073519e-06
0.8101266 1.554422e-06
0.835443 8.132709e-07
0.8607595 6.057977e-07
0.8860759 9.26731e-08
0.9113924 2.717094e-07
0.9367089 1.017055e-06
0.9620253 1.192212e-06
0.9873418 2.665688e-06
1.012658 3.070186e-06
1.037975 3.070186e-06
1.063291 2.779672e-07
1.088608 1.391125e-07
1.113924 2.670533e-07
1.139241 4.785132e-07
1.164557 3.139653e-07
1.189873 4.159246e-07
1.21519 2.574351e-07
1.240506 3.849973e-08
1.265823 3.804388e-09
1.291139 6.829409e-10
1.316456 3.56662e-10
1.341772 3.533439e-10
1.367089 3.570669e-10
1.392405 3.878894e-10
1.417722 5.07608e-10
1.443038 6.535477e-10
1.468354 5.857433e-10
1.493671 4.478793e-10
1.518987 2.312419e-10
1.544304 5.076906e-11
1.56962 2.843941e-12
1.594937 3.962123e-12
1.620253 2.551729e-11
1.64557 1.678722e-10
1.670886 8.250131e-10
1.696203 2.058755e-09
1.721519 2.308231e-09
1.746835 1.357948e-09
1.772152 6.068578e-10
1.797468 3.82214e-10
1.822785 2.443033e-10
1.848101 1.242034e-10
1.873418 8.114346e-11
1.898734 7.883143e-11
1.924051 1.135213e-10
1.949367 1.955233e-10
1.974684 2.765663e-10
2 2.597816e-10
