0.05063291 1
0.07594937 1
0.1012658 1
0.1265823 1
0.1518987 1
0.1772152 1
0.2025316 1
0.2278481 0.9999989
0.2531646 0.9996345
0.278481 0.9866087
0.3037975 0.8494162
0.3291139 0.1701947
0.3544304 0.001048603
0.3797468 3.633046e-05
0.4050633 2.179436e-06
0.4303797 2.044567e-07
0.4556962 1.109064e-08
0.4810127 1.114346e-09
0.5063291 2.48456e-10
0.5316456 9.483154e-11
0.556962 2.453145e-11
0.5822785 4.319554e-12
0.6075949 6.186508e-13
0.6329114 8.862191e-14
0.6582278 1.636809e-14
0.6835443 4.630262e-15
0.7088608 2.138786e-15
0.7341772 1.08854e-15
0.7594937 5.168583e-16
0.7848101 2.28351e-16
0.8101266 9.305742e-17
0.835443 3.460023e-17
0.8607595 1.163633e-17
0.8860759 3.530069e-18
0.9113924 9.718897e-19
0.9367089 2.464978e-19
0.9620253 5.860083e-20
0.9873418 1.313874e-20
1.012658 2.737808e-21
1.037975 5.149273e-22
1.063291 8.513955e-23
1.088608 1.278466e-23
1.113924 3.14452e-24
1.139241 3.573101e-24
1.164557 6.567836e-24
1.189873 1.199235e-23
1.21519 2.101837e-23
1.240506 3.535178e-23
1.265823 5.713638e-23
1.291139 8.885548e-23
1.316456 1.331336e-22
1.341772 1.924231e-22
1.367089 2.685844e-22
1.392405 3.623843e-22
1.417722 4.729412e-22
1.443038 5.971591e-22
1.468354 7.292196e-22
1.493671 8.602683e-22
1.518987 9.785339e-22
1.544304 1.070194e-21
1.56962 1.121247e-21
1.594937 1.120371e-21
1.620253 1.062221e-21
1.64557 9.501015e-22
1.670886 7.966935e-22
1.696203 6.219945e-22
1.721519 4.487065e-22
1.746835 2.965782e-22
1.772152 1.77876e-22
1.797468 9.571457e-23
1.822785 4.558179e-23
1.848101 1.888741e-23
1.873418 6.661602e-24
1.898734 1.941378e-24
1.924051 4.47977e-25
1.949367 7.656812e-26
1.974684 8.59404e-27
2 4.735736e-28
