0.02531646 1
0.05063291 1
0.07594937 1
0.1012658 1
0.1265823 1
0.1518987 1
0.1772152 1
0.2025316 1
0.2278481 0.9999999
0.2531646 0.9999943
0.278481 0.9996337
0.3037975 0.9952039
0.3291139 0.9927812
0.3544304 0.9931735
0.3797468 0.9981727
0.4050633 0.9999721
0.4303797 0.9999998
0.4556962 0.9999996
0.4810127 0.9999973
0.5063291 0.9999819
0.5316456 0.9987992
0.556962 0.9003685
0.5822785 0.9845502
0.6075949 0.9986752
0.6329114 0.9973458
0.6582278 0.9765246
0.6835443 0.9352728
0.7088608 0.4730269
0.7341772 0.0155501
0.7594937 0.0002383558
0.7848101 2.542113e-06
0.8101266 1.928097e-07
0.835443 1.988433e-08
0.8607595 3.862844e-09
0.8860759 2.061173e-09
0.9113924 1.331754e-09
0.9367089 3.635128e-10
0.9620253 6.335701e-11
0.9873418 1.139294e-11
1.012658 4.128806e-12
1.037975 3.768665e-12
1.063291 6.951236e-12
1.088608 1.300463e-11
1.113924 1.753226e-11
1.139241 1.870558e-11
1.164557 1.475333e-11
1.189873 1.034789e-11
1.21519 1.320676e-11
1.240506 5.320994e-11
1.265823 1.693607e-10
1.291139 4.713122e-10
1.316456 1.193496e-09
1.341772 2.68566e-09
1.367089 6.033156e-09
1.392405 6.481438e-09
1.417722 5.850709e-10
1.443038 9.863371e-11
1.468354 7.902561e-11
1.493671 7.580533e-11
1.518987 8.400867e-11
1.544304 8.037998e-11
1.56962 5.804219e-11
1.594937 4.493073e-11
1.620253 6.847604e-11
1.64557 4.38779e-10
1.670886 1.184432e-09
1.696203 1.513555e-09
1.721519 2.033658e-09
1.746835 5.686851e-09
1.772152 7.129219e-09
1.797468 2.91861e-09
1.822785 1.121382e-09
1.848101 1.070793e-09
1.873418 1.360282e-09
1.898734 1.362439e-09
1.924051 3.706456e-10
1.949367 4.048682e-11
1.974684 2.277073e-12
2 1.562294e-15
