0.02531646 1
0.05063291 1
0.07594937 1
0.1012658 1
0.1265823 1
0.1518987 1
0.1772152 1
0.2025316 1
0.2278481 0.9999915
0.2531646 0.9992437
0.278481 0.998848
0.3037975 0.9998123
0.3291139 0.9999938
0.3544304 0.9999997
0.3797468 0.9999999
0.4050633 0.9999997
0.4303797 0.9999884
0.4556962 0.9994918
0.4810127 0.9842869
0.5063291 0.9788197
0.5316456 0.9969594
0.556962 0.9964542
0.5822785 0.9979166
0.6075949 0.9967825
0.6329114 0.9391114
0.6582278 0.9729835
0.6835443 0.990102
0.7088608 0.7673096
0.7341772 0.09794397
0.7594937 0.001127322
0.7848101 1.300633e-05
0.8101266 7.162254e-07
0.835443 3.88636e-08
0.8607595 2.709805e-09
0.8860759 1.137388e-09
0.9113924 1.360474e-09
0.9367089 9.630666e-10
0.9620253 2.267103e-10
0.9873418 4.730507e-11
1.012658 3.045363e-11
1.037975 3.837331e-11
1.063291 5.129297e-11
1.088608 8.419993e-11
1.113924 1.302289e-10
1.139241 1.755422e-10
1.164557 8.416184e-11
1.189873 6.647352e-11
1.21519 7.636349e-10
1.240506 7.089286e-09
1.265823 5.736996e-08
1.291139 4.739764e-07
1.316456 8.846994e-07
1.341772 6.919057e-07
1.367089 5.840426e-08
1.392405 2.401753e-09
1.417722 2.040995e-10
1.443038 1.544206e-10
1.468354 1.342692e-10
1.493671 6.525957e-11
1.518987 3.093287e-11
1.544304 1.342558e-11
1.56962 5.520453e-12
1.594937 5.132445e-12
1.620253 4.547424e-11
1.64557 1.661325e-10
1.670886 2.445147e-10
1.696203 3.21603e-10
1.721519 6.577059e-10
1.746835 8.730664e-10
1.772152 8.384722e-10
1.797468 1.112265e-09
1.822785 2.690866e-09
1.848101 3.961475e-09
1.873418 3.49225e-09
1.898734 1.039128e-09
1.924051 1.303682e-10
1.949367 1.129561e-11
1.974684 7.412651e-13
2 1.543804e-15
