0.7341772 1
0.7594937 1
0.7848101 1
0.8101266 1
0.835443 1
0.8607595 1
0.8860759 1
0.9113924 1
0.9367089 1
0.9620253 1
0.9873418 1
1.012658 1
1.037975 1
1.063291 1
1.088608 1
1.113924 1
1.139241 1
1.164557 1
1.189873 0.9999999
1.21519 0.999925
1.240506 0.9903324
1.265823 0.794087
1.291139 0.1352742
1.316456 0.002934228
1.341772 0.0001195541
1.367089 3.246209e-06
1.392405 4.735996e-08
1.417722 7.676039e-10
1.443038 1.373229e-11
1.468354 1.833703e-13
1.493671 4.048929e-15
1.518987 6.272778e-16
1.544304 9.783442e-17
1.56962 1.047045e-17
1.594937 9.305243e-19
1.620253 1.348951e-19
1.64557 2.381994e-20
1.670886 3.406002e-21
1.696203 3.879366e-22
1.721519 3.186828e-23
1.746835 1.626272e-24
1.772152 4.263476e-26
1.797468 4.507105e-28
1.822785 1.414181e-30
1.848101 8.826715e-34
1.873418 5.797556e-38
1.898734 1.482296e-43
1.924051 9.646594e-49
1.949367 6.913692e-51
1.974684 1.848141e-54
2 1.445957e-63
