0.02531646 1
0.05063291 1
0.07594937 1
0.1012658 1
0.1265823 1
0.1518987 1
0.1772152 1
0.2025316 0.9999975
0.2278481 0.9994219
0.2531646 0.9980283
0.278481 0.9921664
0.3037975 0.2737114
0.3291139 0.0431774
0.3544304 0.01136628
0.3797468 0.01334168
0.4050633 0.02751528
0.4303797 0.06730549
0.4556962 0.03958843
0.4810127 0.05278913
0.5063291 0.1020789
0.5316456 0.0516977
0.556962 0.020852
0.5822785 0.03342682
0.6075949 0.005281437
0.6329114 0.004786609
0.6582278 0.005623966
0.6835443 0.00228332
0.7088608 0.001053089
0.7341772 0.0003030419
0.7594937 5.892474e-05
0.7848101 4.260249e-05
0.8101266 0.0006182091
0.835443 0.001484745
0.8607595 0.001484745
0.8860759 0.001484745
0.9113924 0.0003394409
0.9367089 1.066242e-05
0.9620253 2.685764e-07
0.9873418 4.466019e-08
1.012658 4.466019e-08
1.037975 4.466019e-08
1.063291 6.339648e-08
1.088608 2.153004e-07
1.113924 4.466019e-08
1.139241 9.520277e-08
1.164557 2.802088e-07
1.189873 9.247918e-07
1.21519 5.907256e-06
1.240506 1.697037e-05
1.265823 2.874809e-05
1.291139 1.163268e-05
1.316456 7.745416e-07
1.341772 1.210997e-08
1.367089 9.920435e-10
1.392405 4.543631e-10
1.417722 2.083958e-09
1.443038 3.477345e-08
1.468354 3.699836e-07
1.493671 3.124821e-06
1.518987 3.900289e-06
1.544304 1.969902e-06
1.56962 9.362359e-08
1.594937 1.689638e-09
1.620253 8.609234e-11
1.64557 4.403953e-11
1.670886 2.195114e-11
1.696203 6.552997e-12
1.721519 2.314715e-12
1.746835 1.043012e-12
1.772152 5.935219e-13
1.797468 4.378423e-13
1.822785 4.278649e-13
1.848101 5.13632e-13
1.873418 7.368347e-13
1.898734 1.433627e-12
1.924051 8.666159e-12
1.949367 7.526617e-11
1.974684 3.21129e-10
2 2.664883e-10
