0.4050633 1
0.4303797 1
0.4556962 1
0.4810127 1
0.5063291 1
0.5316456 1
0.556962 1
0.5822785 1
0.6075949 1
0.6329114 0.9999993
0.6582278 0.9999348
0.6835443 0.998576
0.7088608 0.9649888
0.7341772 0.5470594
0.7594937 0.02121691
0.7848101 0.0004490615
0.8101266 2.761188e-05
0.835443 1.624645e-06
0.8607595 3.453877e-08
0.8860759 6.633759e-10
0.9113924 1.798662e-11
0.9367089 1.373967e-12
0.9620253 1.115929e-13
0.9873418 7.422352e-15
1.012658 1.198337e-15
1.037975 2.799631e-16
1.063291 5.151953e-17
1.088608 7.303871e-18
1.113924 7.790912e-19
1.139241 6.057165e-20
1.164557 3.279665e-21
1.189873 1.16191e-22
1.21519 2.466566e-24
1.240506 2.764198e-26
1.265823 1.395219e-28
1.291139 2.565063e-31
1.316456 1.444723e-34
1.341772 1.781015e-38
1.367089 4.333065e-43
1.392405 1.695879e-48
1.417722 1.243815e-54
1.443038 1.463871e-60
1.468354 3.435546e-65
1.493671 1.341333e-66
1.518987 5.846476e-68
1.544304 2.62905e-69
1.56962 1.253842e-70
1.594937 6.224473e-72
1.620253 3.125832e-73
1.64557 1.570215e-74
1.670886 7.90027e-76
1.696203 3.990763e-77
1.721519 2.024145e-78
1.746835 1.032583e-79
1.772152 5.331397e-81
1.797468 2.790126e-82
1.822785 1.450481e-83
1.848101 7.174051e-85
1.873418 3.206568e-86
1.898734 1.231676e-87
1.924051 3.855552e-89
1.949367 9.167916e-91
1.974684 1.468324e-92
2 1.186803e-94
