0.02531646 1
0.05063291 0.9999999
0.07594937 1
0.1012658 1
0.1265823 1
0.1518987 1
0.1772152 1
0.2025316 0.9999999
0.2278481 0.9999999
0.2531646 0.9999977
0.278481 0.9998435
0.3037975 0.998644
0.3291139 0.9993392
0.3544304 0.9999202
0.3797468 0.9998598
0.4050633 0.9991127
0.4303797 0.9985117
0.4556962 0.9668793
0.4810127 0.9994455
0.5063291 0.999659
0.5316456 0.999834
0.556962 0.999834
0.5822785 0.999834
0.6075949 0.9995318
0.6329114 0.9894248
0.6582278 0.9871646
0.6835443 0.996065
0.7088608 0.9137752
0.7341772 0.2555033
0.7594937 0.008456554
0.7848101 0.001725508
0.8101266 0.00058321
0.835443 0.0002476895
0.8607595 0.0001160815
0.8860759 4.046391e-05
0.9113924 1.037154e-05
0.9367089 1.623271e-06
0.9620253 3.191928e-07
0.9873418 6.736646e-06
1.012658 1.380974e-05
1.037975 1.380974e-05
1.063291 5.970432e-06
1.088608 5.04519e-07
1.113924 4.735177e-09
1.139241 4.564433e-09
1.164557 6.482576e-08
1.189873 5.315505e-06
1.21519 2.656219e-05
1.240506 2.800782e-05
1.265823 2.072295e-05
1.291139 7.319687e-07
1.316456 4.474868e-07
1.341772 5.590491e-06
1.367089 1.129884e-05
1.392405 1.129884e-05
1.417722 1.129884e-05
1.443038 3.057194e-06
1.468354 5.329025e-08
1.493671 2.181581e-09
1.518987 1.969691e-10
1.544304 3.089173e-11
1.56962 1.655352e-11
1.594937 7.77605e-12
1.620253 2.398715e-12
1.64557 3.543117e-13
1.670886 2.447942e-14
1.696203 3.243734e-15
1.721519 1.14422e-15
1.746835 5.498033e-16
1.772152 3.259056e-16
1.797468 1.889496e-16
1.822785 1.076547e-16
1.848101 5.949535e-17
1.873418 3.174117e-17
1.898734 1.638374e-17
1.924051 8.194195e-18
1.949367 3.947252e-18
1.974684 1.752103e-18
2 5.778512e-19
