0.02531646 1
0.05063291 1
0.07594937 1
0.1012658 1
0.1265823 1
0.1518987 1
0.1772152 1
0.2025316 0.9999863
0.2278481 0.9971104
0.2531646 0.8943208
0.278481 0.2223865
0.3037975 0.01793123
0.3291139 0.0001509692
0.3544304 5.873458e-06
0.3797468 7.160181e-06
0.4050633 1.094041e-07
0.4303797 4.451205e-09
0.4556962 4.055465e-10
0.4810127 1.355759e-10
0.5063291 6.304194e-11
0.5316456 2.059954e-11
0.556962 5.155233e-12
0.5822785 1.115156e-12
0.6075949 1.98597e-13
0.6329114 3.354194e-14
0.6582278 8.868332e-15
0.6835443 4.078566e-15
0.7088608 2.484057e-15
0.7341772 2.209396e-15
0.7594937 3.070492e-15
0.7848101 1.147345e-14
0.8101266 7.228887e-14
0.835443 4.24784e-13
0.8607595 1.537826e-12
0.8860759 2.758265e-12
0.9113924 4.423966e-12
0.9367089 8.913314e-11
0.9620253 1.249589e-09
0.9873418 2.148722e-08
1.012658 4.825755e-07
1.037975 3.149602e-06
1.063291 3.241148e-05
1.088608 8.212714e-05
1.113924 8.189292e-05
1.139241 2.669553e-05
1.164557 3.05982e-06
1.189873 2.191659e-07
1.21519 1.428652e-07
1.240506 1.428312e-07
1.265823 1.441228e-07
1.291139 1.429733e-07
1.316456 1.429865e-07
1.341772 1.491983e-07
1.367089 4.894054e-07
1.392405 2.481772e-06
1.417722 8.011136e-06
1.443038 8.06794e-06
1.468354 3.497529e-06
1.493671 2.898393e-06
1.518987 2.352131e-06
1.544304 1.768529e-06
1.56962 9.635224e-07
1.594937 2.450706e-07
1.620253 2.385401e-07
1.64557 9.288221e-07
1.670886 1.723666e-05
1.696203 0.0002888571
1.721519 0.0005228224
1.746835 0.0005228224
1.772152 0.0002183376
1.797468 2.648824e-05
1.822785 9.258543e-06
1.848101 6.862514e-05
1.873418 0.0003034805
1.898734 0.0003520445
1.924051 0.0003520445
1.949367 0.0003520445
1.974684 0.0001378493
2 9.830699e-06
