0.3037975 1
0.3291139 1
0.3544304 1
0.3797468 1
0.4050633 1
0.4303797 1
0.4556962 1
0.4810127 0.9999999
0.5063291 0.9999787
0.5316456 0.9988197
0.556962 0.9841506
0.5822785 0.7946306
0.6075949 0.05446073
0.6329114 0.004629556
0.6582278 0.0002712514
0.6835443 1.628722e-05
0.7088608 5.787043e-07
0.7341772 2.24675e-08
0.7594937 7.064835e-10
0.7848101 3.058113e-11
0.8101266 2.333101e-12
0.835443 2.06873e-13
0.8607595 1.745726e-14
0.8860759 2.539528e-15
0.9113924 7.74167e-16
0.9367089 2.184546e-16
0.9620253 5.106372e-17
0.9873418 9.555321e-18
1.012658 1.392614e-18
1.037975 1.552198e-19
1.063291 1.275458e-20
1.088608 7.315278e-22
1.113924 2.743165e-23
1.139241 6.274822e-25
1.164557 8.117851e-27
1.189873 5.356346e-29
1.21519 1.582751e-31
1.240506 1.590252e-34
1.265823 4.334916e-38
1.291139 2.924333e-42
1.316456 2.754394e-47
1.341772 6.063499e-53
1.367089 2.284118e-58
1.392405 1.213126e-61
1.417722 1.224159e-63
1.443038 1.170791e-64
1.468354 4.263296e-65
1.493671 1.498972e-65
1.518987 4.780961e-66
1.544304 1.384736e-66
1.56962 3.657671e-67
1.594937 8.836666e-68
1.620253 1.955346e-68
1.64557 3.963193e-69
1.670886 7.350042e-70
1.696203 1.244469e-70
1.721519 1.916699e-71
1.746835 2.671392e-72
1.772152 3.345878e-73
1.797468 3.732045e-74
1.822785 3.664271e-75
1.848101 3.119224e-76
1.873418 2.256109e-77
1.898734 1.348451e-78
1.924051 6.395092e-80
1.949367 2.256524e-81
1.974684 5.266384e-83
2 6.097602e-85
