0.6835443 1
0.7088608 1
0.7341772 1
0.7594937 1
0.7848101 1
0.8101266 1
0.835443 1
0.8607595 1
0.8860759 1
0.9113924 1
0.9367089 1
0.9620253 1
0.9873418 1
1.012658 1
1.037975 1
1.063291 1
1.088608 1
1.113924 0.999995
1.139241 0.9986631
1.164557 0.9398215
1.189873 0.4687037
1.21519 0.01484613
1.240506 0.0003283502
1.265823 7.846707e-06
1.291139 1.823238e-07
1.316456 4.771288e-09
1.341772 3.374824e-11
1.367089 1.02149e-12
1.392405 6.433967e-14
1.417722 4.218496e-15
1.443038 8.812013e-16
1.468354 2.008918e-16
1.493671 3.736271e-17
1.518987 5.590791e-18
1.544304 6.149979e-19
1.56962 5.225491e-20
1.594937 4.649994e-21
1.620253 5.301244e-22
1.64557 5.561427e-23
1.670886 4.222188e-24
1.696203 2.149363e-25
1.721519 6.4062e-27
1.746835 9.28779e-29
1.772152 5.269607e-31
1.797468 9.215826e-34
1.822785 3.753216e-37
1.848101 2.054069e-41
1.873418 5.421029e-47
1.898734 3.172744e-52
1.924051 1.026339e-54
1.949367 2.948012e-58
1.974684 2.67539e-64
2 6.176658e-78
