0.5063291 1
0.5316456 1
0.556962 1
0.5822785 1
0.6075949 1
0.6329114 1
0.6582278 1
0.6835443 1
0.7088608 1
0.7341772 1
0.7594937 0.999999
0.7848101 0.9993911
0.8101266 0.9563106
0.835443 0.5269668
0.8607595 0.0533727
0.8860759 0.001991538
0.9113924 8.444372e-05
0.9367089 3.172265e-06
0.9620253 1.102799e-07
0.9873418 2.714884e-09
1.012658 5.652754e-11
1.037975 2.152043e-12
1.063291 1.077922e-13
1.088608 4.992476e-15
1.113924 8.005126e-16
1.139241 1.543628e-16
1.164557 2.38434e-17
1.189873 2.89108e-18
1.21519 2.664752e-19
1.240506 1.784474e-20
1.265823 8.191818e-22
1.291139 2.394888e-23
1.316456 4.03837e-25
1.341772 3.426747e-27
1.367089 1.287286e-29
1.392405 1.961453e-32
1.417722 1.17876e-35
1.443038 3.074487e-39
1.468354 4.192338e-43
1.493671 3.426509e-47
1.518987 1.707682e-51
1.544304 5.367385e-56
1.56962 1.082939e-60
1.594937 1.264694e-65
1.620253 1.141765e-69
1.64557 5.379293e-71
1.670886 2.43274e-72
1.696203 1.027961e-73
1.721519 4.270829e-75
1.746835 1.859006e-76
1.772152 8.78062e-78
1.797468 4.433892e-79
1.822785 2.283549e-80
1.848101 1.131147e-81
1.873418 5.074308e-83
1.898734 1.946344e-84
1.924051 6.02024e-86
1.949367 1.395252e-87
1.974684 2.14598e-89
2 1.641559e-91
