0.02531646 1
0.05063291 1
0.07594937 1
0.1012658 1
0.1265823 1
0.1518987 1
0.1772152 1
0.2025316 1
0.2278481 0.9999979
0.2531646 0.9998876
0.278481 0.9995216
0.3037975 0.9998476
0.3291139 0.9999324
0.3544304 0.9995152
0.3797468 0.9846826
0.4050633 0.9881916
0.4303797 0.9997563
0.4556962 0.9997417
0.4810127 0.9928168
0.5063291 0.5534172
0.5316456 0.840812
0.556962 0.9607159
0.5822785 0.9616394
0.6075949 0.9885462
0.6329114 0.994834
0.6582278 0.994766
0.6835443 0.9846124
0.7088608 0.7113445
0.7341772 0.3660782
0.7594937 0.02375678
0.7848101 0.0001406874
0.8101266 2.361464e-05
0.835443 5.930469e-07
0.8607595 1.823666e-05
0.8860759 4.624692e-05
0.9113924 6.125895e-06
0.9367089 1.34111e-05
0.9620253 7.878264e-06
0.9873418 1.090464e-06
1.012658 1.055204e-08
1.037975 1.366685e-09
1.063291 1.812423e-09
1.088608 2.529158e-08
1.113924 1.199262e-06
1.139241 4.220555e-06
1.164557 1.518042e-06
1.189873 4.160384e-07
1.21519 6.478178e-08
1.240506 1.002796e-08
1.265823 1.113567e-08
1.291139 3.077938e-06
1.316456 1.886799e-05
1.341772 1.430614e-05
1.367089 3.445748e-06
1.392405 6.447048e-06
1.417722 9.533175e-06
1.443038 1.356134e-06
1.468354 1.064692e-06
1.493671 5.489559e-07
1.518987 4.010554e-07
1.544304 2.525734e-07
1.56962 6.103107e-08
1.594937 3.777098e-09
1.620253 4.455692e-11
1.64557 2.53812e-12
1.670886 1.021036e-12
1.696203 3.79758e-13
1.721519 9.768065e-14
1.746835 1.241531e-14
1.772152 1.494888e-15
1.797468 8.463823e-16
1.822785 6.649819e-16
1.848101 4.445263e-16
1.873418 2.677432e-16
1.898734 1.544961e-16
1.924051 8.593359e-17
1.949367 4.498694e-17
1.974684 2.059034e-17
2 6.299119e-18
