0.02531646 1
0.05063291 1
0.07594937 1
0.1012658 1
0.1265823 1
0.1518987 1
0.1772152 1
0.2025316 0.9999902
0.2278481 0.9981481
0.2531646 0.9210996
0.278481 0.09175267
0.3037975 0.01249214
0.3291139 0.0005550904
0.3544304 2.456454e-05
0.3797468 8.462301e-06
0.4050633 3.23935e-07
0.4303797 4.105535e-09
0.4556962 4.152941e-10
0.4810127 1.627979e-10
0.5063291 6.825596e-11
0.5316456 1.898698e-11
0.556962 4.561325e-12
0.5822785 6.212268e-10
0.6075949 1.337577e-07
0.6329114 8.778032e-07
0.6582278 1.73264e-06
0.6835443 8.011139e-06
0.7088608 3.494655e-06
0.7341772 6.129418e-07
0.7594937 2.462668e-08
0.7848101 1.018204e-09
0.8101266 1.47667e-10
0.835443 1.302078e-11
0.8607595 5.980679e-13
0.8860759 1.606644e-13
0.9113924 1.527782e-13
0.9367089 1.789332e-13
0.9620253 2.575375e-13
0.9873418 4.312626e-13
1.012658 7.560722e-13
1.037975 1.32447e-12
1.063291 2.290398e-12
1.088608 3.891288e-12
1.113924 6.463305e-12
1.139241 1.044323e-11
1.164557 1.634485e-11
1.189873 2.469196e-11
1.21519 3.590915e-11
1.240506 5.03712e-11
1.265823 6.971145e-11
1.291139 1.014061e-10
1.316456 1.659376e-10
1.341772 2.569372e-10
1.367089 2.659385e-10
1.392405 2.179605e-10
1.417722 2.259547e-10
1.443038 3.081318e-09
1.468354 1.168151e-07
1.493671 3.058652e-06
1.518987 2.933662e-05
1.544304 4.55765e-05
1.56962 2.30891e-05
1.594937 3.444985e-06
1.620253 2.960827e-06
1.64557 1.111264e-05
1.670886 8.278044e-06
1.696203 8.80871e-06
1.721519 4.641016e-05
1.746835 0.0004333786
1.772152 0.0006569441
1.797468 0.000517705
1.822785 0.0001478067
1.848101 1.145535e-05
1.873418 7.406311e-07
1.898734 1.002497e-05
1.924051 0.0001579458
1.949367 0.000475166
1.974684 0.0002681313
2 5.044944e-05
