0.02531646 1
0.05063291 1
0.07594937 1
0.1012658 1
0.1265823 1
0.1518987 1
0.1772152 1
0.2025316 0.9999928
0.2278481 0.9996994
0.2531646 0.9981081
0.278481 0.9649898
0.3037975 0.03708784
0.3291139 0.002698591
0.3544304 0.0001281739
0.3797468 0.0003059263
0.4050633 0.001304106
0.4303797 0.002216893
0.4556962 0.001401536
0.4810127 0.001214485
0.5063291 0.000388689
0.5316456 0.001491646
0.556962 0.004425097
0.5822785 0.002763486
0.6075949 0.0008925972
0.6329114 0.0005185349
0.6582278 0.001636845
0.6835443 0.001636845
0.7088608 0.0002229507
0.7341772 7.026859e-06
0.7594937 9.048416e-05
0.7848101 0.001409051
0.8101266 0.002386506
0.835443 0.001515302
0.8607595 6.61661e-05
0.8860759 4.884758e-05
0.9113924 0.000481785
0.9367089 0.001073547
0.9620253 0.001094688
0.9873418 0.0006113817
1.012658 0.0007030379
1.037975 0.00164207
1.063291 0.002024384
1.088608 0.001517436
1.113924 0.0002172547
1.139241 2.048695e-05
1.164557 4.2251e-06
1.189873 3.07943e-06
1.21519 3.265867e-06
1.240506 9.649945e-06
1.265823 1.346289e-05
1.291139 1.47518e-05
1.316456 1.449409e-05
1.341772 6.461694e-07
1.367089 8.553776e-08
1.392405 3.616531e-08
1.417722 3.616614e-08
1.443038 3.616699e-08
1.468354 3.62011e-08
1.493671 3.616896e-08
1.518987 3.617008e-08
1.544304 4.373267e-08
1.56962 9.934766e-07
1.594937 3.700312e-06
1.620253 1.744292e-05
1.64557 1.46338e-05
1.670886 3.293633e-06
1.696203 7.681842e-07
1.721519 7.88299e-08
1.746835 1.426142e-09
1.772152 1.288992e-10
1.797468 1.387399e-10
1.822785 1.913966e-10
1.848101 2.642295e-10
1.873418 2.981633e-10
1.898734 4.277529e-10
1.924051 5.429337e-10
1.949367 6.128032e-10
1.974684 4.29172e-10
2 4.295528e-10
