0.4050633 1
0.4303797 1
0.4556962 1
0.4810127 1
0.5063291 1
0.5316456 1
0.556962 1
0.5822785 1
0.6075949 1
0.6329114 1
0.6582278 1
0.6835443 1
0.7088608 1
0.7341772 1
0.7594937 1
0.7848101 1
0.8101266 1
0.835443 1
0.8607595 1
0.8860759 1
0.9113924 1
0.9367089 1
0.9620253 1
0.9873418 1
1.012658 1
1.037975 1
1.063291 1
1.088608 1
1.113924 1
1.139241 1
1.164557 1
1.189873 1
1.21519 1
1.240506 1
1.265823 1
1.291139 1
1.316456 1
1.341772 0.9999912
1.367089 0.9973698
1.392405 0.9013194
1.417722 0.325043
1.443038 0.01672433
1.468354 0.00026448
1.493671 3.34591e-06
1.518987 1.058511e-08
1.544304 2.706515e-12
1.56962 5.550407e-17
1.594937 2.260806e-22
1.620253 2.248596e-55
1.64557 3.304229e-75
1.670886 4.404544e-110
1.696203 8.690409e-112
1.721519 1.008145e-116
1.746835 4.214515e-118
1.772152 1.684207e-119
1.797468 4.647898e-121
1.822785 1.159534e-122
1.848101 4.272153e-124
1.873418 3.303823e-125
1.898734 2.748088e-126
1.924051 1.574235e-127
1.949367 4.411535e-129
1.974684 2.87009e-131
2 1.555618e-135
