0.3797468 1
0.4050633 1
0.4303797 1
0.4556962 1
0.4810127 1
0.5063291 1
0.5316456 1
0.556962 1
0.5822785 0.9999996
0.6075949 0.999849
0.6329114 0.9922293
0.6582278 0.9100336
0.6835443 0.3136191
0.7088608 0.009689641
0.7341772 0.002013356
0.7594937 0.0001253175
0.7848101 6.891257e-06
0.8101266 1.327598e-07
0.835443 4.655669e-09
0.8607595 9.782468e-11
0.8860759 4.077084e-12
0.9113924 3.381837e-13
0.9367089 2.690299e-14
0.9620253 2.959212e-15
0.9873418 7.321135e-16
1.012658 1.678337e-16
1.037975 3.03442e-17
1.063291 4.240135e-18
1.088608 4.467708e-19
1.113924 3.431094e-20
1.139241 1.840926e-21
1.164557 6.521717e-23
1.189873 1.398437e-24
1.21519 1.604266e-26
1.240506 8.300999e-29
1.265823 1.643813e-31
1.291139 1.028507e-34
1.316456 1.404537e-38
1.341772 3.835244e-43
1.367089 1.33096e-48
1.392405 9.474788e-55
1.417722 1.523936e-60
1.443038 1.899904e-64
1.468354 6.344393e-66
1.493671 2.601644e-67
1.518987 1.094882e-68
1.544304 4.842324e-70
1.56962 2.215225e-71
1.594937 1.02767e-72
1.620253 4.822461e-74
1.64557 2.309893e-75
1.670886 1.142101e-76
1.696203 5.866403e-78
1.721519 3.11844e-79
1.746835 1.690649e-80
1.772152 9.134223e-82
1.797468 4.77618e-83
1.822785 2.341808e-84
1.848101 1.045104e-85
1.873418 4.131421e-87
1.898734 1.4058e-88
1.924051 3.962919e-90
1.949367 8.700506e-92
1.974684 1.323871e-93
2 1.045832e-95
