0.3037975 1
0.3291139 1
0.3544304 1
0.3797468 1
0.4050633 1
0.4303797 1
0.4556962 1
0.4810127 1
0.5063291 0.9999994
0.5316456 0.9999754
0.556962 0.998499
0.5822785 0.9441804
0.6075949 0.5032828
0.6329114 0.01093849
0.6582278 0.0002248274
0.6835443 1.397755e-05
0.7088608 1.195768e-06
0.7341772 3.808296e-08
0.7594937 1.738333e-09
0.7848101 5.651947e-11
0.8101266 3.640814e-12
0.835443 2.915183e-13
0.8607595 2.510283e-14
0.8860759 3.235799e-15
0.9113924 9.419867e-16
0.9367089 2.718104e-16
0.9620253 6.510877e-17
0.9873418 1.250767e-17
1.012658 1.873023e-18
1.037975 2.150274e-19
1.063291 1.831269e-20
1.088608 1.098843e-21
1.113924 4.35173e-23
1.139241 1.057082e-24
1.164557 1.457438e-26
1.189873 1.028032e-28
1.21519 3.300691e-31
1.240506 3.728222e-34
1.265823 1.13966e-37
1.291139 8.749544e-42
1.316456 9.81847e-47
1.341772 2.085428e-52
1.367089 6.670753e-58
1.392405 1.297983e-61
1.417722 1.123227e-63
1.443038 2.85747e-65
1.468354 6.977924e-66
1.493671 2.350681e-66
1.518987 7.461567e-67
1.544304 2.153505e-67
1.56962 5.65663e-68
1.594937 1.355921e-68
1.620253 2.970458e-69
1.64557 5.948629e-70
1.670886 1.087955e-70
1.696203 1.813418e-71
1.721519 2.7452e-72
1.746835 3.755375e-73
1.772152 4.610953e-74
1.797468 5.036691e-75
1.822785 4.838866e-76
1.848101 4.027993e-77
1.873418 2.847773e-78
1.898734 1.663366e-79
1.924051 7.708939e-81
1.949367 2.658582e-82
1.974684 6.066324e-84
2 6.870406e-86
