0.1265823 1
0.1518987 1
0.1772152 1
0.2025316 1
0.2278481 1
0.2531646 1
0.278481 1
0.3037975 1
0.3291139 1
0.3544304 1
0.3797468 1
0.4050633 1
0.4303797 1
0.4556962 1
0.4810127 1
0.5063291 1
0.5316456 1
0.556962 1
0.5822785 1
0.6075949 1
0.6329114 1
0.6582278 0.9999999
0.6835443 0.9999965
0.7088608 0.9999303
0.7341772 0.9983951
0.7594937 0.9291003
0.7848101 0.3715377
0.8101266 0.02782985
0.835443 0.0003102349
0.8607595 3.998026e-07
0.8860759 7.706198e-11
0.9113924 2.186001e-11
0.9367089 2.857085e-11
0.9620253 2.606628e-11
0.9873418 1.428985e-11
1.012658 3.083412e-12
1.037975 1.710842e-13
1.063291 2.684974e-15
1.088608 3.558908e-16
1.113924 2.945504e-16
1.139241 2.217263e-16
1.164557 1.451065e-16
1.189873 8.327142e-17
1.21519 4.174947e-17
1.240506 1.804796e-17
1.265823 6.56031e-18
1.291139 1.915378e-18
1.316456 4.007426e-19
1.341772 5.096944e-20
1.367089 2.39772e-21
1.392405 1.586599e-36
1.417722 1.647408e-40
1.443038 4.001437e-40
1.468354 7.18097e-40
1.493671 9.979616e-40
1.518987 1.10627e-39
1.544304 9.979518e-40
1.56962 7.431797e-40
1.594937 4.619008e-40
1.620253 2.416777e-40
1.64557 1.07205e-40
1.670886 4.054408e-41
1.696203 1.31274e-41
1.721519 3.647875e-42
1.746835 8.704013e-43
1.772152 1.779955e-43
1.797468 3.105252e-44
1.822785 4.584787e-45
1.848101 5.659573e-46
1.873418 5.737921e-47
1.898734 4.655444e-48
1.924051 2.907126e-49
1.949367 1.31215e-50
1.974684 3.813482e-52
2 5.370991e-54
