0.02531646 1
0.05063291 1
0.07594937 1
0.1012658 1
0.1265823 1
0.1518987 1
0.1772152 1
0.2025316 1
0.2278481 0.9999999
0.2531646 0.9999992
0.278481 0.9999991
0.3037975 0.9999999
0.3291139 0.9999993
0.3544304 0.9999868
0.3797468 0.9999862
0.4050633 0.9999828
0.4303797 0.9998696
0.4556962 0.9999991
0.4810127 0.9999986
0.5063291 0.999953
0.5316456 0.9956957
0.556962 0.9512709
0.5822785 0.9933435
0.6075949 0.99972
0.6329114 0.99972
0.6582278 0.9995614
0.6835443 0.998066
0.7088608 0.9897051
0.7341772 0.9449692
0.7594937 0.2273949
0.7848101 0.04964571
0.8101266 0.00750354
0.835443 0.0001703798
0.8607595 2.881296e-06
0.8860759 8.119868e-07
0.9113924 1.663811e-07
0.9367089 9.724703e-09
0.9620253 1.21433e-08
0.9873418 1.812178e-06
1.012658 3.210027e-06
1.037975 1.089939e-06
1.063291 4.640436e-08
1.088608 2.556934e-08
1.113924 4.715395e-08
1.139241 3.439872e-07
1.164557 4.501672e-07
1.189873 1.846557e-07
1.21519 1.664673e-07
1.240506 8.302593e-08
1.265823 1.26738e-08
1.291139 1.401765e-09
1.316456 6.159112e-10
1.341772 4.013748e-10
1.367089 2.275686e-10
1.392405 1.484502e-10
1.417722 1.483708e-10
1.443038 2.167277e-10
1.468354 3.739929e-10
1.493671 7.171869e-10
1.518987 1.37065e-09
1.544304 1.277486e-09
1.56962 1.165181e-09
1.594937 7.755368e-09
1.620253 1.655594e-07
1.64557 1.771569e-07
1.670886 3.52945e-08
1.696203 6.162708e-08
1.721519 1.166287e-06
1.746835 2.395556e-05
1.772152 1.520846e-05
1.797468 3.032071e-06
1.822785 6.98443e-08
1.848101 1.011429e-10
1.873418 9.785532e-12
1.898734 1.144123e-11
1.924051 2.300519e-11
1.949367 1.860638e-11
1.974684 1.915543e-12
2 6.196467e-16
