0.4810127 1
0.5063291 1
0.5316456 1
0.556962 1
0.5822785 1
0.6075949 1
0.6329114 1
0.6582278 1
0.6835443 1
0.7088608 1
0.7341772 1
0.7594937 1
0.7848101 1
0.8101266 1
0.835443 1
0.8607595 1
0.8860759 1
0.9113924 1
0.9367089 1
0.9620253 1
0.9873418 1
1.012658 1
1.037975 1
1.063291 1
1.088608 1
1.113924 1
1.139241 1
1.164557 1
1.189873 1
1.21519 1
1.240506 1
1.265823 1
1.291139 1
1.316456 1
1.341772 0.9999997
1.367089 0.9997705
1.392405 0.9771992
1.417722 0.6561675
1.443038 0.07642154
1.468354 0.002020156
1.493671 6.755658e-05
1.518987 1.126858e-06
1.544304 2.653688e-09
1.56962 1.108078e-12
1.594937 2.448105e-15
1.620253 3.970354e-16
1.64557 8.688147e-18
1.670886 1.774352e-18
1.696203 7.971249e-19
1.721519 3.169429e-19
1.746835 1.091101e-19
1.772152 3.241159e-20
1.797468 8.398854e-21
1.822785 1.928184e-21
1.848101 3.944507e-22
1.873418 6.823424e-23
1.898734 8.769116e-24
1.924051 6.877245e-25
1.949367 2.483254e-26
1.974684 1.22338e-28
2 9.658014e-36
