0.5822785 1
0.6075949 1
0.6329114 1
0.6582278 1
0.6835443 1
0.7088608 1
0.7341772 1
0.7594937 1
0.7848101 1
0.8101266 1
0.835443 1
0.8607595 1
0.8860759 1
0.9113924 1
0.9367089 1
0.9620253 1
0.9873418 1
1.012658 1
1.037975 1
1.063291 1
1.088608 1
1.113924 1
1.139241 1
1.164557 1
1.189873 1
1.21519 1
1.240506 1
1.265823 1
1.291139 1
1.316456 1
1.341772 0.9999541
1.367089 0.9957907
1.392405 0.915414
1.417722 0.3420818
1.443038 0.02373171
1.468354 0.0003957537
1.493671 3.727166e-06
1.518987 2.42161e-08
1.544304 5.333035e-11
1.56962 8.839808e-14
1.594937 1.099854e-15
1.620253 6.651361e-17
1.64557 2.079448e-17
1.670886 4.626394e-18
1.696203 8.447564e-19
1.721519 1.407973e-19
1.746835 2.538392e-20
1.772152 5.287512e-21
1.797468 1.031777e-21
1.822785 1.368592e-22
1.848101 8.959956e-24
1.873418 1.868833e-25
1.898734 7.326532e-28
1.924051 4.632219e-31
1.949367 9.491271e-34
1.974684 6.847783e-37
2 1.174532e-42
