0.02531646 1
0.05063291 1
0.07594937 1
0.1012658 1
0.1265823 1
0.1518987 1
0.1772152 1
0.2025316 1
0.2278481 0.9999947
0.2531646 0.9995761
0.278481 0.986245
0.3037975 0.7969249
0.3291139 0.0275952
0.3544304 0.0009992798
0.3797468 3.233036e-05
0.4050633 2.705236e-06
0.4303797 6.444398e-08
0.4556962 3.912757e-09
0.4810127 4.105614e-10
0.5063291 1.378533e-10
0.5316456 4.722705e-11
0.556962 9.835252e-12
0.5822785 1.438624e-12
0.6075949 1.600126e-13
0.6329114 1.724476e-14
0.6582278 4.178749e-15
0.6835443 2.068859e-15
0.7088608 1.096098e-15
0.7341772 5.2929e-16
0.7594937 2.327555e-16
0.7848101 9.328894e-17
0.8101266 3.401236e-17
0.835443 1.124209e-17
0.8607595 3.363283e-18
0.8860759 9.140587e-19
0.9113924 2.282526e-19
0.9367089 5.331333e-20
0.9620253 1.186083e-20
0.9873418 2.58733e-21
1.012658 6.999643e-22
1.037975 5.407745e-22
1.063291 9.684446e-22
1.088608 1.934686e-21
1.113924 3.748708e-21
1.139241 6.970141e-21
1.164557 1.245122e-20
1.189873 2.141493e-20
1.21519 3.553671e-20
1.240506 5.701197e-20
1.265823 8.859315e-20
1.291139 1.335822e-19
1.316456 1.957692e-19
1.341772 2.79319e-19
1.367089 3.886243e-19
1.392405 5.281663e-19
1.417722 7.02451e-19
1.443038 9.161178e-19
1.468354 1.174344e-18
1.493671 1.48369e-18
1.518987 1.853536e-18
1.544304 2.298247e-18
1.56962 2.840124e-18
1.594937 3.513057e-18
1.620253 4.36634e-18
1.64557 5.467269e-18
1.670886 6.899441e-18
1.696203 8.75096e-18
1.721519 1.108369e-17
1.746835 1.387416e-17
1.772152 1.692556e-17
1.797468 1.977778e-17
1.822785 2.16893e-17
1.848101 2.179912e-17
1.873418 1.952519e-17
1.898734 1.505648e-17
1.924051 9.547658e-18
1.949367 4.650217e-18
1.974684 1.542408e-18
2 2.608489e-19
