0.3544304 1
0.3797468 1
0.4050633 1
0.4303797 1
0.4556962 1
0.4810127 1
0.5063291 1
0.5316456 1
0.556962 0.9999997
0.5822785 0.9997647
0.6075949 0.9798298
0.6329114 0.7295651
0.6582278 0.09531061
0.6835443 0.002635712
0.7088608 0.000589066
0.7341772 0.0001102514
0.7594937 4.857983e-06
0.7848101 1.126823e-07
0.8101266 5.490446e-09
0.835443 1.719101e-10
0.8607595 7.179143e-12
0.8860759 4.419321e-13
0.9113924 3.202707e-14
0.9367089 3.723052e-15
0.9620253 9.489753e-16
0.9873418 2.401175e-16
1.012658 4.849773e-17
1.037975 7.688717e-18
1.063291 9.341909e-19
1.088608 8.433815e-20
1.113924 5.45009e-21
1.139241 2.403307e-22
1.164557 6.72265e-24
1.189873 1.071053e-25
1.21519 8.450655e-28
1.240506 2.82162e-30
1.265823 3.459749e-33
1.291139 1.116544e-36
1.316456 7.764804e-41
1.341772 8.847786e-46
1.367089 1.196861e-51
1.392405 1.422557e-57
1.417722 9.542505e-63
1.443038 7.973063e-65
1.468354 2.821107e-66
1.493671 1.109571e-67
1.518987 4.524179e-69
1.544304 1.923203e-70
1.56962 8.371346e-72
1.594937 3.709129e-73
1.620253 1.692318e-74
1.64557 8.101452e-76
1.670886 4.14205e-77
1.696203 2.287026e-78
1.721519 1.364219e-79
1.746835 8.672942e-81
1.772152 5.714871e-82
1.797468 3.758395e-83
1.822785 2.369087e-84
1.848101 1.377966e-85
1.873418 7.139191e-87
1.898734 3.175544e-88
1.924051 1.158143e-89
1.949367 3.234846e-91
1.974684 6.131311e-93
2 5.896622e-95
