0.02531646 1
0.05063291 1
0.07594937 1
0.1012658 1
0.1265823 1
0.1518987 1
0.1772152 1
0.2025316 0.9999955
0.2278481 0.9990642
0.2531646 0.9825954
0.278481 0.8179706
0.3037975 0.06317361
0.3291139 0.0161751
0.3544304 0.001386369
0.3797468 0.0009127971
0.4050633 0.001982126
0.4303797 0.004004859
0.4556962 0.001342398
0.4810127 0.001048022
0.5063291 0.003114756
0.5316456 0.002531629
0.556962 0.001555785
0.5822785 0.001503144
0.6075949 0.001504882
0.6329114 0.00250631
0.6582278 0.003729908
0.6835443 0.00121246
0.7088608 0.0009827246
0.7341772 0.003953266
0.7594937 0.002715809
0.7848101 0.0006224779
0.8101266 3.832439e-05
0.835443 5.801667e-07
0.8607595 2.180718e-07
0.8860759 4.647515e-07
0.9113924 5.520527e-07
0.9367089 1.32536e-07
0.9620253 1.798758e-07
0.9873418 1.986715e-06
1.012658 2.212701e-06
1.037975 5.799971e-07
1.063291 7.850575e-08
1.088608 5.239702e-08
1.113924 3.472942e-07
1.139241 2.728096e-06
1.164557 8.652296e-06
1.189873 3.750093e-05
1.21519 5.321999e-05
1.240506 5.160167e-05
1.265823 1.049607e-05
1.291139 5.668101e-07
1.316456 6.114516e-09
1.341772 4.873614e-10
1.367089 4.401141e-10
1.392405 4.401142e-10
1.417722 4.401142e-10
1.443038 4.719587e-10
1.468354 6.534834e-09
1.493671 1.170955e-08
1.518987 2.167291e-09
1.544304 1.161595e-09
1.56962 1.917767e-09
1.594937 1.152727e-09
1.620253 1.320693e-10
1.64557 5.727778e-12
1.670886 4.052963e-13
1.696203 1.175595e-13
1.721519 4.330502e-14
1.746835 1.657171e-14
1.772152 9.205229e-15
1.797468 6.491718e-15
1.822785 5.015467e-15
1.848101 4.569543e-15
1.873418 4.618717e-15
1.898734 4.876515e-15
1.924051 5.328315e-15
1.949367 6.155307e-15
1.974684 8.589362e-15
2 1.839369e-14
