0.02531646 0.9999999
0.05063291 1
0.07594937 1
0.1012658 1
0.1265823 1
0.1518987 1
0.1772152 1
0.2025316 0.999993
0.2278481 0.9990035
0.2531646 0.9914446
0.278481 0.845337
0.3037975 0.0221875
0.3291139 0.005459725
0.3544304 0.001863548
0.3797468 0.02756356
0.4050633 0.04835279
0.4303797 0.01028782
0.4556962 0.001820752
0.4810127 0.001805906
0.5063291 0.001743089
0.5316456 0.001459109
0.556962 0.0009736129
0.5822785 0.0002404838
0.6075949 6.557389e-05
0.6329114 0.0002628029
0.6582278 0.001248699
0.6835443 0.001092654
0.7088608 0.0003761864
0.7341772 0.0001100021
0.7594937 9.452386e-05
0.7848101 0.0001081218
0.8101266 4.845967e-05
0.835443 2.854662e-05
0.8607595 6.32364e-05
0.8860759 6.449851e-05
0.9113924 2.831775e-05
0.9367089 1.475957e-05
0.9620253 1.351328e-05
0.9873418 7.866352e-06
1.012658 2.523234e-06
1.037975 1.01057e-06
1.063291 5.027156e-07
1.088608 4.573911e-07
1.113924 4.573911e-07
1.139241 5.70998e-07
1.164557 3.828115e-06
1.189873 1.785598e-05
1.21519 4.849712e-05
1.240506 4.665875e-05
1.265823 1.369563e-05
1.291139 2.764244e-06
1.316456 9.430156e-06
1.341772 3.562363e-05
1.367089 3.937794e-05
1.392405 9.054771e-06
1.417722 1.29489e-06
1.443038 6.578612e-08
1.468354 2.80909e-09
1.493671 2.091244e-09
1.518987 2.091503e-09
1.544304 2.091244e-09
1.56962 8.403962e-09
1.594937 3.643598e-09
1.620253 7.838914e-11
1.64557 1.295935e-11
1.670886 1.650654e-11
1.696203 1.623182e-11
1.721519 1.251107e-11
1.746835 4.998743e-12
1.772152 1.140548e-12
1.797468 2.33163e-13
1.822785 6.367304e-14
1.848101 2.22326e-14
1.873418 9.457073e-15
1.898734 4.999152e-15
1.924051 3.013085e-15
1.949367 2.139599e-15
1.974684 1.822892e-15
2 1.75045e-15
