0.02531646 1
0.05063291 1
0.07594937 1
0.1012658 1
0.1265823 1
0.1518987 1
0.1772152 1
0.2025316 1
0.2278481 1
0.2531646 1
0.278481 1
0.3037975 1
0.3291139 1
0.3544304 1
0.3797468 0.9999999
0.4050633 0.9999988
0.4303797 0.9997377
0.4556962 0.9997665
0.4810127 0.9997408
0.5063291 0.9918865
0.5316456 0.9922831
0.556962 0.9890976
0.5822785 0.994053
0.6075949 0.9951337
0.6329114 0.9966572
0.6582278 0.9827399
0.6835443 0.7288696
0.7088608 0.7740295
0.7341772 0.7717984
0.7594937 0.05745241
0.7848101 0.0005712287
0.8101266 1.670357e-06
0.835443 8.807174e-09
0.8607595 3.725095e-08
0.8860759 1.757441e-06
0.9113924 1.330383e-05
0.9367089 2.971024e-05
0.9620253 5.160507e-05
0.9873418 1.617578e-05
1.012658 2.069742e-06
1.037975 1.018292e-06
1.063291 3.402039e-06
1.088608 2.085987e-05
1.113924 4.74793e-05
1.139241 1.326182e-05
1.164557 5.542426e-07
1.189873 6.974115e-09
1.21519 2.610292e-09
1.240506 1.230342e-08
1.265823 2.890483e-09
1.291139 5.420419e-10
1.316456 4.510697e-10
1.341772 5.203002e-10
1.367089 7.030158e-10
1.392405 8.815615e-10
1.417722 9.43794e-10
1.443038 5.859941e-10
1.468354 3.257852e-10
1.493671 1.492891e-10
1.518987 4.788224e-11
1.544304 1.927162e-11
1.56962 1.142587e-11
1.594937 1.280909e-11
1.620253 2.709259e-11
1.64557 6.828573e-11
1.670886 1.230594e-10
1.696203 1.969527e-10
1.721519 3.120966e-09
1.746835 1.348631e-07
1.772152 3.944725e-06
1.797468 2.600816e-05
1.822785 2.679067e-05
1.848101 5.255893e-06
1.873418 2.06785e-07
1.898734 3.875925e-08
1.924051 2.295719e-09
1.949367 1.416042e-11
1.974684 1.78428e-11
2 1.417639e-11
