0.02531646 1
0.05063291 1
0.07594937 1
0.1012658 1
0.1265823 1
0.1518987 1
0.1772152 1
0.2025316 0.9999998
0.2278481 0.9997858
0.2531646 0.9727032
0.278481 0.5301127
0.3037975 0.00793184
0.3291139 0.008964064
0.3544304 0.0003333394
0.3797468 5.198575e-05
0.4050633 4.326332e-07
0.4303797 1.642833e-08
0.4556962 1.08372e-09
0.4810127 1.9677e-10
0.5063291 7.811285e-11
0.5316456 2.20366e-11
0.556962 3.909667e-12
0.5822785 5.151046e-13
0.6075949 5.621804e-14
0.6329114 8.332994e-15
0.6582278 2.813441e-15
0.6835443 1.47492e-15
0.7088608 7.441224e-16
0.7341772 3.489493e-16
0.7594937 1.523099e-16
0.7848101 6.189844e-17
0.8101266 2.342166e-17
0.835443 8.27503e-18
0.8607595 2.761052e-18
0.8860759 8.983878e-19
0.9113924 3.088001e-19
0.9367089 1.338496e-19
0.9620253 9.323538e-20
0.9873418 1.074265e-19
1.012658 1.656326e-19
1.037975 2.880426e-19
1.063291 5.216408e-19
1.088608 9.48799e-19
1.113924 1.701934e-18
1.139241 2.973879e-18
1.164557 5.038171e-18
1.189873 8.269562e-18
1.21519 1.316375e-17
1.240506 2.036479e-17
1.265823 3.070814e-17
1.291139 4.529245e-17
1.316456 6.559781e-17
1.341772 9.366333e-17
1.367089 1.32322e-16
1.392405 1.854589e-16
1.417722 2.582173e-16
1.443038 3.570422e-16
1.468354 4.894819e-16
1.493671 6.637952e-16
1.518987 8.887111e-16
1.544304 1.174204e-15
1.56962 1.534414e-15
1.594937 1.993269e-15
1.620253 2.635292e-15
1.64557 3.755866e-15
1.670886 6.339421e-15
1.696203 1.343579e-14
1.721519 3.353271e-14
1.746835 8.597668e-14
1.772152 1.991567e-13
1.797468 3.641553e-13
1.822785 4.69923e-13
1.848101 4.767177e-13
1.873418 4.083629e-13
1.898734 2.174464e-13
1.924051 4.763043e-14
1.949367 4.054755e-15
1.974684 1.45212e-15
2 1.376837e-15
