0.02531646 0.9999999
0.05063291 1
0.07594937 1
0.1012658 1
0.1265823 1
0.1518987 1
0.1772152 1
0.2025316 0.9999999
0.2278481 0.9999957
0.2531646 0.9999683
0.278481 0.9995618
0.3037975 0.9879215
0.3291139 0.9241578
0.3544304 0.709483
0.3797468 0.06708735
0.4050633 0.9370285
0.4303797 0.8223087
0.4556962 0.7719184
0.4810127 0.8888946
0.5063291 0.4251314
0.5316456 0.01782863
0.556962 0.0007558547
0.5822785 3.306268e-05
0.6075949 1.239942e-06
0.6329114 8.120593e-08
0.6582278 4.171764e-08
0.6835443 2.569052e-08
0.7088608 1.97894e-08
0.7341772 5.076039e-08
0.7594937 3.501358e-08
0.7848101 5.442948e-09
0.8101266 4.38206e-09
0.835443 3.717414e-08
0.8607595 7.962989e-08
0.8860759 7.968317e-08
0.9113924 1.220357e-07
0.9367089 3.213803e-07
0.9620253 2.603076e-07
0.9873418 2.603076e-07
1.012658 1.104924e-06
1.037975 1.211288e-06
1.063291 7.547315e-07
1.088608 2.523892e-07
1.113924 2.291351e-08
1.139241 1.121574e-09
1.164557 1.094105e-09
1.189873 1.094105e-09
1.21519 1.094105e-09
1.240506 1.130402e-09
1.265823 3.477952e-09
1.291139 1.210669e-08
1.316456 9.716344e-08
1.341772 7.188707e-07
1.367089 6.684891e-07
1.392405 4.919246e-07
1.417722 1.08192e-07
1.443038 4.3588e-09
1.468354 1.045751e-10
1.493671 7.225528e-11
1.518987 5.781823e-11
1.544304 3.984103e-11
1.56962 2.479949e-11
1.594937 1.40708e-11
1.620253 8.481266e-12
1.64557 7.898159e-12
1.670886 8.431764e-12
1.696203 1.014493e-11
1.721519 1.276422e-11
1.746835 1.456137e-11
1.772152 1.401828e-11
1.797468 1.521234e-11
1.822785 2.065099e-11
1.848101 3.210614e-11
1.873418 4.999883e-11
1.898734 6.964226e-11
1.924051 7.875496e-11
1.949367 7.37938e-11
1.974684 5.768267e-11
2 2.898534e-11
