0.02531646 1
0.05063291 1
0.07594937 1
0.1012658 1
0.1265823 1
0.1518987 1
0.1772152 1
0.2025316 1
0.2278481 0.9999998
0.2531646 0.9999991
0.278481 0.9999998
0.3037975 0.999971
0.3291139 0.9995678
0.3544304 0.9961367
0.3797468 0.9804866
0.4050633 0.9804208
0.4303797 0.9998282
0.4556962 0.9998874
0.4810127 0.9998275
0.5063291 0.9975564
0.5316456 0.9791424
0.556962 0.9871453
0.5822785 0.9986405
0.6075949 0.9994335
0.6329114 0.9996081
0.6582278 0.9996081
0.6835443 0.9857361
0.7088608 0.8447758
0.7341772 0.1976092
0.7594937 0.04805064
0.7848101 0.003235999
0.8101266 6.620057e-05
0.835443 7.44422e-06
0.8607595 1.156772e-05
0.8860759 1.596257e-05
0.9113924 7.510425e-06
0.9367089 7.776671e-07
0.9620253 9.09007e-09
0.9873418 2.68655e-09
1.012658 4.007314e-09
1.037975 3.302618e-09
1.063291 1.739588e-09
1.088608 1.737961e-09
1.113924 1.737961e-09
1.139241 5.657399e-09
1.164557 2.805421e-09
1.189873 8.710366e-09
1.21519 1.292092e-07
1.240506 2.317824e-06
1.265823 5.262991e-06
1.291139 5.262991e-06
1.316456 9.987267e-07
1.341772 1.034713e-07
1.367089 4.285085e-09
1.392405 4.620659e-10
1.417722 4.725563e-10
1.443038 2.618246e-10
1.468354 1.055463e-10
1.493671 4.738113e-11
1.518987 1.303929e-11
1.544304 1.345589e-12
1.56962 5.601177e-15
1.594937 9.938431e-16
1.620253 4.172002e-16
1.64557 1.950838e-16
1.670886 7.300666e-17
1.696203 2.341485e-17
1.721519 7.385512e-18
1.746835 2.354293e-18
1.772152 7.54764e-19
1.797468 2.428497e-19
1.822785 7.857669e-20
1.848101 2.563707e-20
1.873418 8.461563e-21
1.898734 2.837096e-21
1.924051 9.717863e-22
1.949367 3.423422e-22
1.974684 1.249486e-22
2 4.764367e-23
