0.4556962 1
0.4810127 1
0.5063291 1
0.5316456 1
0.556962 1
0.5822785 1
0.6075949 1
0.6329114 1
0.6582278 1
0.6835443 1
0.7088608 1
0.7341772 1
0.7594937 1
0.7848101 1
0.8101266 1
0.835443 1
0.8607595 1
0.8860759 1
0.9113924 1
0.9367089 1
0.9620253 1
0.9873418 1
1.012658 1
1.037975 1
1.063291 1
1.088608 1
1.113924 1
1.139241 1
1.164557 1
1.189873 1
1.21519 1
1.240506 1
1.265823 1
1.291139 1
1.316456 1
1.341772 0.9999999
1.367089 0.9999204
1.392405 0.9887751
1.417722 0.7691254
1.443038 0.1282615
1.468354 0.003111763
1.493671 0.0001156784
1.518987 2.015491e-06
1.544304 4.879574e-09
1.56962 2.924393e-12
1.594937 3.787216e-15
1.620253 5.571024e-16
1.64557 1.217495e-17
1.670886 2.443743e-18
1.696203 1.180949e-18
1.721519 5.107557e-19
1.746835 1.927312e-19
1.772152 6.276848e-20
1.797468 1.774915e-20
1.822785 4.413711e-21
1.848101 9.9842e-22
1.873418 2.089936e-22
1.898734 4.012375e-23
1.924051 6.327877e-24
1.949367 6.256939e-25
1.974684 2.174594e-26
2 6.624425e-30
