0.02531646 1
0.05063291 1
0.07594937 1
0.1012658 1
0.1265823 1
0.1518987 1
0.1772152 1
0.2025316 0.9999993
0.2278481 0.9999495
0.2531646 0.9999948
0.278481 1
0.3037975 0.9999999
0.3291139 0.9999902
0.3544304 0.9956274
0.3797468 0.998971
0.4050633 0.9998401
0.4303797 0.9998848
0.4556962 0.9998683
0.4810127 0.9997856
0.5063291 0.9998861
0.5316456 0.9965321
0.556962 0.8585376
0.5822785 0.9416123
0.6075949 0.9963244
0.6329114 0.999901
0.6582278 0.9999061
0.6835443 0.9972058
0.7088608 0.9304622
0.7341772 0.2475711
0.7594937 0.01808835
0.7848101 0.001175676
0.8101266 4.126262e-05
0.835443 4.634016e-06
0.8607595 2.728116e-06
0.8860759 2.391866e-06
0.9113924 3.40791e-06
0.9367089 1.8058e-05
0.9620253 1.818158e-05
0.9873418 9.036888e-06
1.012658 2.444713e-06
1.037975 4.89267e-07
1.063291 1.736437e-07
1.088608 8.108521e-08
1.113924 5.675883e-09
1.139241 7.713787e-08
1.164557 9.815165e-07
1.189873 2.53252e-06
1.21519 2.125811e-06
1.240506 4.185377e-07
1.265823 4.303412e-08
1.291139 2.16781e-09
1.316456 1.294455e-09
1.341772 5.529527e-09
1.367089 3.06525e-09
1.392405 5.974327e-10
1.417722 4.933665e-10
1.443038 1.542289e-10
1.468354 9.954571e-12
1.493671 6.881962e-13
1.518987 5.753391e-14
1.544304 5.548099e-15
1.56962 9.107526e-16
1.594937 1.336055e-16
1.620253 2.717859e-17
1.64557 7.405225e-18
1.670886 1.719034e-18
1.696203 3.567147e-19
1.721519 6.852289e-20
1.746835 1.253449e-20
1.772152 2.256705e-21
1.797468 4.144374e-22
1.822785 7.929875e-23
1.848101 1.581165e-23
1.873418 3.271355e-24
1.898734 7.035462e-25
1.924051 1.58469e-25
1.949367 3.763615e-26
1.974684 9.51365e-27
2 2.576221e-27
