0.02531646 1
0.05063291 1
0.07594937 1
0.1012658 1
0.1265823 1
0.1518987 1
0.1772152 1
0.2025316 0.9999987
0.2278481 0.9998032
0.2531646 0.9898595
0.278481 0.7566957
0.3037975 0.05577469
0.3291139 0.000626752
0.3544304 0.0002825252
0.3797468 1.642837e-05
0.4050633 1.809834e-07
0.4303797 5.992324e-09
0.4556962 4.515989e-10
0.4810127 1.32388e-10
0.5063291 5.712187e-11
0.5316456 1.542226e-11
0.556962 3.064756e-12
0.5822785 5.257809e-13
0.6075949 7.875753e-14
0.6329114 1.262829e-14
0.6582278 3.699168e-15
0.6835443 1.97749e-15
0.7088608 1.206508e-15
0.7341772 7.749266e-16
0.7594937 4.970444e-16
0.7848101 3.3075e-16
0.8101266 2.357678e-16
0.835443 1.863513e-16
0.8607595 1.746345e-16
0.8860759 2.202893e-16
0.9113924 3.958536e-16
0.9367089 8.539587e-16
0.9620253 1.888068e-15
0.9873418 5.074604e-15
1.012658 1.984168e-14
1.037975 6.74682e-14
1.063291 3.204773e-13
1.088608 4.223159e-12
1.113924 1.084557e-10
1.139241 2.809754e-09
1.164557 6.421678e-08
1.189873 1.152806e-06
1.21519 1.319014e-05
1.240506 9.909212e-05
1.265823 0.0003369117
1.291139 0.0003600681
1.316456 0.0003294688
1.341772 0.0002378489
1.367089 0.0001390423
1.392405 5.242331e-05
1.417722 1.616264e-05
1.443038 3.303013e-06
1.468354 2.533248e-07
1.493671 1.742702e-07
1.518987 1.742702e-07
1.544304 2.05011e-07
1.56962 7.655419e-07
1.594937 2.915603e-06
1.620253 2.280794e-05
1.64557 0.0001188547
1.670886 0.0001478531
1.696203 0.0001135489
1.721519 3.513942e-05
1.746835 4.867877e-06
1.772152 7.333411e-06
1.797468 2.807552e-05
1.822785 0.000103121
1.848101 0.0001258665
1.873418 0.0001117862
1.898734 4.076845e-05
1.924051 6.194047e-06
1.949367 3.290905e-07
1.974684 7.198201e-09
2 1.357873e-09
