0.02531646 1
0.05063291 1
0.07594937 1
0.1012658 1
0.1265823 1
0.1518987 1
0.1772152 1
0.2025316 0.9999942
0.2278481 0.9991879
0.2531646 0.9762892
0.278481 0.1648655
0.3037975 0.01793592
0.3291139 0.0007582906
0.3544304 3.35713e-05
0.3797468 5.571613e-06
0.4050633 4.624304e-07
0.4303797 1.217386e-08
0.4556962 6.444528e-10
0.4810127 2.250624e-10
0.5063291 1.614372e-10
0.5316456 1.304886e-10
0.556962 1.091953e-10
0.5822785 9.424117e-11
0.6075949 8.405191e-11
0.6329114 8.202746e-11
0.6582278 8.516039e-11
0.6835443 9.195537e-11
0.7088608 9.99096e-11
0.7341772 1.114119e-10
0.7594937 1.421593e-10
0.7848101 2.306681e-10
0.8101266 4.424541e-10
0.835443 6.881637e-10
0.8607595 7.365038e-10
0.8860759 7.803355e-10
0.9113924 1.409964e-09
0.9367089 6.039629e-09
0.9620253 3.2199e-08
0.9873418 1.690354e-07
1.012658 1.014151e-06
1.037975 8.107235e-06
1.063291 6.503925e-05
1.088608 0.0001192058
1.113924 8.739885e-05
1.139241 2.521387e-05
1.164557 5.483874e-06
1.189873 5.335061e-06
1.21519 7.809207e-06
1.240506 6.00782e-05
1.265823 0.0003757603
1.291139 0.0004068687
1.316456 0.0001781884
1.341772 2.494649e-05
1.367089 1.763553e-06
1.392405 1.172293e-06
1.417722 9.920034e-06
1.443038 0.0001428389
1.468354 0.0001855909
1.493671 7.971248e-05
1.518987 1.013894e-05
1.544304 2.377414e-07
1.56962 6.220072e-08
1.594937 6.085326e-08
1.620253 1.199137e-07
1.64557 3.831594e-07
1.670886 7.331186e-07
1.696203 4.294529e-07
1.721519 2.673458e-07
1.746835 2.675836e-07
1.772152 4.054581e-07
1.797468 9.465023e-06
1.822785 9.698258e-05
1.848101 0.0001499701
1.873418 0.000141919
1.898734 4.786001e-05
1.924051 5.226248e-06
1.949367 1.408139e-07
1.974684 1.847806e-09
2 5.226325e-08
