0.5822785 1
0.6075949 1
0.6329114 1
0.6582278 1
0.6835443 1
0.7088608 1
0.7341772 1
0.7594937 1
0.7848101 1
0.8101266 1
0.835443 1
0.8607595 1
0.8860759 1
0.9113924 1
0.9367089 1
0.9620253 1
0.9873418 1
1.012658 1
1.037975 1
1.063291 1
1.088608 1
1.113924 1
1.139241 1
1.164557 1
1.189873 1
1.21519 1
1.240506 1
1.265823 1
1.291139 1
1.316456 0.9999999
1.341772 0.9999459
1.367089 0.9947755
1.392405 0.9154259
1.417722 0.3013212
1.443038 0.02063085
1.468354 0.0003531655
1.493671 3.745382e-06
1.518987 2.464379e-08
1.544304 5.04668e-11
1.56962 8.388472e-14
1.594937 1.08128e-15
1.620253 6.694441e-17
1.64557 2.051467e-17
1.670886 4.641981e-18
1.696203 8.90209e-19
1.721519 1.534127e-19
1.746835 2.659851e-20
1.772152 5.107983e-21
1.797468 1.008294e-21
1.822785 1.581052e-22
1.848101 1.45744e-23
1.873418 5.512126e-25
1.898734 4.982703e-27
1.924051 5.301326e-30
1.949367 1.448046e-34
1.974684 7.983574e-39
2 1.396092e-41
