0.278481 1
0.3037975 1
0.3291139 1
0.3544304 1
0.3797468 1
0.4050633 1
0.4303797 1
0.4556962 1
0.4810127 0.9999938
0.5063291 0.9996481
0.5316456 0.9952539
0.556962 0.91451
0.5822785 0.1788919
0.6075949 0.009470273
0.6329114 0.0004157998
0.6582278 2.59448e-05
0.6835443 1.284126e-06
0.7088608 3.768603e-08
0.7341772 1.554936e-09
0.7594937 6.592351e-11
0.7848101 5.691486e-12
0.8101266 5.607698e-13
0.835443 4.911062e-14
0.8607595 4.711654e-15
0.8860759 1.184844e-15
0.9113924 3.604699e-16
0.9367089 9.363613e-17
0.9620253 1.99769e-17
0.9873418 3.383489e-18
1.012658 4.436431e-19
1.037975 4.357311e-20
1.063291 3.050984e-21
1.088608 1.441073e-22
1.113924 4.356191e-24
1.139241 7.988534e-26
1.164557 8.154505e-28
1.189873 4.141446e-30
1.21519 8.458918e-33
1.240506 5.339061e-36
1.265823 9.737874e-40
1.291139 3.711353e-44
1.316456 2.047075e-49
1.341772 7.198944e-55
1.367089 1.481575e-59
1.392405 1.547481e-60
1.417722 7.766767e-61
1.443038 3.680407e-61
1.468354 1.545943e-61
1.493671 5.807886e-62
1.518987 1.966972e-62
1.544304 6.040899e-63
1.56962 1.689254e-63
1.594937 4.311647e-64
1.620253 1.00556e-64
1.64557 2.142556e-65
1.670886 4.165737e-66
1.696203 7.37354e-67
1.721519 1.183834e-67
1.746835 1.715039e-68
1.772152 2.226466e-69
1.797468 2.566961e-70
1.822785 2.598129e-71
1.848101 2.27404e-72
1.873418 1.687002e-73
1.898734 1.031744e-74
1.924051 4.995661e-76
1.949367 1.795868e-77
1.974684 4.261498e-79
2 5.007195e-81
