0.556962 1
0.5822785 1
0.6075949 1
0.6329114 1
0.6582278 1
0.6835443 1
0.7088608 1
0.7341772 1
0.7594937 1
0.7848101 1
0.8101266 1
0.835443 1
0.8607595 1
0.8860759 1
0.9113924 1
0.9367089 1
0.9620253 1
0.9873418 1
1.012658 1
1.037975 1
1.063291 1
1.088608 1
1.113924 1
1.139241 1
1.164557 1
1.189873 1
1.21519 1
1.240506 1
1.265823 1
1.291139 1
1.316456 0.9999999
1.341772 0.999888
1.367089 0.9855929
1.392405 0.7403431
1.417722 0.1167448
1.443038 0.003252121
1.468354 0.0001392031
1.493671 1.941242e-06
1.518987 5.54225e-09
1.544304 1.602789e-11
1.56962 7.016166e-14
1.594937 9.327486e-16
1.620253 8.090581e-17
1.64557 1.278884e-17
1.670886 3.805924e-18
1.696203 9.560965e-19
1.721519 2.335988e-19
1.746835 5.812178e-20
1.772152 1.400261e-20
1.797468 3.088152e-21
1.822785 6.124401e-22
1.848101 1.109454e-22
1.873418 1.771423e-23
1.898734 2.097105e-24
1.924051 1.276957e-25
1.949367 1.916095e-27
1.974684 1.024353e-30
2 2.431189e-39
