0.1518987 1
0.1772152 1
0.2025316 1
0.2278481 1
0.2531646 1
0.278481 1
0.3037975 1
0.3291139 1
0.3544304 1
0.3797468 1
0.4050633 1
0.4303797 1
0.4556962 1
0.4810127 1
0.5063291 1
0.5316456 1
0.556962 1
0.5822785 1
0.6075949 0.9999999
0.6329114 0.9999993
0.6582278 0.9999953
0.6835443 0.9999637
0.7088608 0.9994583
0.7341772 0.9839547
0.7594937 0.5138252
0.7848101 0.05674737
0.8101266 0.001394776
0.835443 7.050599e-06
0.8607595 6.0479e-09
0.8860759 2.737214e-11
0.9113924 3.017559e-11
0.9367089 3.005128e-11
0.9620253 2.035066e-11
0.9873418 6.102143e-12
1.012658 5.41415e-13
1.037975 1.119056e-14
1.063291 4.877631e-16
1.088608 3.38875e-16
1.113924 2.702968e-16
1.139241 1.877627e-16
1.164557 1.156059e-16
1.189873 6.326939e-17
1.21519 3.060893e-17
1.240506 1.292824e-17
1.265823 4.666904e-18
1.291139 1.390243e-18
1.316456 3.195843e-19
1.341772 4.766417e-20
1.367089 2.269258e-21
1.392405 3.866495e-38
1.417722 3.085751e-41
1.443038 7.972819e-41
1.468354 1.486599e-40
1.493671 2.127672e-40
1.518987 2.424045e-40
1.544304 2.251261e-40
1.56962 1.733159e-40
1.594937 1.12003e-40
1.620253 6.135693e-41
1.64557 2.871714e-41
1.670886 1.155383e-41
1.696203 4.013778e-42
1.721519 1.207183e-42
1.746835 3.145239e-43
1.772152 7.086933e-44
1.797468 1.374928e-44
1.822785 2.279293e-45
1.848101 3.190875e-46
1.873418 3.707469e-47
1.898734 3.485166e-48
1.924051 2.549878e-49
1.949367 1.363268e-50
1.974684 4.738912e-52
2 8.037843e-54
