0.02531646 1
0.05063291 1
0.07594937 1
0.1012658 1
0.1265823 1
0.1518987 1
0.1772152 1
0.2025316 1
0.2278481 1
0.2531646 0.9999962
0.278481 0.9998359
0.3037975 0.9998262
0.3291139 0.999898
0.3544304 0.9975205
0.3797468 0.9980222
0.4050633 0.9998313
0.4303797 0.999976
0.4556962 0.9989658
0.4810127 0.748284
0.5063291 0.7235069
0.5316456 0.9497391
0.556962 0.9974696
0.5822785 0.9975903
0.6075949 0.9893418
0.6329114 0.9405953
0.6582278 0.4974261
0.6835443 0.06227152
0.7088608 0.001987009
0.7341772 2.053684e-05
0.7594937 1.498024e-07
0.7848101 1.156705e-09
0.8101266 3.469476e-10
0.835443 3.666173e-10
0.8607595 4.689984e-10
0.8860759 5.147868e-10
0.9113924 4.961065e-10
0.9367089 4.806798e-10
0.9620253 4.915312e-10
0.9873418 5.071138e-10
1.012658 5.063822e-10
1.037975 4.564169e-10
1.063291 3.04918e-10
1.088608 1.364469e-10
1.113924 2.973959e-11
1.139241 9.489826e-13
1.164557 7.156536e-15
1.189873 5.494468e-15
1.21519 4.731743e-15
1.240506 4.316261e-15
1.265823 4.203162e-15
1.291139 4.33449e-15
1.316456 4.618965e-15
1.341772 5.13652e-15
1.367089 7.567593e-15
1.392405 8.078845e-14
1.417722 2.635424e-12
1.443038 8.607647e-11
1.468354 2.790904e-09
1.493671 5.822354e-08
1.518987 4.847279e-07
1.544304 1.286469e-06
1.56962 2.896602e-07
1.594937 9.831539e-09
1.620253 2.02341e-10
1.64557 3.420032e-10
1.670886 4.089499e-10
1.696203 3.171435e-10
1.721519 2.656505e-09
1.746835 2.233562e-08
1.772152 7.583369e-08
1.797468 2.955833e-07
1.822785 8.359492e-07
1.848101 1.085301e-06
1.873418 2.084761e-08
1.898734 5.393729e-11
1.924051 7.88506e-14
1.949367 8.316825e-15
1.974684 1.222907e-15
2 6.125348e-17
