0.4050633 1
0.4303797 1
0.4556962 1
0.4810127 1
0.5063291 1
0.5316456 1
0.556962 1
0.5822785 1
0.6075949 1
0.6329114 1
0.6582278 1
0.6835443 1
0.7088608 1
0.7341772 1
0.7594937 1
0.7848101 1
0.8101266 1
0.835443 1
0.8607595 1
0.8860759 1
0.9113924 1
0.9367089 1
0.9620253 1
0.9873418 1
1.012658 1
1.037975 1
1.063291 1
1.088608 1
1.113924 1
1.139241 1
1.164557 1
1.189873 1
1.21519 1
1.240506 1
1.265823 1
1.291139 1
1.316456 1
1.341772 0.9999997
1.367089 0.9999943
1.392405 0.9994052
1.417722 0.9588552
1.443038 0.5419427
1.468354 0.02621734
1.493671 0.0006061581
1.518987 1.752739e-05
1.544304 1.38057e-07
1.56962 1.691043e-10
1.594937 5.924999e-14
1.620253 3.36372e-16
1.64557 2.55546e-19
1.670886 1.065907e-19
1.696203 5.116162e-20
1.721519 1.831289e-20
1.746835 4.239783e-21
1.772152 4.493775e-22
1.797468 5.598018e-25
1.822785 1.942112e-69
1.848101 3.843308e-69
1.873418 6.342948e-69
1.898734 8.411432e-69
1.924051 8.537593e-69
1.949367 6.178856e-69
1.974684 2.820024e-69
2 6.062262e-70
