0.7594937 1
0.7848101 1
0.8101266 1
0.835443 1
0.8607595 1
0.8860759 1
0.9113924 1
0.9367089 1
0.9620253 1
0.9873418 1
1.012658 1
1.037975 1
1.063291 1
1.088608 1
1.113924 1
1.139241 1
1.164557 1
1.189873 1
1.21519 1
1.240506 1
1.265823 0.9999994
1.291139 0.9996035
1.316456 0.9701078
1.341772 0.622291
1.367089 0.04636857
1.392405 0.001014944
1.417722 4.036848e-05
1.443038 1.478131e-06
1.468354 6.954792e-09
1.493671 2.763504e-11
1.518987 1.695399e-13
1.544304 2.898656e-15
1.56962 3.2304e-16
1.594937 2.6817e-17
1.620253 3.240832e-18
1.64557 7.214295e-19
1.670886 1.329214e-19
1.696203 2.284368e-20
1.721519 3.495605e-21
1.746835 4.057097e-22
1.772152 2.950949e-23
1.797468 1.085164e-24
1.822785 1.556797e-26
1.848101 6.388538e-29
1.873418 4.969991e-32
1.898734 3.691256e-36
1.924051 7.439302e-42
1.949367 1.622714e-46
1.974684 1.967288e-48
2 5.657033e-53
