0.02531646 0.9999999
0.05063291 1
0.07594937 1
0.1012658 1
0.1265823 1
0.1518987 1
0.1772152 1
0.2025316 1
0.2278481 0.9999991
0.2531646 0.999972
0.278481 0.9992352
0.3037975 0.9971158
0.3291139 0.9986972
0.3544304 0.9773417
0.3797468 0.6472359
0.4050633 0.06873033
0.4303797 0.8328002
0.4556962 0.9967683
0.4810127 0.9982671
0.5063291 0.9984527
0.5316456 0.9990973
0.556962 0.9960508
0.5822785 0.8756007
0.6075949 0.3027108
0.6329114 0.01231582
0.6582278 0.0005950969
0.6835443 4.069087e-05
0.7088608 2.892236e-06
0.7341772 1.673485e-07
0.7594937 6.22823e-09
0.7848101 4.847607e-10
0.8101266 4.498254e-10
0.835443 2.340115e-09
0.8607595 1.250984e-08
0.8860759 2.38664e-08
0.9113924 1.549817e-08
0.9367089 1.116657e-08
0.9620253 9.981122e-09
0.9873418 6.189753e-09
1.012658 4.345153e-09
1.037975 1.616379e-07
1.063291 2.759516e-06
1.088608 1.491037e-05
1.113924 4.665064e-05
1.139241 2.681137e-05
1.164557 8.589909e-07
1.189873 5.540144e-07
1.21519 8.561389e-08
1.240506 7.289557e-09
1.265823 2.12881e-09
1.291139 1.710384e-09
1.316456 1.978098e-09
1.341772 1.8835e-09
1.367089 1.338908e-09
1.392405 7.535164e-10
1.417722 2.71697e-10
1.443038 3.709407e-11
1.468354 7.720209e-13
1.493671 2.567916e-14
1.518987 3.633852e-13
1.544304 9.516098e-12
1.56962 9.955465e-11
1.594937 3.723886e-10
1.620253 6.185616e-10
1.64557 6.094661e-10
1.670886 4.434773e-10
1.696203 4.645367e-10
1.721519 4.747354e-10
1.746835 4.376314e-10
1.772152 3.191679e-10
1.797468 2.209129e-10
1.822785 2.523266e-10
1.848101 4.591505e-10
1.873418 1.98082e-09
1.898734 6.077384e-09
1.924051 4.720512e-09
1.949367 1.884509e-09
1.974684 3.286987e-10
2 1.321854e-11
