0.2531646 1
0.278481 1
0.3037975 1
0.3291139 1
0.3544304 1
0.3797468 1
0.4050633 1
0.4303797 1
0.4556962 0.9999992
0.4810127 0.9999349
0.5063291 0.9987275
0.5316456 0.9721251
0.556962 0.5635105
0.5822785 0.02758494
0.6075949 0.0009097547
0.6329114 5.929316e-05
0.6582278 3.701016e-06
0.6835443 1.078106e-07
0.7088608 6.046573e-09
0.7341772 2.551995e-10
0.7594937 1.725201e-11
0.7848101 1.824333e-12
0.8101266 1.718753e-13
0.835443 1.404508e-14
0.8607595 2.138899e-15
0.8860759 6.630176e-16
0.9113924 1.8885e-16
0.9367089 4.586073e-17
0.9620253 9.030634e-18
0.9873418 1.396812e-18
1.012658 1.637109e-19
1.037975 1.388977e-20
1.063291 8.17508e-22
1.088608 3.216231e-23
1.113924 8.139553e-25
1.139241 1.237073e-26
1.164557 1.016902e-28
1.189873 3.859178e-31
1.21519 5.277115e-34
1.240506 2.260515e-37
1.265823 2.83658e-41
1.291139 6.123467e-46
1.316456 3.100923e-51
1.341772 2.917761e-56
1.367089 6.491678e-57
1.392405 4.049426e-57
1.417722 2.202616e-57
1.443038 1.054898e-57
1.468354 4.496856e-58
1.493671 1.722116e-58
1.518987 5.96855e-59
1.544304 1.882322e-59
1.56962 5.421726e-60
1.594937 1.429301e-60
1.620253 3.451342e-61
1.64557 7.630432e-62
1.670886 1.542253e-62
1.696203 2.842381e-63
1.721519 4.758315e-64
1.746835 7.196808e-65
1.772152 9.764901e-66
1.797468 1.17781e-66
1.822785 1.24817e-67
1.848101 1.144605e-68
1.873418 8.901032e-70
1.898734 5.708469e-71
1.924051 2.899037e-72
1.949367 1.09313e-73
1.974684 2.720526e-75
2 3.351717e-77
