0.02531646 1
0.05063291 1
0.07594937 1
0.1012658 1
0.1265823 1
0.1518987 1
0.1772152 1
0.2025316 1
0.2278481 1
0.2531646 0.9999999
0.278481 0.9999975
0.3037975 0.9999378
0.3291139 0.9991347
0.3544304 0.990669
0.3797468 0.9582097
0.4050633 0.9892778
0.4303797 0.9996451
0.4556962 0.9999982
0.4810127 0.9999998
0.5063291 0.9999982
0.5316456 0.9998514
0.556962 0.9943329
0.5822785 0.5788739
0.6075949 0.9799965
0.6329114 0.998548
0.6582278 0.9946613
0.6835443 0.850673
0.7088608 0.2273179
0.7341772 0.00393437
0.7594937 5.417508e-05
0.7848101 3.645289e-07
0.8101266 1.773633e-08
0.835443 3.507283e-09
0.8607595 1.379838e-09
0.8860759 4.294297e-10
0.9113924 2.457261e-10
0.9367089 9.137436e-11
0.9620253 2.107764e-11
0.9873418 4.502678e-12
1.012658 1.376443e-12
1.037975 1.02859e-12
1.063291 1.490747e-12
1.088608 2.73151e-12
1.113924 3.645963e-12
1.139241 3.938763e-12
1.164557 3.499999e-12
1.189873 3.270614e-12
1.21519 1.281469e-11
1.240506 6.148166e-11
1.265823 1.275069e-10
1.291139 1.720237e-10
1.316456 2.152927e-10
1.341772 4.538147e-10
1.367089 1.131071e-09
1.392405 1.832724e-09
1.417722 1.522874e-09
1.443038 2.207446e-10
1.468354 7.404493e-11
1.493671 8.321631e-11
1.518987 2.319936e-10
1.544304 3.420817e-10
1.56962 3.086342e-10
1.594937 2.180458e-10
1.620253 1.918117e-10
1.64557 3.661e-10
1.670886 1.524078e-09
1.696203 2.750697e-09
1.721519 2.931011e-09
1.746835 6.253591e-09
1.772152 3.786325e-08
1.797468 7.611419e-08
1.822785 5.521012e-08
1.848101 5.966336e-09
1.873418 3.241674e-10
1.898734 1.450387e-10
1.924051 8.559382e-11
1.949367 2.662511e-11
1.974684 2.620362e-12
2 2.438357e-15
