0.4050633 1
0.4303797 1
0.4556962 1
0.4810127 1
0.5063291 1
0.5316456 1
0.556962 1
0.5822785 1
0.6075949 1
0.6329114 1
0.6582278 1
0.6835443 1
0.7088608 1
0.7341772 1
0.7594937 1
0.7848101 1
0.8101266 1
0.835443 1
0.8607595 1
0.8860759 1
0.9113924 1
0.9367089 1
0.9620253 1
0.9873418 1
1.012658 1
1.037975 1
1.063291 1
1.088608 1
1.113924 1
1.139241 1
1.164557 1
1.189873 1
1.21519 1
1.240506 1
1.265823 1
1.291139 1
1.316456 1
1.341772 0.9999998
1.367089 0.9999951
1.392405 0.9999558
1.417722 0.9992123
1.443038 0.9593661
1.468354 0.5461321
1.493671 0.0276236
1.518987 0.0007796452
1.544304 8.33487e-06
1.56962 1.366742e-08
1.594937 5.769281e-12
1.620253 1.340907e-15
1.64557 5.976263e-19
1.670886 2.167078e-19
1.696203 1.283005e-19
1.721519 5.801298e-20
1.746835 1.747844e-20
1.772152 2.420891e-21
1.797468 3.11117e-24
1.822785 6.541324e-75
1.848101 1.930425e-74
1.873418 4.754737e-74
1.898734 9.376581e-74
1.924051 1.408122e-73
1.949367 1.501956e-73
1.974684 1.009894e-73
2 3.213818e-74
