0.4050633 1
0.4303797 1
0.4556962 1
0.4810127 1
0.5063291 1
0.5316456 1
0.556962 1
0.5822785 1
0.6075949 0.9999991
0.6329114 0.9997341
0.6582278 0.9896293
0.6835443 0.8970801
0.7088608 0.2370238
0.7341772 0.01347386
0.7594937 0.001294039
0.7848101 7.660023e-05
0.8101266 3.726343e-06
0.835443 7.00294e-08
0.8607595 1.712236e-09
0.8860759 3.261428e-11
0.9113924 1.975591e-12
0.9367089 1.98898e-13
0.9620253 1.407599e-14
0.9873418 1.77542e-15
1.012658 4.493918e-16
1.037975 9.208159e-17
1.063291 1.466701e-17
1.088608 1.777099e-18
1.113924 1.59312e-19
1.139241 1.017235e-20
1.164557 4.398375e-22
1.189873 1.19948e-23
1.21519 1.852864e-25
1.240506 1.406713e-27
1.265823 4.307684e-30
1.291139 4.527448e-33
1.316456 1.229759e-36
1.341772 6.536483e-41
1.367089 6.117e-46
1.392405 7.140583e-52
1.417722 5.586782e-58
1.443038 1.606785e-63
1.468354 1.313572e-65
1.493671 5.56304e-67
1.518987 2.380568e-68
1.544304 1.069931e-69
1.56962 5.04287e-71
1.594937 2.428679e-72
1.620253 1.177634e-73
1.64557 5.757008e-75
1.670886 2.863437e-76
1.696203 1.466972e-77
1.721519 7.813602e-79
1.746835 4.307937e-80
1.772152 2.405733e-81
1.797468 1.320862e-82
1.822785 6.926298e-84
1.848101 3.370297e-85
1.873418 1.472238e-86
1.898734 5.543767e-88
1.924051 1.708871e-89
1.949367 4.009804e-91
1.974684 6.332131e-93
2 5.031009e-95
