0.02531646 1
0.05063291 1
0.07594937 1
0.1012658 1
0.1265823 1
0.1518987 1
0.1772152 1
0.2025316 1
0.2278481 0.9999997
0.2531646 0.9999682
0.278481 0.9992542
0.3037975 0.9988829
0.3291139 0.9998073
0.3544304 0.9997786
0.3797468 0.997375
0.4050633 0.9437873
0.4303797 0.9921255
0.4556962 0.9916728
0.4810127 0.9952472
0.5063291 0.9341109
0.5316456 0.9595989
0.556962 0.9848717
0.5822785 0.994834
0.6075949 0.994834
0.6329114 0.994834
0.6582278 0.994834
0.6835443 0.9945513
0.7088608 0.8925052
0.7341772 0.1089188
0.7594937 0.02454192
0.7848101 0.0008865155
0.8101266 0.0001398563
0.835443 7.639247e-06
0.8607595 0.00015038
0.8860759 0.000328016
0.9113924 8.86959e-05
0.9367089 2.387377e-05
0.9620253 1.024377e-05
0.9873418 3.892e-06
1.012658 2.091273e-07
1.037975 6.557982e-09
1.063291 1.264314e-09
1.088608 5.828098e-09
1.113924 1.052692e-07
1.139241 4.202491e-06
1.164557 3.438026e-06
1.189873 1.171435e-06
1.21519 1.279784e-07
1.240506 1.002482e-08
1.265823 6.663046e-09
1.291139 3.427447e-07
1.316456 1.866131e-05
1.341772 2.157315e-05
1.367089 1.492181e-05
1.392405 1.498563e-05
1.417722 1.498563e-05
1.443038 4.573271e-06
1.468354 2.983408e-06
1.493671 4.209097e-07
1.518987 1.396308e-07
1.544304 1.273386e-07
1.56962 1.08434e-07
1.594937 2.307857e-08
1.620253 1.218141e-09
1.64557 2.976019e-11
1.670886 1.301681e-12
1.696203 4.327778e-13
1.721519 1.411434e-13
1.746835 3.039089e-14
1.772152 3.840191e-15
1.797468 1.122089e-15
1.822785 9.025938e-16
1.848101 6.038015e-16
1.873418 3.600312e-16
1.898734 2.0864e-16
1.924051 1.174677e-16
1.949367 6.230145e-17
1.974684 2.879587e-17
2 8.817342e-18
