0.6075949 1
0.6329114 1
0.6582278 1
0.6835443 1
0.7088608 1
0.7341772 1
0.7594937 1
0.7848101 1
0.8101266 1
0.835443 1
0.8607595 1
0.8860759 1
0.9113924 0.9999996
0.9367089 0.9997691
0.9620253 0.9800812
0.9873418 0.6966573
1.012658 0.07220022
1.037975 0.001715404
1.063291 6.445842e-05
1.088608 2.23528e-06
1.113924 4.476879e-08
1.139241 6.284025e-10
1.164557 7.183972e-12
1.189873 2.3436e-13
1.21519 9.061424e-15
1.240506 1.224023e-15
1.265823 3.228593e-16
1.291139 7.600549e-17
1.316456 1.528842e-17
1.341772 2.527794e-18
1.367089 3.335936e-19
1.392405 3.43335e-20
1.417722 2.71483e-21
1.443038 1.642908e-22
1.468354 7.69795e-24
1.493671 2.786114e-25
1.518987 7.283335e-27
1.544304 1.281132e-28
1.56962 1.438814e-30
1.594937 9.909092e-33
1.620253 4.251776e-35
1.64557 6.572974e-38
1.670886 6.05504e-41
1.696203 5.807925e-44
1.721519 1.862348e-47
1.746835 9.989415e-52
1.772152 9.335248e-57
1.797468 3.378509e-61
1.822785 1.308142e-65
1.848101 3.060379e-69
1.873418 6.532185e-73
1.898734 1.428914e-75
1.924051 3.903518e-77
1.949367 7.09116e-79
1.974684 7.476592e-81
2 4.249442e-83
