0.5822785 1
0.6075949 1
0.6329114 1
0.6582278 1
0.6835443 1
0.7088608 1
0.7341772 1
0.7594937 1
0.7848101 1
0.8101266 1
0.835443 1
0.8607595 1
0.8860759 1
0.9113924 1
0.9367089 1
0.9620253 1
0.9873418 1
1.012658 1
1.037975 1
1.063291 1
1.088608 1
1.113924 1
1.139241 1
1.164557 1
1.189873 1
1.21519 1
1.240506 1
1.265823 1
1.291139 1
1.316456 1
1.341772 0.999954
1.367089 0.9958989
1.392405 0.9066977
1.417722 0.3452168
1.443038 0.02589288
1.468354 0.0004292072
1.493671 3.972652e-06
1.518987 2.623928e-08
1.544304 5.75881e-11
1.56962 9.143774e-14
1.594937 1.119361e-15
1.620253 6.763584e-17
1.64557 2.145618e-17
1.670886 4.888465e-18
1.696203 9.224706e-19
1.721519 1.563453e-19
1.746835 2.723957e-20
1.772152 5.376147e-21
1.797468 1.064364e-21
1.822785 1.577314e-22
1.848101 1.275172e-23
1.873418 3.783855e-25
1.898734 2.265602e-27
1.924051 1.544824e-30
1.949367 1.175438e-34
1.974684 3.373693e-37
2 3.371809e-41
