0.02531646 1
0.05063291 1
0.07594937 1
0.1012658 1
0.1265823 1
0.1518987 1
0.1772152 1
0.2025316 0.9999984
0.2278481 0.999537
0.2531646 0.9961803
0.278481 0.9846162
0.3037975 0.2756614
0.3291139 0.09517543
0.3544304 0.0313872
0.3797468 0.01694571
0.4050633 0.03325607
0.4303797 0.08331487
0.4556962 0.5817986
0.4810127 0.1258943
0.5063291 0.01858262
0.5316456 0.01858262
0.556962 0.01893403
0.5822785 0.013957
0.6075949 0.005686376
0.6329114 0.000871953
0.6582278 6.348118e-05
0.6835443 1.990483e-05
0.7088608 6.018914e-05
0.7341772 5.645175e-06
0.7594937 1.162723e-06
0.7848101 1.162741e-06
0.8101266 3.2351e-06
0.835443 4.000532e-05
0.8607595 0.0003552475
0.8860759 0.001204181
0.9113924 0.0008868956
0.9367089 0.0002750847
0.9620253 4.016368e-05
0.9873418 8.618843e-06
1.012658 6.213556e-06
1.037975 9.508507e-06
1.063291 8.896469e-06
1.088608 3.618073e-06
1.113924 8.540106e-07
1.139241 5.195536e-08
1.164557 1.16735e-08
1.189873 8.226713e-09
1.21519 1.566722e-09
1.240506 6.220659e-09
1.265823 4.091886e-09
1.291139 4.999595e-10
1.316456 4.704842e-10
1.341772 7.930795e-09
1.367089 3.442181e-06
1.392405 3.003743e-05
1.417722 2.529236e-05
1.443038 4.594135e-06
1.468354 5.350969e-07
1.493671 1.927335e-08
1.518987 8.36417e-10
1.544304 9.782262e-10
1.56962 1.188767e-09
1.594937 1.640122e-09
1.620253 1.236501e-09
1.64557 3.081653e-10
1.670886 1.041587e-10
1.696203 7.937044e-11
1.721519 4.406004e-11
1.746835 2.654124e-11
1.772152 1.879748e-11
1.797468 1.518345e-11
1.822785 1.409095e-11
1.848101 1.703978e-11
1.873418 3.690605e-11
1.898734 1.520517e-10
1.924051 4.778466e-10
1.949367 4.555755e-10
1.974684 1.195707e-10
2 2.869662e-12
