0.02531646 1
0.05063291 1
0.07594937 1
0.1012658 1
0.1265823 1
0.1518987 1
0.1772152 1
0.2025316 0.9999999
0.2278481 0.9999963
0.2531646 0.9999982
0.278481 0.9999998
0.3037975 0.9999509
0.3291139 0.99935
0.3544304 0.9999337
0.3797468 0.999996
0.4050633 0.9999758
0.4303797 0.7027335
0.4556962 0.7419432
0.4810127 0.9800693
0.5063291 0.9964258
0.5316456 0.9951253
0.556962 0.873189
0.5822785 0.9052517
0.6075949 0.956707
0.6329114 0.7303718
0.6582278 0.163678
0.6835443 0.008576866
0.7088608 9.759166e-05
0.7341772 3.549322e-07
0.7594937 6.765628e-09
0.7848101 4.569412e-10
0.8101266 4.220695e-10
0.835443 5.396557e-10
0.8607595 5.551349e-10
0.8860759 5.09821e-10
0.9113924 4.766105e-10
0.9367089 4.670886e-10
0.9620253 4.356624e-10
0.9873418 3.490019e-10
1.012658 1.950824e-10
1.037975 5.417976e-11
1.063291 4.071291e-12
1.088608 5.625272e-14
1.113924 1.56544e-14
1.139241 8.977664e-15
1.164557 6.688195e-15
1.189873 5.608993e-15
1.21519 5.021284e-15
1.240506 4.823509e-15
1.265823 4.906327e-15
1.291139 5.218908e-15
1.316456 7.011007e-15
1.341772 2.481731e-13
1.367089 3.919822e-11
1.392405 2.445127e-09
1.417722 7.75579e-08
1.443038 9.791253e-07
1.468354 1.968587e-06
1.493671 1.657949e-06
1.518987 1.995237e-07
1.544304 2.737061e-09
1.56962 7.298905e-11
1.594937 1.691193e-10
1.620253 2.315668e-10
1.64557 1.849441e-10
1.670886 2.507188e-10
1.696203 2.260951e-08
1.721519 7.371795e-07
1.746835 6.658537e-06
1.772152 1.711335e-05
1.797468 1.222738e-05
1.822785 7.715564e-07
1.848101 5.998094e-09
1.873418 4.500231e-11
1.898734 1.897211e-12
1.924051 7.375618e-13
1.949367 1.147636e-13
1.974684 3.808218e-15
2 5.972757e-17
