0.5316456 1
0.556962 1
0.5822785 1
0.6075949 1
0.6329114 1
0.6582278 1
0.6835443 1
0.7088608 1
0.7341772 1
0.7594937 1
0.7848101 1
0.8101266 1
0.835443 1
0.8607595 1
0.8860759 1
0.9113924 1
0.9367089 1
0.9620253 1
0.9873418 1
1.012658 1
1.037975 1
1.063291 1
1.088608 1
1.113924 1
1.139241 1
1.164557 1
1.189873 1
1.21519 1
1.240506 1
1.265823 1
1.291139 1
1.316456 1
1.341772 0.9999998
1.367089 0.9999145
1.392405 0.9929449
1.417722 0.8392096
1.443038 0.2187921
1.468354 0.009464067
1.493671 0.0001590141
1.518987 7.426911e-07
1.544304 3.44974e-09
1.56962 9.459417e-12
1.594937 1.126033e-14
1.620253 4.144006e-16
1.64557 4.903587e-17
1.670886 1.667505e-17
1.696203 4.389572e-18
1.721519 1.132254e-18
1.746835 3.247922e-19
1.772152 1.040372e-19
1.797468 3.398244e-20
1.822785 1.054853e-20
1.848101 2.996511e-21
1.873418 7.651406e-22
1.898734 1.762328e-22
1.924051 3.673007e-23
1.949367 7.054519e-24
1.974684 1.318237e-24
2 1.4888e-25
