0.02531646 1
0.05063291 1
0.07594937 1
0.1012658 1
0.1265823 1
0.1518987 1
0.1772152 1
0.2025316 0.9999958
0.2278481 0.9996346
0.2531646 0.9921659
0.278481 0.4806093
0.3037975 0.03431668
0.3291139 0.001433356
0.3544304 4.598501e-05
0.3797468 9.597573e-06
0.4050633 9.228188e-07
0.4303797 4.97697e-08
0.4556962 1.619454e-07
0.4810127 4.452403e-07
0.5063291 2.774571e-07
0.5316456 5.744916e-08
0.556962 3.051631e-08
0.5822785 3.908291e-08
0.6075949 9.080033e-08
0.6329114 1.802481e-06
0.6582278 5.246664e-05
0.6835443 0.0001307029
0.7088608 0.0003350914
0.7341772 0.001703148
0.7594937 0.006293365
0.7848101 0.006293365
0.8101266 0.005298207
0.835443 0.001548947
0.8607595 0.0002873128
0.8860759 7.632873e-05
0.9113924 1.768953e-05
0.9367089 6.34194e-06
0.9620253 1.254477e-05
0.9873418 0.0001370899
1.012658 0.001132637
1.037975 0.002281329
1.063291 0.001599215
1.088608 0.0004801899
1.113924 8.022229e-05
1.139241 1.332466e-05
1.164557 4.460122e-05
1.189873 0.0001106685
1.21519 9.174726e-05
1.240506 3.320192e-05
1.265823 5.621309e-06
1.291139 1.582002e-06
1.316456 1.90592e-06
1.341772 5.105758e-06
1.367089 2.634422e-05
1.392405 0.0002261881
1.417722 0.0002170729
1.443038 0.0001568071
1.468354 7.198394e-05
1.493671 8.428796e-06
1.518987 9.672956e-07
1.544304 2.178673e-07
1.56962 1.169838e-06
1.594937 2.383231e-05
1.620253 0.0003249438
1.64557 0.001066524
1.670886 0.001222962
1.696203 0.0009785402
1.721519 0.0003187004
1.746835 3.702679e-05
1.772152 1.530133e-06
1.797468 1.496459e-06
1.822785 1.017945e-05
1.848101 5.640789e-05
1.873418 4.361978e-05
1.898734 1.493918e-05
1.924051 2.201465e-06
1.949367 1.575209e-07
1.974684 3.883635e-07
2 6.243613e-07
