0.4303797 1
0.4556962 1
0.4810127 1
0.5063291 1
0.5316456 1
0.556962 1
0.5822785 1
0.6075949 1
0.6329114 1
0.6582278 0.9999683
0.6835443 0.99338
0.7088608 0.8207767
0.7341772 0.159448
0.7594937 0.01364011
0.7848101 0.0003572596
0.8101266 2.053851e-05
0.835443 1.339843e-06
0.8607595 8.416271e-08
0.8860759 1.776671e-09
0.9113924 3.920397e-11
0.9367089 2.410063e-12
0.9620253 2.037424e-13
0.9873418 1.35989e-14
1.012658 1.64541e-15
1.037975 3.965239e-16
1.063291 7.631643e-17
1.088608 1.137021e-17
1.113924 1.282015e-18
1.139241 1.062343e-19
1.164557 6.195608e-21
1.189873 2.393225e-22
1.21519 5.634824e-24
1.240506 7.161413e-26
1.265823 4.231169e-28
1.291139 9.435467e-31
1.316456 6.632854e-34
1.341772 1.105644e-37
1.367089 3.615007e-42
1.392405 2.165059e-47
1.417722 2.116633e-53
1.443038 1.968293e-59
1.468354 8.521867e-65
1.493671 1.817945e-66
1.518987 7.993442e-68
1.544304 3.587343e-69
1.56962 1.707595e-70
1.594937 8.528918e-72
1.620253 4.330323e-73
1.64557 2.197151e-74
1.670886 1.113413e-75
1.696203 5.65512e-77
1.721519 2.875319e-78
1.746835 1.45146e-79
1.772152 7.20812e-81
1.797468 3.514555e-82
1.822785 1.684761e-83
1.848101 7.846434e-85
1.873418 3.42505e-86
1.898734 1.326978e-87
1.924051 4.276022e-89
1.949367 1.056925e-90
1.974684 1.764427e-92
2 1.484422e-94
