0.3291139 1
0.3544304 1
0.3797468 1
0.4050633 1
0.4303797 1
0.4556962 1
0.4810127 1
0.5063291 1
0.5316456 0.9999998
0.556962 0.999808
0.5822785 0.9800697
0.6075949 0.6917985
0.6329114 0.06931136
0.6582278 0.006398944
0.6835443 0.0002744272
0.7088608 7.857497e-06
0.7341772 7.206316e-07
0.7594937 8.485039e-08
0.7848101 2.429989e-09
0.8101266 8.971659e-11
0.835443 5.120621e-12
0.8607595 3.26419e-13
0.8860759 2.356433e-14
0.9113924 3.113224e-15
0.9367089 9.157813e-16
0.9620253 2.51334e-16
0.9873418 5.553996e-17
1.012658 9.691802e-18
1.037975 1.309119e-18
1.063291 1.335938e-19
1.088608 9.950053e-21
1.113924 5.157329e-22
1.139241 1.735757e-23
1.164557 3.456403e-25
1.189873 3.64988e-27
1.21519 1.797279e-29
1.240506 3.638728e-32
1.265823 2.263454e-35
1.291139 3.369565e-39
1.316456 1.031536e-43
1.341772 3.687944e-49
1.367089 4.792007e-55
1.392405 1.59507e-60
1.417722 2.112457e-63
1.443038 2.99617e-65
1.468354 1.039971e-66
1.493671 3.831448e-68
1.518987 1.478119e-69
1.544304 6.167564e-71
1.56962 3.25511e-72
1.594937 3.028173e-73
1.620253 4.767004e-74
1.64557 8.775095e-75
1.670886 1.576812e-75
1.696203 2.630311e-76
1.721519 4.007959e-77
1.746835 5.528286e-78
1.772152 6.84482e-79
1.797468 7.534637e-80
1.822785 7.286885e-81
1.848101 6.098317e-82
1.873418 4.328603e-83
1.898734 2.534775e-84
1.924051 1.176139e-85
1.949367 4.055671e-87
1.974684 9.242133e-89
2 1.04426e-90
