0.02531646 1
0.05063291 1
0.07594937 1
0.1012658 1
0.1265823 1
0.1518987 1
0.1772152 1
0.2025316 1
0.2278481 1
0.2531646 0.9999888
0.278481 0.9999426
0.3037975 0.9999943
0.3291139 0.9999999
0.3544304 1
0.3797468 1
0.4050633 0.9999943
0.4303797 0.9983475
0.4556962 0.992354
0.4810127 0.9986488
0.5063291 0.9999365
0.5316456 0.9999816
0.556962 0.9986228
0.5822785 0.9959382
0.6075949 0.980754
0.6329114 0.9955774
0.6582278 0.9480457
0.6835443 0.6670195
0.7088608 0.6706885
0.7341772 0.5857881
0.7594937 0.01745105
0.7848101 0.0001066805
0.8101266 2.631539e-05
0.835443 5.505527e-05
0.8607595 3.140331e-05
0.8860759 4.638954e-06
0.9113924 2.365101e-07
0.9367089 2.182702e-08
0.9620253 5.36236e-08
0.9873418 4.834329e-08
1.012658 7.254371e-08
1.037975 7.769844e-07
1.063291 7.650987e-06
1.088608 3.240127e-05
1.113924 3.126449e-05
1.139241 1.83277e-06
1.164557 1.078463e-07
1.189873 5.057774e-07
1.21519 1.146854e-06
1.240506 7.163155e-07
1.265823 1.389109e-08
1.291139 5.347093e-10
1.316456 6.422468e-10
1.341772 1.073342e-09
1.367089 1.1737e-09
1.392405 7.75098e-10
1.417722 1.247377e-10
1.443038 1.162539e-11
1.468354 1.698252e-13
1.493671 4.988616e-16
1.518987 7.266522e-17
1.544304 1.081298e-17
1.56962 1.886739e-18
1.594937 2.819523e-19
1.620253 3.596691e-20
1.64557 4.273648e-21
1.670886 5.043058e-22
1.696203 6.192482e-23
1.721519 8.308051e-24
1.746835 1.245043e-24
1.772152 2.006211e-25
1.797468 3.246544e-26
1.822785 5.006384e-27
1.848101 7.172011e-28
1.873418 9.47268e-29
1.898734 1.154703e-29
1.924051 1.30877e-30
1.949367 1.395039e-31
1.974684 1.417058e-32
2 1.349376e-33
