0.3291139 1
0.3544304 1
0.3797468 1
0.4050633 1
0.4303797 1
0.4556962 1
0.4810127 1
0.5063291 1
0.5316456 0.9999999
0.556962 0.9999284
0.5822785 0.9937306
0.6075949 0.8916981
0.6329114 0.3431474
0.6582278 0.008030913
0.6835443 0.0001904311
0.7088608 8.122934e-06
0.7341772 9.034686e-07
0.7594937 6.003961e-08
0.7848101 1.966949e-09
0.8101266 6.533092e-11
0.835443 3.772881e-12
0.8607595 2.495504e-13
0.8860759 1.868993e-14
0.9113924 2.705997e-15
0.9367089 8.201853e-16
0.9620253 2.222384e-16
0.9873418 4.851898e-17
1.012658 8.351616e-18
1.037975 1.111369e-18
1.063291 1.116095e-19
1.088608 8.164536e-21
1.113924 4.140221e-22
1.139241 1.35533e-23
1.164557 2.610013e-25
1.189873 2.652038e-27
1.21519 1.255021e-29
1.240506 2.421964e-32
1.265823 1.409483e-35
1.291139 1.972127e-39
1.316456 5.540706e-44
1.341772 1.814046e-49
1.367089 2.518499e-55
1.392405 9.723015e-61
1.417722 1.96562e-63
1.443038 2.746767e-65
1.468354 9.497668e-67
1.493671 3.480861e-68
1.518987 1.352572e-69
1.544304 6.131466e-71
1.56962 4.512589e-72
1.594937 6.588945e-73
1.620253 1.28644e-73
1.64557 2.528164e-74
1.670886 4.636436e-75
1.696203 7.78841e-76
1.721519 1.189255e-76
1.746835 1.640211e-77
1.772152 2.028391e-78
1.797468 2.228907e-79
1.822785 2.151339e-80
1.848101 1.796796e-81
1.873418 1.272923e-82
1.898734 7.441201e-84
1.924051 3.447643e-85
1.949367 1.18745e-86
1.974684 2.703657e-88
2 3.053211e-90
