0.4050633 1
0.4303797 1
0.4556962 1
0.4810127 1
0.5063291 1
0.5316456 1
0.556962 1
0.5822785 1
0.6075949 1
0.6329114 1
0.6582278 1
0.6835443 1
0.7088608 1
0.7341772 1
0.7594937 1
0.7848101 1
0.8101266 1
0.835443 1
0.8607595 1
0.8860759 1
0.9113924 1
0.9367089 1
0.9620253 1
0.9873418 1
1.012658 1
1.037975 1
1.063291 1
1.088608 1
1.113924 1
1.139241 1
1.164557 1
1.189873 1
1.21519 1
1.240506 1
1.265823 1
1.291139 1
1.316456 1
1.341772 0.9999962
1.367089 0.998391
1.392405 0.921485
1.417722 0.3914783
1.443038 0.01240281
1.468354 0.0002573607
1.493671 3.689307e-06
1.518987 6.51375e-09
1.544304 3.816656e-80
1.56962 1.516958e-82
1.594937 1.652689e-82
1.620253 6.826955e-83
1.64557 1.117769e-83
1.670886 2.000623e-115
1.696203 5.523841e-118
1.721519 7.328324e-119
1.746835 5.998979e-120
1.772152 2.073524e-121
1.797468 4.141556e-123
1.822785 6.414804e-125
1.848101 1.132537e-126
1.873418 3.579808e-128
1.898734 1.172029e-129
1.924051 2.270114e-131
1.949367 1.571789e-133
1.974684 1.163705e-136
2 3.836379e-143
