0.1012658 1
0.1265823 1
0.1518987 1
0.1772152 1
0.2025316 1
0.2278481 1
0.2531646 1
0.278481 1
0.3037975 1
0.3291139 1
0.3544304 1
0.3797468 1
0.4050633 1
0.4303797 1
0.4556962 1
0.4810127 1
0.5063291 1
0.5316456 1
0.556962 1
0.5822785 1
0.6075949 1
0.6329114 1
0.6582278 0.9999996
0.6835443 0.9999961
0.7088608 0.9999164
0.7341772 0.9955985
0.7594937 0.8892943
0.7848101 0.2560603
0.8101266 0.002584335
0.835443 5.171598e-05
0.8607595 2.245307e-07
0.8860759 9.44074e-11
0.9113924 1.522606e-11
0.9367089 2.579454e-11
0.9620253 2.056587e-11
0.9873418 7.79503e-12
1.012658 1.627627e-12
1.037975 1.323983e-13
1.063291 3.337444e-15
1.088608 3.095433e-16
1.113924 2.121935e-16
1.139241 1.429317e-16
1.164557 8.184344e-17
1.189873 4.036392e-17
1.21519 1.727868e-17
1.240506 6.31615e-18
1.265823 1.882916e-18
1.291139 4.255038e-19
1.316456 6.562559e-20
1.341772 5.681382e-21
1.367089 1.56645e-22
1.392405 2.189256e-32
1.417722 1.051766e-37
1.443038 1.17537e-37
1.468354 1.104808e-37
1.493671 8.686387e-38
1.518987 5.684374e-38
1.544304 3.083306e-38
1.56962 1.381978e-38
1.594937 5.109181e-39
1.620253 1.557235e-39
1.64557 3.915324e-40
1.670886 8.130315e-41
1.696203 1.395933e-41
1.721519 1.982611e-42
1.746835 2.327801e-43
1.772152 2.25526e-44
1.797468 1.79837e-45
1.822785 1.177985e-46
1.848101 6.347894e-48
1.873418 2.843146e-49
1.898734 1.086271e-50
1.924051 3.684464e-52
1.949367 1.125258e-53
1.974684 2.814216e-55
2 4.165995e-57
