0.02531646 1
0.05063291 1
0.07594937 1
0.1012658 1
0.1265823 1
0.1518987 1
0.1772152 1
0.2025316 0.9999867
0.2278481 0.9989071
0.2531646 0.9928231
0.278481 0.9299519
0.3037975 0.008946161
0.3291139 0.002494225
0.3544304 0.0001385497
0.3797468 7.527093e-06
0.4050633 1.285003e-06
0.4303797 8.891998e-08
0.4556962 2.105527e-09
0.4810127 9.444774e-10
0.5063291 2.662509e-09
0.5316456 4.060745e-09
0.556962 2.846424e-09
0.5822785 2.109402e-09
0.6075949 2.801323e-09
0.6329114 4.635478e-09
0.6582278 1.407622e-08
0.6835443 2.481927e-07
0.7088608 4.451081e-06
0.7341772 4.083683e-05
0.7594937 0.0001417809
0.7848101 0.0003367255
0.8101266 0.001286416
0.835443 0.002296952
0.8607595 0.001482285
0.8860759 0.0004250021
0.9113924 5.281425e-05
0.9367089 6.406068e-06
0.9620253 6.3415e-06
0.9873418 6.341718e-06
1.012658 6.341937e-06
1.037975 8.122036e-06
1.063291 1.339725e-05
1.088608 1.912442e-05
1.113924 2.935838e-05
1.139241 3.295244e-05
1.164557 2.644815e-05
1.189873 2.644815e-05
1.21519 8.911275e-05
1.240506 0.0007496091
1.265823 0.001493785
1.291139 0.001441577
1.316456 0.000973029
1.341772 0.0004132587
1.367089 9.725836e-05
1.392405 1.000461e-05
1.417722 9.062169e-07
1.443038 2.559281e-06
1.468354 5.555579e-05
1.493671 0.0005438435
1.518987 0.0007926777
1.544304 0.0004670064
1.56962 0.0001136073
1.594937 1.809904e-05
1.620253 2.388945e-05
1.64557 0.0001609917
1.670886 0.0008308808
1.696203 0.0005069407
1.721519 0.0001401407
1.746835 1.957932e-05
1.772152 1.041827e-06
1.797468 6.333245e-08
1.822785 6.20624e-08
1.848101 6.956439e-08
1.873418 5.524857e-08
1.898734 2.955049e-08
1.924051 1.034188e-08
1.949367 4.060859e-09
1.974684 2.287468e-09
2 9.384914e-10
