0.2278481 1
0.2531646 1
0.278481 1
0.3037975 1
0.3291139 1
0.3544304 1
0.3797468 1
0.4050633 1
0.4303797 1
0.4556962 0.9999975
0.4810127 0.9997587
0.5063291 0.9973373
0.5316456 0.9800139
0.556962 0.3783718
0.5822785 0.01311919
0.6075949 0.0004096973
0.6329114 4.489236e-05
0.6582278 2.406471e-06
0.6835443 1.093909e-07
0.7088608 5.635146e-09
0.7341772 2.392939e-10
0.7594937 1.49236e-11
0.7848101 1.636541e-12
0.8101266 1.754634e-13
0.835443 1.518921e-14
0.8607595 2.213949e-15
0.8860759 6.28568e-16
0.9113924 2.322959e-16
0.9367089 7.019803e-17
0.9620253 1.563771e-17
0.9873418 2.585906e-18
1.012658 3.093044e-19
1.037975 2.526293e-20
1.063291 1.268916e-21
1.088608 3.062335e-23
1.113924 1.675544e-25
1.139241 1.826472e-27
1.164557 9.744954e-30
1.189873 2.054296e-32
1.21519 1.56976e-35
1.240506 4.24565e-39
1.265823 2.576447e-43
1.291139 3.467375e-48
1.316456 6.21101e-51
1.341772 6.906346e-51
1.367089 6.578755e-51
1.392405 5.391269e-51
1.417722 3.841953e-51
1.443038 2.405569e-51
1.468354 1.336053e-51
1.493671 6.637326e-52
1.518987 2.969854e-52
1.544304 1.203382e-52
1.56962 4.43304e-53
1.594937 1.488385e-53
1.620253 4.559878e-54
1.64557 1.274629e-54
1.670886 3.246832e-55
1.696203 7.5184e-56
1.721519 1.576867e-56
1.746835 2.980557e-57
1.772152 5.043855e-58
1.797468 7.575762e-59
1.822785 9.985248e-60
1.848101 1.137824e-60
1.873418 1.098719e-61
1.898734 8.744899e-63
1.924051 5.509205e-64
1.949367 2.576032e-65
1.974684 7.94767e-67
2 1.213476e-68
