0.3797468 1
0.4050633 1
0.4303797 1
0.4556962 1
0.4810127 1
0.5063291 1
0.5316456 1
0.556962 1
0.5822785 0.9999997
0.6075949 0.9998125
0.6329114 0.9864624
0.6582278 0.8185274
0.6835443 0.2069552
0.7088608 0.004445905
0.7341772 0.0001035286
0.7594937 4.881813e-06
0.7848101 7.120153e-07
0.8101266 3.738778e-08
0.835443 9.999296e-10
0.8607595 2.803823e-11
0.8860759 1.63968e-12
0.9113924 1.206742e-13
0.9367089 1.075153e-14
0.9620253 1.702775e-15
0.9873418 4.527975e-16
1.012658 9.799806e-17
1.037975 1.669159e-17
1.063291 2.191011e-18
1.088608 2.155713e-19
1.113924 1.533283e-20
1.139241 7.545243e-22
1.164557 2.414126e-23
1.189873 4.557181e-25
1.21519 4.452328e-27
1.240506 1.888923e-29
1.265823 3.032822e-32
1.291139 1.425229e-35
1.316456 1.419375e-39
1.341772 2.695077e-44
1.367089 5.816569e-50
1.392405 4.649257e-56
1.417722 1.072244e-61
1.443038 1.26576e-64
1.468354 4.425322e-66
1.493671 1.783106e-67
1.518987 7.415741e-69
1.544304 3.231346e-70
1.56962 1.448068e-71
1.594937 6.576911e-73
1.620253 3.036061e-74
1.64557 1.440706e-75
1.670886 7.1017e-77
1.696203 3.64855e-78
1.721519 1.940679e-79
1.746835 1.052473e-80
1.772152 5.704191e-82
1.797468 3.02893e-83
1.822785 1.548845e-84
1.848101 7.488341e-86
1.873418 3.333176e-87
1.898734 1.312581e-88
1.924051 4.326293e-90
1.949367 1.103828e-91
1.974684 1.917834e-93
2 1.689813e-95
