0.4050633 1
0.4303797 1
0.4556962 1
0.4810127 1
0.5063291 1
0.5316456 1
0.556962 1
0.5822785 1
0.6075949 1
0.6329114 1
0.6582278 1
0.6835443 1
0.7088608 1
0.7341772 1
0.7594937 1
0.7848101 1
0.8101266 1
0.835443 1
0.8607595 1
0.8860759 1
0.9113924 1
0.9367089 1
0.9620253 1
0.9873418 1
1.012658 1
1.037975 1
1.063291 1
1.088608 1
1.113924 1
1.139241 1
1.164557 1
1.189873 1
1.21519 1
1.240506 1
1.265823 1
1.291139 1
1.316456 1
1.341772 0.9999999
1.367089 0.9998861
1.392405 0.9857101
1.417722 0.7312924
1.443038 0.07944638
1.468354 0.001227589
1.493671 2.128917e-05
1.518987 5.980115e-08
1.544304 4.484849e-84
1.56962 5.652319e-84
1.594937 7.139799e-84
1.620253 1.799839e-84
1.64557 1.649798e-85
1.670886 1.713555e-116
1.696203 3.834136e-119
1.721519 3.644597e-120
1.746835 2.054796e-121
1.772152 5.196101e-123
1.797468 7.256549e-125
1.822785 7.212678e-127
1.848101 6.834062e-129
1.873418 1.015042e-130
1.898734 1.520185e-132
1.924051 1.184823e-134
1.949367 2.507417e-137
1.974684 2.890278e-141
2 1.328582e-149
