0.6075949 1
0.6329114 1
0.6582278 1
0.6835443 1
0.7088608 1
0.7341772 1
0.7594937 1
0.7848101 1
0.8101266 1
0.835443 1
0.8607595 1
0.8860759 1
0.9113924 0.9999831
0.9367089 0.996421
0.9620253 0.8863744
0.9873418 0.3096773
1.012658 0.009510809
1.037975 0.0003824053
1.063291 1.490707e-05
1.088608 3.081553e-07
1.113924 6.200216e-09
1.139241 6.810062e-11
1.164557 1.388837e-12
1.189873 5.147432e-14
1.21519 2.658307e-15
1.240506 6.294684e-16
1.265823 1.507361e-16
1.291139 3.150813e-17
1.316456 5.526601e-18
1.341772 7.861852e-19
1.367089 8.824564e-20
1.392405 7.628516e-21
1.417722 4.987061e-22
1.443038 2.452134e-23
1.468354 9.186992e-25
1.493671 2.601346e-26
1.518987 5.17589e-28
1.544304 6.726705e-30
1.56962 5.38857e-32
1.594937 2.571168e-34
1.620253 7.013623e-37
1.64557 5.69395e-40
1.670886 5.281994e-43
1.696203 2.716755e-46
1.721519 3.039007e-50
1.746835 5.083875e-55
1.772152 5.73535e-60
1.797468 3.777121e-64
1.822785 2.954919e-68
1.848101 1.322966e-71
1.873418 2.104011e-74
1.898734 6.066506e-76
1.924051 1.520799e-77
1.949367 3.313806e-79
1.974684 5.878364e-81
2 5.591684e-83
