0.4050633 1
0.4303797 1
0.4556962 1
0.4810127 1
0.5063291 1
0.5316456 1
0.556962 1
0.5822785 1
0.6075949 1
0.6329114 1
0.6582278 1
0.6835443 1
0.7088608 1
0.7341772 1
0.7594937 1
0.7848101 1
0.8101266 1
0.835443 1
0.8607595 1
0.8860759 1
0.9113924 1
0.9367089 1
0.9620253 1
0.9873418 1
1.012658 1
1.037975 1
1.063291 1
1.088608 1
1.113924 1
1.139241 1
1.164557 1
1.189873 1
1.21519 1
1.240506 1
1.265823 1
1.291139 1
1.316456 1
1.341772 0.9999997
1.367089 0.9999949
1.392405 0.9997181
1.417722 0.9757682
1.443038 0.6456678
1.468354 0.04744958
1.493671 0.001012273
1.518987 3.102258e-05
1.544304 2.563969e-07
1.56962 3.314556e-10
1.594937 1.180314e-13
1.620253 4.142374e-16
1.64557 2.924211e-19
1.670886 1.212796e-19
1.696203 6.036701e-20
1.721519 2.250078e-20
1.746835 5.447623e-21
1.772152 6.037238e-22
1.797468 6.296079e-25
1.822785 3.445443e-70
1.848101 7.150827e-70
1.873418 1.240084e-69
1.898734 1.729314e-69
1.924051 1.8454e-69
1.949367 1.402689e-69
1.974684 6.711856e-70
2 1.509066e-70
