0.7594937 1
0.7848101 1
0.8101266 1
0.835443 1
0.8607595 1
0.8860759 1
0.9113924 1
0.9367089 1
0.9620253 1
0.9873418 1
1.012658 1
1.037975 1
1.063291 1
1.088608 1
1.113924 1
1.139241 1
1.164557 1
1.189873 1
1.21519 1
1.240506 1
1.265823 0.9999761
1.291139 0.9953132
1.316456 0.8645003
1.341772 0.2435266
1.367089 0.005969828
1.392405 0.0002469188
1.417722 6.618088e-06
1.443038 1.163957e-07
1.468354 9.538877e-10
1.493671 3.535535e-12
1.518987 3.935658e-14
1.544304 1.371871e-15
1.56962 1.758133e-16
1.594937 1.464841e-17
1.620253 1.881435e-18
1.64557 4.042549e-19
1.670886 7.256714e-20
1.696203 1.180869e-20
1.721519 1.625893e-21
1.746835 1.61893e-22
1.772152 9.68198e-24
1.797468 2.796056e-25
1.822785 2.981553e-27
1.848101 8.47736e-30
1.873418 4.09363e-33
1.898734 1.570528e-37
1.924051 1.194953e-43
1.949367 2.926205e-47
1.974684 1.780148e-49
2 6.996339e-55
