0.02531646 1
0.05063291 1
0.07594937 1
0.1012658 1
0.1265823 1
0.1518987 1
0.1772152 1
0.2025316 0.9999847
0.2278481 0.9972522
0.2531646 0.8658021
0.278481 0.06113649
0.3037975 0.01135992
0.3291139 0.000447899
0.3544304 1.33251e-05
0.3797468 6.132923e-06
0.4050633 2.460396e-07
0.4303797 4.075901e-09
0.4556962 4.251297e-10
0.4810127 1.677839e-10
0.5063291 7.369784e-11
0.5316456 2.351908e-11
0.556962 5.455354e-12
0.5822785 4.014536e-12
0.6075949 5.53921e-10
0.6329114 2.944116e-09
0.6582278 4.016871e-09
0.6835443 2.341182e-08
0.7088608 1.409209e-08
0.7341772 5.087252e-09
0.7594937 3.194297e-10
0.7848101 3.100702e-12
0.8101266 2.176492e-13
0.835443 1.773308e-13
0.8607595 1.795404e-13
0.8860759 2.000323e-13
0.9113924 2.790312e-13
0.9367089 4.459773e-13
0.9620253 7.404649e-13
0.9873418 1.227962e-12
1.012658 2.011342e-12
1.037975 3.245907e-12
1.063291 5.155959e-12
1.088608 8.044481e-12
1.113924 1.228928e-11
1.139241 1.832994e-11
1.164557 2.666821e-11
1.189873 3.789439e-11
1.21519 5.262425e-11
1.240506 7.122583e-11
1.265823 9.457628e-11
1.291139 1.290495e-10
1.316456 1.963175e-10
1.341772 3.026061e-10
1.367089 3.322488e-10
1.392405 2.898107e-10
1.417722 2.093991e-10
1.443038 4.619576e-10
1.468354 8.762177e-09
1.493671 3.618591e-07
1.518987 4.822349e-06
1.544304 1.025482e-05
1.56962 7.337029e-06
1.594937 1.47772e-06
1.620253 3.275103e-06
1.64557 3.64761e-05
1.670886 7.803945e-05
1.696203 2.867326e-05
1.721519 3.012357e-05
1.746835 0.0001404845
1.772152 0.000623808
1.797468 0.000639245
1.822785 0.0002648507
1.848101 2.933032e-05
1.873418 6.29677e-07
1.898734 1.065832e-06
1.924051 2.328151e-05
1.949367 0.0002316312
1.974684 0.0002670068
2 9.348949e-05
