0.02531646 1
0.05063291 1
0.07594937 1
0.1012658 1
0.1265823 1
0.1518987 1
0.1772152 1
0.2025316 0.9999957
0.2278481 0.9996743
0.2531646 0.9946488
0.278481 0.8629093
0.3037975 0.03345258
0.3291139 0.001849633
0.3544304 7.444119e-05
0.3797468 8.895486e-06
0.4050633 1.142895e-06
0.4303797 4.309914e-08
0.4556962 1.701846e-08
0.4810127 7.126959e-08
0.5063291 1.202403e-07
0.5316456 5.885997e-08
0.556962 1.443414e-08
0.5822785 1.241694e-08
0.6075949 1.885625e-08
0.6329114 1.326581e-07
0.6582278 3.98629e-06
0.6835443 2.542165e-05
0.7088608 0.000142712
0.7341772 0.0007620701
0.7594937 0.004490864
0.7848101 0.006293365
0.8101266 0.004196381
0.835443 0.0008363459
0.8607595 4.658125e-05
0.8860759 6.34194e-06
0.9113924 6.34194e-06
0.9367089 6.34187e-06
0.9620253 6.341804e-06
0.9873418 1.622137e-05
1.012658 0.0001250258
1.037975 0.0005093755
1.063291 0.0009021354
1.088608 0.0006825421
1.113924 0.0002257553
1.139241 3.319215e-05
1.164557 5.129505e-05
1.189873 0.0002110783
1.21519 0.0004415345
1.240506 0.0003790514
1.265823 0.0001598612
1.291139 3.328977e-05
1.316456 3.920184e-06
1.341772 1.22848e-06
1.367089 1.861217e-06
1.392405 8.575253e-06
1.417722 1.171584e-05
1.443038 1.44524e-05
1.468354 4.991112e-05
1.493671 6.512216e-05
1.518987 3.683947e-05
1.544304 6.169631e-06
1.56962 1.427765e-06
1.594937 2.629321e-05
1.620253 0.0005890729
1.64557 0.001222962
1.670886 0.001222962
1.696203 0.001222962
1.721519 0.0006606398
1.746835 8.655297e-05
1.772152 2.46796e-06
1.797468 1.67744e-07
1.822785 1.138496e-06
1.848101 5.167459e-06
1.873418 4.606101e-06
1.898734 2.066177e-06
1.924051 3.816612e-07
1.949367 4.592685e-08
1.974684 4.02576e-07
2 1.759632e-07
