0.4303797 1
0.4556962 1
0.4810127 1
0.5063291 1
0.5316456 1
0.556962 1
0.5822785 1
0.6075949 1
0.6329114 1
0.6582278 1
0.6835443 1
0.7088608 1
0.7341772 1
0.7594937 1
0.7848101 1
0.8101266 1
0.835443 1
0.8607595 1
0.8860759 1
0.9113924 1
0.9367089 1
0.9620253 1
0.9873418 1
1.012658 1
1.037975 1
1.063291 1
1.088608 1
1.113924 1
1.139241 1
1.164557 1
1.189873 1
1.21519 1
1.240506 1
1.265823 1
1.291139 1
1.316456 1
1.341772 0.9999999
1.367089 0.9999942
1.392405 0.9997853
1.417722 0.9904659
1.443038 0.7999023
1.468354 0.1570145
1.493671 0.004739859
1.518987 0.0001093481
1.544304 3.804863e-07
1.56962 2.86471e-10
1.594937 1.249025e-13
1.620253 2.295405e-15
1.64557 3.43576e-17
1.670886 4.896785e-18
1.696203 2.589899e-18
1.721519 1.246713e-18
1.746835 5.32078e-19
1.772152 1.975636e-19
1.797468 6.455535e-20
1.822785 1.860854e-20
1.848101 4.848808e-21
1.873418 1.16839e-21
1.898734 2.637731e-22
1.924051 5.846202e-23
1.949367 1.320605e-23
1.974684 3.039426e-24
2 5.432223e-25
