0.07594937 1
0.1012658 1
0.1265823 1
0.1518987 1
0.1772152 1
0.2025316 1
0.2278481 1
0.2531646 1
0.278481 1
0.3037975 1
0.3291139 1
0.3544304 1
0.3797468 1
0.4050633 0.9999998
0.4303797 0.9998446
0.4556962 0.9832113
0.4810127 0.7219881
0.5063291 0.103885
0.5316456 0.002360106
0.556962 7.432546e-05
0.5822785 2.704542e-06
0.6075949 2.027996e-07
0.6329114 7.258422e-08
0.6582278 4.109916e-08
0.6835443 8.677947e-09
0.7088608 1.328222e-09
0.7341772 2.387071e-10
0.7594937 3.195126e-11
0.7848101 3.42929e-12
0.8101266 8.549991e-13
0.835443 3.100468e-13
0.8607595 5.921253e-14
0.8860759 8.998679e-15
0.9113924 2.917741e-15
0.9367089 1.561086e-15
0.9620253 7.381604e-16
0.9873418 2.992833e-16
1.012658 1.073352e-16
1.037975 3.883551e-17
1.063291 1.671195e-17
1.088608 8.097362e-18
1.113924 3.715019e-18
1.139241 1.50023e-18
1.164557 5.231935e-19
1.189873 1.541482e-19
1.21519 3.725184e-20
1.240506 7.089901e-21
1.265823 1.004362e-21
1.291139 9.75759e-23
1.316456 5.701548e-24
1.341772 1.552092e-25
1.367089 8.96852e-28
1.392405 7.153674e-32
1.417722 8.391475e-38
1.443038 2.678579e-38
1.468354 7.180241e-39
1.493671 1.629954e-39
1.518987 3.260871e-40
1.544304 6.45428e-41
1.56962 1.529451e-41
1.594937 4.595014e-42
1.620253 1.502112e-42
1.64557 4.669624e-43
1.670886 1.310225e-43
1.696203 3.269242e-44
1.721519 7.224016e-45
1.746835 1.411081e-45
1.772152 2.432232e-46
1.797468 3.689429e-47
1.822785 4.901304e-48
1.848101 5.653323e-49
1.873418 5.577787e-50
1.898734 4.592861e-51
1.924051 3.033019e-52
1.949367 1.504181e-53
1.974684 4.967764e-55
2 8.174936e-57
