0.6075949 1
0.6329114 1
0.6582278 1
0.6835443 1
0.7088608 1
0.7341772 1
0.7594937 1
0.7848101 1
0.8101266 1
0.835443 1
0.8607595 1
0.8860759 1
0.9113924 1
0.9367089 1
0.9620253 1
0.9873418 1
1.012658 1
1.037975 1
1.063291 1
1.088608 1
1.113924 1
1.139241 1
1.164557 1
1.189873 1
1.21519 1
1.240506 1
1.265823 1
1.291139 1
1.316456 0.9999914
1.341772 0.997447
1.367089 0.9051219
1.392405 0.3727319
1.417722 0.01588665
1.443038 0.000588676
1.468354 8.365469e-06
1.493671 5.521514e-08
1.518987 2.477441e-10
1.544304 5.533266e-13
1.56962 4.692375e-15
1.594937 2.788062e-16
1.620253 2.341649e-17
1.64557 6.178954e-18
1.670886 1.19252e-18
1.696203 2.09442e-19
1.721519 3.996445e-20
1.746835 7.890994e-21
1.772152 1.26229e-21
1.797468 1.278376e-22
1.822785 6.547681e-24
1.848101 1.35255e-25
1.873418 9.017377e-28
1.898734 1.410309e-30
1.924051 2.648884e-34
1.949367 1.754866e-39
1.974684 6.435551e-45
2 2.066131e-46
