0.4050633 1
0.4303797 1
0.4556962 1
0.4810127 1
0.5063291 1
0.5316456 1
0.556962 1
0.5822785 1
0.6075949 1
0.6329114 1
0.6582278 1
0.6835443 1
0.7088608 1
0.7341772 1
0.7594937 1
0.7848101 1
0.8101266 1
0.835443 1
0.8607595 1
0.8860759 1
0.9113924 1
0.9367089 1
0.9620253 1
0.9873418 1
1.012658 1
1.037975 1
1.063291 1
1.088608 1
1.113924 1
1.139241 1
1.164557 1
1.189873 1
1.21519 1
1.240506 1
1.265823 1
1.291139 1
1.316456 1
1.341772 1
1.367089 0.9999961
1.392405 0.9997621
1.417722 0.9974308
1.443038 0.9602295
1.468354 0.4714196
1.493671 0.05141133
1.518987 0.001184268
1.544304 5.224883e-06
1.56962 4.247162e-09
1.594937 1.835972e-12
1.620253 8.62282e-15
1.64557 4.784156e-17
1.670886 5.68642e-18
1.696203 2.920802e-18
1.721519 1.335495e-18
1.746835 5.223346e-19
1.772152 1.731412e-19
1.797468 4.872095e-20
1.822785 1.169288e-20
1.848101 2.401382e-21
1.873418 4.201754e-22
1.898734 6.205906e-23
1.924051 7.686789e-24
1.949367 7.948411e-25
1.974684 6.778095e-26
2 4.347614e-27
