0.02531646 1
0.05063291 1
0.07594937 1
0.1012658 1
0.1265823 1
0.1518987 1
0.1772152 1
0.2025316 0.9999999
0.2278481 0.999993
0.2531646 0.999868
0.278481 0.9989277
0.3037975 0.9913729
0.3291139 0.9360108
0.3544304 0.3339008
0.3797468 0.3854157
0.4050633 0.06629192
0.4303797 0.08255175
0.4556962 0.5634931
0.4810127 0.735976
0.5063291 0.4183208
0.5316456 0.05663186
0.556962 0.002059391
0.5822785 0.001359782
0.6075949 0.004308148
0.6329114 0.002289397
0.6582278 0.0003060789
0.6835443 1.845451e-05
0.7088608 1.32296e-06
0.7341772 7.016769e-08
0.7594937 4.63298e-07
0.7848101 5.229758e-06
0.8101266 3.155231e-05
0.835443 4.923452e-05
0.8607595 4.923452e-05
0.8860759 4.923452e-05
0.9113924 1.924276e-05
0.9367089 1.787894e-06
0.9620253 4.508761e-06
0.9873418 2.695663e-05
1.012658 3.041308e-05
1.037975 2.346771e-05
1.063291 6.354564e-06
1.088608 7.346495e-07
1.113924 1.236748e-07
1.139241 3.065988e-07
1.164557 5.287984e-07
1.189873 3.152979e-07
1.21519 5.485504e-08
1.240506 1.869193e-09
1.265823 8.136176e-09
1.291139 3.866216e-07
1.316456 2.213779e-06
1.341772 1.960035e-06
1.367089 3.840755e-07
1.392405 2.402875e-08
1.417722 5.684839e-10
1.443038 1.034408e-10
1.468354 9.48619e-11
1.493671 6.928315e-11
1.518987 4.720442e-11
1.544304 3.946558e-11
1.56962 4.003585e-11
1.594937 4.83509e-11
1.620253 5.382884e-11
1.64557 6.049763e-11
1.670886 7.992252e-11
1.696203 9.656202e-11
1.721519 9.34851e-11
1.746835 6.839329e-11
1.772152 2.537721e-11
1.797468 4.302033e-12
1.822785 1.982369e-12
1.848101 2.30999e-12
1.873418 3.824846e-12
1.898734 7.522813e-12
1.924051 1.46086e-11
1.949367 2.525187e-11
1.974684 3.088362e-11
2 2.554307e-11
