0.5822785 1
0.6075949 1
0.6329114 1
0.6582278 1
0.6835443 1
0.7088608 1
0.7341772 1
0.7594937 1
0.7848101 1
0.8101266 1
0.835443 1
0.8607595 1
0.8860759 1
0.9113924 1
0.9367089 1
0.9620253 1
0.9873418 1
1.012658 1
1.037975 1
1.063291 1
1.088608 1
1.113924 1
1.139241 1
1.164557 1
1.189873 1
1.21519 1
1.240506 1
1.265823 1
1.291139 1
1.316456 0.9999977
1.341772 0.9990861
1.367089 0.948672
1.392405 0.508384
1.417722 0.03218208
1.443038 0.001244553
1.468354 2.105199e-05
1.493671 1.330709e-07
1.518987 6.556847e-10
1.544304 1.398449e-12
1.56962 8.305177e-15
1.594937 3.77388e-16
1.620253 2.974811e-17
1.64557 8.102164e-18
1.670886 1.586615e-18
1.696203 2.749184e-19
1.721519 5.159417e-20
1.746835 1.058213e-20
1.772152 1.86426e-21
1.797468 2.160883e-22
1.822785 1.307093e-23
1.848101 3.304654e-25
1.873418 2.898746e-27
1.898734 7.048853e-30
1.924051 2.686969e-33
1.949367 5.153942e-38
1.974684 1.617131e-44
2 9.818267e-46
