0.556962 1
0.5822785 1
0.6075949 1
0.6329114 1
0.6582278 1
0.6835443 1
0.7088608 1
0.7341772 1
0.7594937 1
0.7848101 1
0.8101266 1
0.835443 1
0.8607595 0.9999963
0.8860759 0.998704
0.9113924 0.9382104
0.9367089 0.4679715
0.9620253 0.02376292
0.9873418 0.0009391904
1.012658 3.942053e-05
1.037975 1.017266e-06
1.063291 2.613326e-08
1.088608 3.637686e-10
1.113924 6.437592e-12
1.139241 2.189474e-13
1.164557 8.066218e-15
1.189873 1.038853e-15
1.21519 2.273062e-16
1.240506 4.284582e-17
1.265823 6.826826e-18
1.291139 8.881083e-19
1.316456 9.077276e-20
1.341772 6.987282e-21
1.367089 3.866246e-22
1.392405 1.477428e-23
1.417722 3.865144e-25
1.443038 7.03401e-27
1.468354 8.974721e-29
1.493671 7.81392e-31
1.518987 4.39724e-33
1.544304 1.57773e-35
1.56962 3.903691e-38
1.594937 7.262044e-41
1.620253 8.797069e-44
1.64557 3.827376e-47
1.670886 3.136685e-52
1.696203 1.314253e-57
1.721519 4.071266e-63
1.746835 2.641247e-67
1.772152 9.620838e-71
1.797468 2.551989e-72
1.822785 1.087344e-73
1.848101 3.806952e-75
1.873418 1.066213e-76
1.898734 2.446686e-78
1.924051 4.984043e-80
1.949367 9.519179e-82
1.974684 1.481164e-83
2 1.25611e-85
