0.556962 1
0.5822785 1
0.6075949 1
0.6329114 1
0.6582278 1
0.6835443 1
0.7088608 1
0.7341772 1
0.7594937 1
0.7848101 1
0.8101266 1
0.835443 1
0.8607595 1
0.8860759 1
0.9113924 1
0.9367089 1
0.9620253 1
0.9873418 1
1.012658 1
1.037975 1
1.063291 1
1.088608 1
1.113924 1
1.139241 1
1.164557 1
1.189873 1
1.21519 1
1.240506 1
1.265823 1
1.291139 1
1.316456 0.9999999
1.341772 0.9999214
1.367089 0.9885339
1.392405 0.7711202
1.417722 0.1401874
1.443038 0.003954949
1.468354 0.0001667612
1.493671 2.376289e-06
1.518987 7.035033e-09
1.544304 2.132472e-11
1.56962 8.86557e-14
1.594937 1.033829e-15
1.620253 9.068868e-17
1.64557 1.416284e-17
1.670886 4.279531e-18
1.696203 1.091049e-18
1.721519 2.721322e-19
1.746835 6.986864e-20
1.772152 1.753842e-20
1.797468 4.040918e-21
1.822785 8.314944e-22
1.848101 1.550922e-22
1.873418 2.606619e-23
1.898734 3.497919e-24
1.924051 2.739401e-25
1.949367 6.514822e-27
1.974684 8.448495e-30
2 1.883698e-37
