0.7341772 1
0.7594937 1
0.7848101 1
0.8101266 1
0.835443 1
0.8607595 1
0.8860759 1
0.9113924 1
0.9367089 1
0.9620253 1
0.9873418 1
1.012658 1
1.037975 1
1.063291 1
1.088608 1
1.113924 1
1.139241 1
1.164557 0.9999998
1.189873 0.9998765
1.21519 0.9872954
1.240506 0.7592404
1.265823 0.09677734
1.291139 0.001731641
1.316456 4.999999e-05
1.341772 1.206291e-06
1.367089 2.671311e-08
1.392405 3.034374e-10
1.417722 4.969242e-12
1.443038 2.502755e-13
1.468354 6.496693e-15
1.493671 7.80128e-16
1.518987 1.538504e-16
1.544304 2.154009e-17
1.56962 2.138987e-18
1.594937 1.963715e-19
1.620253 2.777794e-20
1.64557 4.265758e-21
1.670886 5.131195e-22
1.696203 4.64913e-23
1.721519 2.852366e-24
1.746835 1.013693e-25
1.772152 1.705281e-27
1.797468 1.051133e-29
1.822785 1.722763e-32
1.848101 4.857463e-36
1.873418 1.127318e-40
1.898734 7.433701e-47
1.924051 1.848076e-50
1.949367 5.075462e-53
1.974684 2.397168e-57
2 3.04552e-68
