0.2531646 1
0.278481 1
0.3037975 1
0.3291139 1
0.3544304 1
0.3797468 1
0.4050633 1
0.4303797 1
0.4556962 0.9999953
0.4810127 0.9997222
0.5063291 0.995523
0.5316456 0.9263796
0.556962 0.2012812
0.5822785 0.005809992
0.6075949 0.0003493633
0.6329114 3.038647e-05
0.6582278 1.112597e-06
0.6835443 7.375913e-08
0.7088608 3.20729e-09
0.7341772 1.365938e-10
0.7594937 1.020064e-11
0.7848101 1.010615e-12
0.8101266 9.532023e-14
0.835443 8.495095e-15
0.8607595 1.571828e-15
0.8860759 4.961955e-16
0.9113924 1.371201e-16
0.9367089 3.161646e-17
0.9620253 5.811794e-18
0.9873418 8.213985e-19
1.012658 8.511438e-20
1.037975 6.250048e-21
1.063291 3.19025e-22
1.088608 1.101324e-23
1.113924 2.429714e-25
1.139241 3.111657e-27
1.164557 2.046835e-29
1.189873 5.640355e-32
1.21519 5.38387e-35
1.240506 1.760262e-38
1.265823 1.481299e-42
1.291139 2.167472e-47
1.316456 1.759589e-52
1.341772 1.443178e-53
1.367089 1.141179e-53
1.392405 7.794183e-54
1.417722 4.646201e-54
1.443038 2.443458e-54
1.468354 1.145047e-54
1.493671 4.822638e-55
1.518987 1.838213e-55
1.544304 6.374082e-56
1.56962 2.017926e-56
1.594937 5.844815e-57
1.620253 1.550064e-57
1.64557 3.762301e-58
1.670886 8.344638e-59
1.696203 1.686778e-59
1.721519 3.09557e-60
1.746835 5.130792e-61
1.772152 7.627339e-62
1.797468 1.007829e-62
1.822785 1.169942e-63
1.848101 1.175206e-64
1.873418 1.001058e-65
1.898734 7.032154e-67
1.924051 3.911567e-68
1.949367 1.615318e-69
1.974684 4.402168e-71
2 5.937702e-73
