0.02531646 1
0.05063291 1
0.07594937 1
0.1012658 1
0.1265823 1
0.1518987 1
0.1772152 0.9999998
0.2025316 0.9999811
0.2278481 0.9998856
0.2531646 0.9999531
0.278481 0.9999413
0.3037975 0.995016
0.3291139 0.7947484
0.3544304 0.05154508
0.3797468 0.5204894
0.4050633 0.9840461
0.4303797 0.9946624
0.4556962 0.991685
0.4810127 0.9947425
0.5063291 0.9977334
0.5316456 0.9861136
0.556962 0.9070921
0.5822785 0.6230837
0.6075949 0.4117755
0.6329114 0.3469161
0.6582278 0.4352178
0.6835443 0.5794943
0.7088608 0.5097932
0.7341772 0.04069438
0.7594937 0.002078908
0.7848101 3.158535e-05
0.8101266 7.205555e-08
0.835443 4.511793e-10
0.8607595 3.469476e-10
0.8860759 9.258748e-10
0.9113924 7.434156e-08
0.9367089 2.048402e-06
0.9620253 1.531095e-05
0.9873418 4.197235e-05
1.012658 2.089066e-05
1.037975 4.332132e-06
1.063291 8.891169e-08
1.088608 3.591311e-10
1.113924 3.468497e-10
1.139241 3.468498e-10
1.164557 3.475722e-10
1.189873 3.574595e-10
1.21519 3.927986e-10
1.240506 4.335091e-10
1.265823 3.395472e-10
1.291139 1.60669e-10
1.316456 3.535723e-11
1.341772 3.506537e-12
1.367089 8.738602e-14
1.392405 5.663842e-15
1.417722 5.057174e-15
1.443038 5.74922e-15
1.468354 5.540247e-14
1.493671 2.028799e-12
1.518987 1.731464e-11
1.544304 5.753343e-11
1.56962 8.54093e-11
1.594937 1.63703e-10
1.620253 3.189007e-10
1.64557 5.618135e-10
1.670886 8.58036e-10
1.696203 1.066616e-09
1.721519 7.680152e-10
1.746835 6.00147e-10
1.772152 3.244783e-09
1.797468 1.722095e-08
1.822785 1.520496e-08
1.848101 3.229747e-09
1.873418 2.472957e-10
1.898734 1.202229e-10
1.924051 2.14851e-10
1.949367 4.440116e-10
1.974684 4.079468e-10
2 1.17381e-10
