0.4050633 1
0.4303797 1
0.4556962 1
0.4810127 1
0.5063291 1
0.5316456 1
0.556962 1
0.5822785 1
0.6075949 1
0.6329114 1
0.6582278 1
0.6835443 1
0.7088608 1
0.7341772 1
0.7594937 1
0.7848101 1
0.8101266 1
0.835443 1
0.8607595 1
0.8860759 1
0.9113924 1
0.9367089 1
0.9620253 1
0.9873418 1
1.012658 1
1.037975 1
1.063291 1
1.088608 1
1.113924 1
1.139241 1
1.164557 1
1.189873 1
1.21519 1
1.240506 1
1.265823 1
1.291139 1
1.316456 1
1.341772 0.9999997
1.367089 0.9999528
1.392405 0.9992875
1.417722 0.9942739
1.443038 0.88333
1.468354 0.2510249
1.493671 0.01776439
1.518987 0.000341286
1.544304 1.663756e-06
1.56962 1.897607e-09
1.594937 4.722038e-13
1.620253 6.295173e-17
1.64557 3.422381e-19
1.670886 2.11656e-19
1.696203 1.064346e-19
1.721519 3.980732e-20
1.746835 8.831963e-21
1.772152 4.46215e-22
1.797468 1.114137e-110
1.822785 1.478173e-110
1.848101 1.130489e-110
1.873418 4.740178e-111
1.898734 1.146844e-111
1.924051 1.634219e-112
1.949367 1.354463e-113
1.974684 6.056761e-115
2 1.123068e-116
