0.02531646 1
0.05063291 1
0.07594937 1
0.1012658 1
0.1265823 1
0.1518987 1
0.1772152 1
0.2025316 0.9999997
0.2278481 0.9999999
0.2531646 1
0.278481 0.9999995
0.3037975 0.9997572
0.3291139 0.9999712
0.3544304 0.9999967
0.3797468 0.9998974
0.4050633 0.9985243
0.4303797 0.7478047
0.4556962 0.9722869
0.4810127 0.9456863
0.5063291 0.8534494
0.5316456 0.5528556
0.556962 0.4117254
0.5822785 0.4114602
0.6075949 0.8542913
0.6329114 0.8182842
0.6582278 0.2525132
0.6835443 0.01239639
0.7088608 6.9957e-05
0.7341772 1.175186e-07
0.7594937 9.460664e-09
0.7848101 2.617384e-09
0.8101266 9.446449e-10
0.835443 5.527109e-10
0.8607595 4.367831e-10
0.8860759 3.820951e-10
0.9113924 3.689846e-10
0.9367089 3.123515e-10
0.9620253 2.058003e-10
0.9873418 9.072351e-11
1.012658 1.706504e-11
1.037975 9.780567e-13
1.063291 1.079514e-13
1.088608 3.591147e-14
1.113924 1.528566e-14
1.139241 8.919232e-15
1.164557 6.866123e-15
1.189873 5.908185e-15
1.21519 5.455383e-15
1.240506 5.367773e-15
1.265823 5.569231e-15
1.291139 7.945378e-15
1.316456 3.25763e-13
1.341772 4.75564e-11
1.367089 4.929579e-09
1.392405 1.665867e-07
1.417722 1.291505e-06
1.443038 1.590925e-06
1.468354 7.58348e-07
1.493671 5.827952e-08
1.518987 3.017519e-10
1.544304 3.68898e-11
1.56962 9.145421e-11
1.594937 1.389905e-10
1.620253 1.129372e-10
1.64557 6.385889e-11
1.670886 5.845991e-09
1.696203 4.114623e-07
1.721519 5.370437e-06
1.746835 1.538066e-05
1.772152 1.490124e-05
1.797468 9.791779e-07
1.822785 8.58552e-09
1.848101 7.098152e-11
1.873418 1.584549e-11
1.898734 1.009112e-11
1.924051 1.230928e-12
1.949367 7.384043e-14
1.974684 3.529066e-15
2 6.434203e-17
