0.5822785 1
0.6075949 1
0.6329114 1
0.6582278 1
0.6835443 1
0.7088608 1
0.7341772 1
0.7594937 1
0.7848101 1
0.8101266 1
0.835443 1
0.8607595 1
0.8860759 1
0.9113924 1
0.9367089 1
0.9620253 1
0.9873418 1
1.012658 1
1.037975 1
1.063291 1
1.088608 1
1.113924 1
1.139241 1
1.164557 1
1.189873 1
1.21519 1
1.240506 1
1.265823 1
1.291139 1
1.316456 0.9999999
1.341772 0.9999262
1.367089 0.9928367
1.392405 0.8756896
1.417722 0.2359492
1.443038 0.01284331
1.468354 0.0002261963
1.493671 3.087174e-06
1.518987 1.901728e-08
1.544304 3.071036e-11
1.56962 6.704633e-14
1.594937 9.592169e-16
1.620253 6.440307e-17
1.64557 1.625858e-17
1.670886 3.550195e-18
1.696203 6.943655e-19
1.721519 1.234205e-19
1.746835 2.20271e-20
1.772152 4.222883e-21
1.797468 8.359215e-22
1.822785 1.414721e-22
1.848101 1.594114e-23
1.873418 8.721954e-25
1.898734 1.476777e-26
1.924051 3.635466e-29
1.949367 3.08607e-33
1.974684 2.642488e-40
2 1.255338e-48
