0.4050633 1
0.4303797 1
0.4556962 1
0.4810127 1
0.5063291 1
0.5316456 1
0.556962 1
0.5822785 1
0.6075949 1
0.6329114 1
0.6582278 1
0.6835443 1
0.7088608 1
0.7341772 1
0.7594937 1
0.7848101 1
0.8101266 1
0.835443 1
0.8607595 1
0.8860759 1
0.9113924 1
0.9367089 1
0.9620253 1
0.9873418 1
1.012658 1
1.037975 1
1.063291 1
1.088608 1
1.113924 1
1.139241 1
1.164557 1
1.189873 1
1.21519 1
1.240506 1
1.265823 1
1.291139 1
1.316456 1
1.341772 0.999998
1.367089 0.9989737
1.392405 0.9402772
1.417722 0.4573467
1.443038 0.01700745
1.468354 0.0003323046
1.493671 4.908278e-06
1.518987 9.531382e-09
1.544304 3.388485e-83
1.56962 6.275694e-83
1.594937 6.294489e-83
1.620253 1.872286e-83
1.64557 1.668498e-84
1.670886 1.050388e-115
1.696203 2.856628e-118
1.721519 3.496828e-119
1.746835 2.606092e-120
1.772152 8.386849e-122
1.797468 1.540509e-123
1.822785 2.145118e-125
1.848101 3.249327e-127
1.873418 8.534506e-129
1.898734 2.307793e-130
1.924051 3.578487e-132
1.949367 1.855441e-134
1.974684 8.716903e-138
2 1.001076e-144
