0.556962 1
0.5822785 1
0.6075949 1
0.6329114 1
0.6582278 1
0.6835443 1
0.7088608 1
0.7341772 1
0.7594937 1
0.7848101 1
0.8101266 1
0.835443 1
0.8607595 1
0.8860759 1
0.9113924 1
0.9367089 1
0.9620253 1
0.9873418 1
1.012658 1
1.037975 1
1.063291 1
1.088608 1
1.113924 1
1.139241 1
1.164557 1
1.189873 1
1.21519 1
1.240506 1
1.265823 1
1.291139 1
1.316456 1
1.341772 0.9999866
1.367089 0.99645
1.392405 0.8812047
1.417722 0.304286
1.443038 0.01063221
1.468354 0.0004318543
1.493671 6.687799e-06
1.518987 2.239467e-08
1.544304 7.810645e-11
1.56962 2.582439e-13
1.594937 1.645795e-15
1.620253 1.409859e-16
1.64557 2.069559e-17
1.670886 6.532533e-18
1.696203 1.716623e-18
1.721519 4.465845e-19
1.746835 1.236436e-19
1.772152 3.483302e-20
1.797468 9.224959e-21
1.822785 2.185863e-21
1.848101 4.588913e-22
1.873418 8.72602e-23
1.898734 1.510853e-23
1.924051 2.138404e-24
1.949367 1.67815e-25
1.974684 2.483876e-27
2 3.642639e-32
