0.556962 1
0.5822785 1
0.6075949 1
0.6329114 1
0.6582278 1
0.6835443 1
0.7088608 1
0.7341772 1
0.7594937 1
0.7848101 1
0.8101266 1
0.835443 1
0.8607595 1
0.8860759 1
0.9113924 1
0.9367089 1
0.9620253 1
0.9873418 1
1.012658 1
1.037975 1
1.063291 1
1.088608 1
1.113924 1
1.139241 1
1.164557 1
1.189873 1
1.21519 1
1.240506 1
1.265823 1
1.291139 1
1.316456 0.9999999
1.341772 0.9998368
1.367089 0.9815031
1.392405 0.7010624
1.417722 0.09492028
1.443038 0.002716762
1.468354 0.0001151751
1.493671 1.580728e-06
1.518987 4.29662e-09
1.544304 1.135439e-11
1.56962 5.191741e-14
1.594937 8.075385e-16
1.620253 6.81809e-17
1.64557 1.090885e-17
1.670886 3.147837e-18
1.696203 7.633788e-19
1.721519 1.776515e-19
1.746835 4.13303e-20
1.772152 9.205603e-21
1.797468 1.887697e-21
1.822785 3.557442e-22
1.848101 6.115813e-23
1.873418 8.544496e-24
1.898734 7.481543e-25
1.924051 2.61198e-26
1.949367 1.473941e-28
1.974684 1.286367e-32
2 3.746613e-43
