0.02531646 1
0.05063291 1
0.07594937 1
0.1012658 1
0.1265823 1
0.1518987 1
0.1772152 1
0.2025316 0.9999983
0.2278481 0.9999675
0.2531646 0.9991432
0.278481 0.9635528
0.3037975 0.3217606
0.3291139 0.01841286
0.3544304 0.002901983
0.3797468 0.08298785
0.4050633 0.02878977
0.4303797 0.01031508
0.4556962 0.03144212
0.4810127 0.09999687
0.5063291 0.07836006
0.5316456 0.03342417
0.556962 0.007619219
0.5822785 0.001359521
0.6075949 0.005716323
0.6329114 0.0180383
0.6582278 0.01933995
0.6835443 0.01934093
0.7088608 0.007602738
0.7341772 0.000549089
0.7594937 0.0007130068
0.7848101 0.003114288
0.8101266 0.002297343
0.835443 0.0003716497
0.8607595 8.422954e-06
0.8860759 4.484198e-07
0.9113924 3.041504e-07
0.9367089 3.547045e-07
0.9620253 1.533572e-07
0.9873418 4.49131e-08
1.012658 4.490058e-08
1.037975 4.581125e-08
1.063291 1.693747e-07
1.088608 9.822181e-07
1.113924 6.815929e-06
1.139241 3.941787e-05
1.164557 0.0001761729
1.189873 0.0001759934
1.21519 1.537149e-05
1.240506 6.567628e-07
1.265823 1.712893e-07
1.291139 3.698286e-07
1.316456 8.085244e-07
1.341772 1.932912e-07
1.367089 1.939227e-08
1.392405 1.198489e-07
1.417722 6.787513e-08
1.443038 2.340032e-08
1.468354 1.530346e-08
1.493671 3.134242e-09
1.518987 6.490332e-10
1.544304 2.987643e-10
1.56962 2.293241e-10
1.594937 1.503657e-10
1.620253 1.024939e-10
1.64557 2.006509e-11
1.670886 1.752812e-12
1.696203 3.085392e-13
1.721519 9.880148e-14
1.746835 3.659451e-14
1.772152 1.765897e-14
1.797468 1.286637e-14
1.822785 1.179959e-14
1.848101 1.230232e-14
1.873418 1.479581e-14
1.898734 2.126434e-14
1.924051 4.272749e-14
1.949367 2.88504e-13
1.974684 2.56405e-12
2 1.106001e-11
