0.02531646 1
0.05063291 1
0.07594937 1
0.1012658 1
0.1265823 1
0.1518987 1
0.1772152 1
0.2025316 0.9999984
0.2278481 0.9999364
0.2531646 0.9975595
0.278481 0.9759983
0.3037975 0.2376565
0.3291139 0.008647896
0.3544304 0.04642113
0.3797468 0.01573927
0.4050633 0.001564804
0.4303797 0.004508971
0.4556962 0.0173757
0.4810127 0.0173757
0.5063291 0.01378636
0.5316456 0.004892482
0.556962 0.0009425345
0.5822785 0.0002812721
0.6075949 0.0001129431
0.6329114 0.0001109147
0.6582278 0.0003235903
0.6835443 0.002363781
0.7088608 0.003118192
0.7341772 0.002346918
0.7594937 0.000548024
0.7848101 2.854997e-05
0.8101266 4.512565e-07
0.835443 2.180622e-07
0.8607595 2.180579e-07
0.8860759 2.180547e-07
0.9113924 7.649934e-07
0.9367089 1.004473e-05
0.9620253 4.37643e-05
0.9873418 0.0001164004
1.012658 0.0001281391
1.037975 0.0001170984
1.063291 9.632119e-05
1.088608 4.977489e-05
1.113924 7.535635e-06
1.139241 5.994991e-07
1.164557 3.639995e-07
1.189873 7.171375e-08
1.21519 9.02721e-09
1.240506 1.965178e-09
1.265823 7.57161e-10
1.291139 6.183526e-08
1.316456 1.959342e-06
1.341772 9.152399e-06
1.367089 3.48062e-05
1.392405 2.468981e-05
1.417722 9.21162e-06
1.443038 8.217644e-07
1.468354 1.986075e-08
1.493671 2.127745e-09
1.518987 2.080414e-09
1.544304 2.272374e-09
1.56962 2.172021e-09
1.594937 1.907705e-09
1.620253 8.392243e-11
1.64557 1.654705e-12
1.670886 6.208519e-13
1.696203 2.651448e-13
1.721519 8.699808e-14
1.746835 3.503416e-14
1.772152 1.806672e-14
1.797468 6.613205e-15
1.822785 3.356808e-15
1.848101 2.488252e-15
1.873418 2.294802e-15
1.898734 2.227046e-15
1.924051 2.209306e-15
1.949367 2.250472e-15
1.974684 2.361709e-15
2 2.54421e-15
