0.556962 1
0.5822785 1
0.6075949 1
0.6329114 1
0.6582278 1
0.6835443 1
0.7088608 1
0.7341772 1
0.7594937 1
0.7848101 1
0.8101266 1
0.835443 1
0.8607595 1
0.8860759 1
0.9113924 1
0.9367089 1
0.9620253 1
0.9873418 1
1.012658 1
1.037975 1
1.063291 1
1.088608 1
1.113924 1
1.139241 1
1.164557 1
1.189873 1
1.21519 1
1.240506 1
1.265823 1
1.291139 1
1.316456 1
1.341772 0.9999939
1.367089 0.9979738
1.392405 0.9143894
1.417722 0.3875694
1.443038 0.01671489
1.468354 0.0006590613
1.493671 1.055341e-05
1.518987 3.706271e-08
1.544304 1.35499e-10
1.56962 4.169771e-13
1.594937 2.064356e-15
1.620253 1.671281e-16
1.64557 2.385205e-17
1.670886 7.633562e-18
1.696203 2.017007e-18
1.721519 5.284298e-19
1.746835 1.488487e-19
1.772152 4.333309e-20
1.797468 1.199442e-20
1.822785 2.99112e-21
1.848101 6.595094e-22
1.873418 1.308045e-22
1.898734 2.384181e-23
1.924051 3.831052e-24
1.949367 4.103345e-25
1.974684 1.216028e-26
2 1.318593e-30
