0.2531646 1
0.278481 1
0.3037975 1
0.3291139 1
0.3544304 1
0.3797468 1
0.4050633 1
0.4303797 1
0.4556962 0.9999984
0.4810127 0.9993332
0.5063291 0.9635123
0.5316456 0.6382203
0.556962 0.02567899
0.5822785 0.002399706
0.6075949 0.0006347645
0.6329114 4.723437e-05
0.6582278 1.26636e-06
0.6835443 1.036394e-07
0.7088608 3.853259e-09
0.7341772 1.848126e-10
0.7594937 1.377264e-11
0.7848101 1.476573e-12
0.8101266 1.333632e-13
0.835443 1.134144e-14
0.8607595 1.892707e-15
0.8860759 5.931214e-16
0.9113924 1.672505e-16
0.9367089 4.00376e-17
0.9620253 7.741482e-18
0.9873418 1.170958e-18
1.012658 1.331599e-19
1.037975 1.08758e-20
1.063291 6.147357e-22
1.088608 2.327776e-23
1.113924 5.677399e-25
1.139241 8.259816e-27
1.164557 6.432294e-29
1.189873 2.256118e-31
1.21519 2.799239e-34
1.240506 1.109725e-37
1.265823 1.262462e-41
1.291139 2.414809e-46
1.316456 1.298825e-51
1.341772 6.85362e-56
1.367089 4.300815e-56
1.392405 2.722128e-56
1.417722 1.502197e-56
1.443038 7.307758e-57
1.468354 3.167076e-57
1.493671 1.233844e-57
1.518987 4.352078e-58
1.544304 1.397229e-58
1.56962 4.097577e-59
1.594937 1.099937e-59
1.620253 2.704592e-60
1.64557 6.088752e-61
1.670886 1.253072e-61
1.696203 2.35129e-62
1.721519 4.007216e-63
1.746835 6.169708e-64
1.772152 8.521261e-65
1.797468 1.046174e-65
1.822785 1.128446e-66
1.848101 1.053243e-67
1.873418 8.336171e-69
1.898734 5.441092e-70
1.924051 2.812188e-71
1.949367 1.079111e-72
1.974684 2.732908e-74
2 3.425975e-76
