0.02531646 1
0.05063291 1
0.07594937 1
0.1012658 1
0.1265823 1
0.1518987 1
0.1772152 1
0.2025316 1
0.2278481 0.9999997
0.2531646 0.9999875
0.278481 0.9999779
0.3037975 0.999994
0.3291139 0.9999898
0.3544304 0.999931
0.3797468 0.9997385
0.4050633 0.9993963
0.4303797 0.9937977
0.4556962 0.9911959
0.4810127 0.9842225
0.5063291 0.9553602
0.5316456 0.9996143
0.556962 0.9975357
0.5822785 0.9658635
0.6075949 0.957257
0.6329114 0.9771387
0.6582278 0.9926691
0.6835443 0.9857892
0.7088608 0.8563365
0.7341772 0.2728345
0.7594937 0.03879018
0.7848101 0.003064885
0.8101266 0.0001033957
0.835443 8.343935e-06
0.8607595 2.996969e-06
0.8860759 1.296742e-05
0.9113924 6.023489e-06
0.9367089 8.350022e-07
0.9620253 1.397665e-08
0.9873418 8.727184e-10
1.012658 2.176408e-09
1.037975 5.905701e-09
1.063291 1.163522e-08
1.088608 1.743195e-09
1.113924 1.704482e-09
1.139241 5.044191e-09
1.164557 2.403094e-09
1.189873 9.439952e-09
1.21519 6.457494e-09
1.240506 1.207116e-08
1.265823 1.560906e-07
1.291139 1.928521e-07
1.316456 2.480319e-07
1.341772 1.390308e-07
1.367089 3.064646e-08
1.392405 1.190784e-09
1.417722 2.923029e-10
1.443038 3.095394e-10
1.468354 1.229275e-10
1.493671 5.37268e-11
1.518987 1.938331e-11
1.544304 4.331453e-12
1.56962 2.414437e-13
1.594937 1.416052e-15
1.620253 6.469507e-16
1.64557 3.767447e-16
1.670886 1.667724e-16
1.696203 5.84451e-17
1.721519 1.976958e-17
1.746835 6.83917e-18
1.772152 2.397773e-18
1.797468 8.439015e-19
1.822785 2.97333e-19
1.848101 1.049622e-19
1.873418 3.725396e-20
1.898734 1.336523e-20
1.924051 4.877782e-21
1.949367 1.823422e-21
1.974684 7.02991e-22
2 2.816695e-22
