0.3797468 1
0.4050633 1
0.4303797 1
0.4556962 1
0.4810127 1
0.5063291 1
0.5316456 1
0.556962 1
0.5822785 0.9999998
0.6075949 0.9999677
0.6329114 0.9989664
0.6582278 0.9850709
0.6835443 0.7528458
0.7088608 0.06618695
0.7341772 0.002509737
0.7594937 0.0001210054
0.7848101 8.317356e-06
0.8101266 2.699787e-07
0.835443 6.718311e-09
0.8607595 1.357617e-10
0.8860759 5.168756e-12
0.9113924 4.482096e-13
0.9367089 3.535216e-14
0.9620253 3.461294e-15
0.9873418 8.217059e-16
1.012658 1.911492e-16
1.037975 3.509422e-17
1.063291 4.98262e-18
1.088608 5.341133e-19
1.113924 4.181444e-20
1.139241 2.292558e-21
1.164557 8.327732e-23
1.189873 1.841777e-24
1.21519 2.196144e-26
1.240506 1.194148e-28
1.265823 2.493107e-31
1.291139 1.670608e-34
1.316456 2.479229e-38
1.341772 7.372965e-43
1.367089 2.899716e-48
1.392405 2.085084e-54
1.417722 3.073914e-60
1.443038 2.137494e-64
1.468354 6.943648e-66
1.493671 2.859446e-67
1.518987 1.206385e-68
1.544304 5.351446e-70
1.56962 2.45945e-71
1.594937 1.146812e-72
1.620253 5.404276e-74
1.64557 2.595571e-75
1.670886 1.285202e-76
1.696203 6.609779e-78
1.721519 3.521671e-79
1.746835 1.917212e-80
1.772152 1.042934e-81
1.797468 5.508296e-83
1.822785 2.733812e-84
1.848101 1.234013e-85
1.873418 4.911447e-87
1.898734 1.669064e-88
1.924051 4.650393e-90
1.949367 9.980498e-92
1.974684 1.469895e-93
2 1.115706e-95
