0.02531646 1
0.05063291 1
0.07594937 1
0.1012658 1
0.1265823 1
0.1518987 1
0.1772152 1
0.2025316 1
0.2278481 0.9999982
0.2531646 0.9999857
0.278481 0.9994634
0.3037975 0.9958489
0.3291139 0.9979423
0.3544304 0.9873548
0.3797468 0.5331849
0.4050633 0.06142453
0.4303797 0.01963754
0.4556962 0.01963732
0.4810127 0.0246848
0.5063291 0.4401069
0.5316456 0.97758
0.556962 0.9939981
0.5822785 0.9184894
0.6075949 0.6984838
0.6329114 0.7526614
0.6582278 0.8579213
0.6835443 0.8208388
0.7088608 0.568363
0.7341772 0.1360474
0.7594937 0.01248986
0.7848101 0.000627518
0.8101266 1.026794e-05
0.835443 7.610834e-08
0.8607595 7.847073e-09
0.8860759 3.277302e-09
0.9113924 1.600035e-09
0.9367089 6.81721e-10
0.9620253 5.808813e-10
0.9873418 5.673976e-10
1.012658 5.352758e-10
1.037975 5.425232e-10
1.063291 5.434766e-10
1.088608 5.758034e-10
1.113924 3.636526e-09
1.139241 5.196496e-08
1.164557 3.522854e-08
1.189873 4.471635e-09
1.21519 1.09826e-09
1.240506 1.09826e-09
1.265823 1.138967e-09
1.291139 1.212318e-09
1.316456 1.157298e-09
1.341772 1.086589e-09
1.367089 1.453111e-09
1.392405 2.108987e-09
1.417722 1.778355e-09
1.443038 8.255955e-10
1.468354 3.131731e-10
1.493671 2.554331e-10
1.518987 2.653577e-10
1.544304 2.831685e-10
1.56962 3.033538e-10
1.594937 3.240284e-10
1.620253 3.29318e-10
1.64557 3.186725e-10
1.670886 2.994402e-10
1.696203 2.640993e-10
1.721519 2.036152e-10
1.746835 1.204031e-10
1.772152 4.33273e-11
1.797468 1.723924e-11
1.822785 2.017502e-11
1.848101 4.6124e-11
1.873418 1.66145e-10
1.898734 6.634019e-10
1.924051 2.428762e-09
1.949367 5.154022e-09
1.974684 5.584471e-09
2 4.299438e-09
