0.5316456 1
0.556962 1
0.5822785 1
0.6075949 1
0.6329114 1
0.6582278 1
0.6835443 1
0.7088608 1
0.7341772 1
0.7594937 1
0.7848101 1
0.8101266 1
0.835443 0.9999404
0.8607595 0.9915615
0.8860759 0.8099054
0.9113924 0.1461611
0.9367089 0.005839537
0.9620253 0.0002975075
0.9873418 1.15496e-05
1.012658 2.765495e-07
1.037975 7.386612e-09
1.063291 1.114135e-10
1.088608 2.51887e-12
1.113924 1.036407e-13
1.139241 4.381136e-15
1.164557 7.385314e-16
1.189873 1.456196e-16
1.21519 2.404399e-17
1.240506 3.260974e-18
1.265823 3.505974e-19
1.291139 2.835138e-20
1.316456 1.625697e-21
1.341772 6.226665e-23
1.367089 1.531487e-24
1.392405 2.330621e-26
1.417722 2.120667e-28
1.443038 1.168231e-30
1.468354 3.992804e-33
1.493671 8.480168e-36
1.518987 1.173561e-38
1.544304 1.20034e-41
1.56962 9.258773e-45
1.594937 4.174345e-48
1.620253 6.650731e-52
1.64557 1.202556e-56
1.670886 4.729422e-62
1.696203 1.723649e-69
1.721519 4.665886e-71
1.746835 2.361611e-72
1.772152 1.210191e-73
1.797468 6.079755e-75
1.822785 2.809534e-76
1.848101 1.128195e-77
1.873418 3.783995e-79
1.898734 1.027593e-80
1.924051 2.18268e-82
1.949367 3.442014e-84
1.974684 3.646603e-86
2 1.990903e-88
