0.556962 1
0.5822785 1
0.6075949 1
0.6329114 1
0.6582278 1
0.6835443 1
0.7088608 1
0.7341772 1
0.7594937 1
0.7848101 1
0.8101266 1
0.835443 1
0.8607595 1
0.8860759 1
0.9113924 1
0.9367089 1
0.9620253 1
0.9873418 1
1.012658 1
1.037975 1
1.063291 1
1.088608 1
1.113924 1
1.139241 1
1.164557 1
1.189873 1
1.21519 1
1.240506 1
1.265823 1
1.291139 1
1.316456 1
1.341772 0.9999973
1.367089 0.998926
1.392405 0.9422218
1.417722 0.482035
1.443038 0.02714757
1.468354 0.001045378
1.493671 1.718197e-05
1.518987 6.350202e-08
1.544304 2.429214e-10
1.56962 7.085636e-13
1.594937 2.677254e-15
1.620253 1.990126e-16
1.64557 2.753836e-17
1.670886 8.933362e-18
1.696203 2.368831e-18
1.721519 6.229513e-19
1.746835 1.777645e-19
1.772152 5.327417e-20
1.797468 1.536834e-20
1.822785 4.030423e-21
1.848101 9.359066e-22
1.873418 1.943673e-22
1.898734 3.703111e-23
1.924051 6.512047e-24
1.949367 8.981881e-25
1.974684 4.912797e-26
2 3.458443e-29
