0.02531646 1
0.05063291 1
0.07594937 1
0.1012658 1
0.1265823 1
0.1518987 1
0.1772152 1
0.2025316 0.9999999
0.2278481 0.9999596
0.2531646 0.9974647
0.278481 0.934059
0.3037975 0.06666399
0.3291139 0.005688402
0.3544304 0.001484322
0.3797468 9.02324e-05
0.4050633 1.067375e-06
0.4303797 2.80698e-08
0.4556962 1.359869e-09
0.4810127 2.129094e-10
0.5063291 8.482167e-11
0.5316456 2.444116e-11
0.556962 4.383378e-12
0.5822785 5.832019e-13
0.6075949 6.367235e-14
0.6329114 8.861222e-15
0.6582278 2.911351e-15
0.6835443 1.521241e-15
0.7088608 7.655754e-16
0.7341772 3.557216e-16
0.7594937 1.530307e-16
0.7848101 6.101076e-17
0.8101266 2.25159e-17
0.835443 7.690377e-18
0.8607595 2.444416e-18
0.8860759 7.370371e-19
0.9113924 2.212131e-19
0.9367089 7.435172e-20
0.9620253 3.659785e-20
0.9873418 3.447807e-20
1.012658 5.224289e-20
1.037975 9.430793e-20
1.063291 1.77585e-19
1.088608 3.335844e-19
1.113924 6.146124e-19
1.139241 1.10244e-18
1.164557 1.918506e-18
1.189873 3.234531e-18
1.21519 5.281963e-18
1.240506 8.355454e-18
1.265823 1.280453e-17
1.291139 1.906651e-17
1.316456 2.765407e-17
1.341772 3.917036e-17
1.367089 5.432253e-17
1.392405 7.3937e-17
1.417722 9.897586e-17
1.443038 1.305467e-16
1.468354 1.699157e-16
1.493671 2.185655e-16
1.518987 2.783862e-16
1.544304 3.521417e-16
1.56962 4.443619e-16
1.594937 5.627144e-16
1.620253 7.195634e-16
1.64557 9.327152e-16
1.670886 1.223372e-15
1.696203 1.608388e-15
1.721519 2.098284e-15
1.746835 2.792724e-15
1.772152 3.608188e-15
1.797468 4.127625e-15
1.822785 4.237199e-15
1.848101 3.891972e-15
1.873418 2.950591e-15
1.898734 1.855043e-15
1.924051 1.055106e-15
1.949367 8.229169e-16
1.974684 7.408039e-16
2 6.573712e-16
