0.2278481 1
0.2531646 1
0.278481 1
0.3037975 1
0.3291139 1
0.3544304 1
0.3797468 1
0.4050633 1
0.4303797 1
0.4556962 0.9999984
0.4810127 0.9998229
0.5063291 0.996408
0.5316456 0.9192883
0.556962 0.3340365
0.5822785 0.02275411
0.6075949 0.000686523
0.6329114 3.939859e-05
0.6582278 2.177989e-06
0.6835443 1.560427e-07
0.7088608 1.055886e-08
0.7341772 3.626088e-10
0.7594937 1.910847e-11
0.7848101 2.24956e-12
0.8101266 2.663516e-13
0.835443 2.393977e-14
0.8607595 3.056109e-15
0.8860759 7.623468e-16
0.9113924 2.982792e-16
0.9367089 1.132473e-16
0.9620253 3.210955e-17
0.9873418 7.004011e-18
1.012658 1.180666e-18
1.037975 1.51961e-19
1.063291 1.450501e-20
1.088608 9.658478e-22
1.113924 3.873436e-23
1.139241 5.528378e-25
1.164557 9.117348e-30
1.189873 1.793381e-32
1.21519 1.30838e-35
1.240506 3.352947e-39
1.265823 1.87728e-43
1.291139 2.598007e-48
1.316456 3.113834e-50
1.341772 3.786742e-50
1.367089 3.906811e-50
1.392405 3.455342e-50
1.417722 2.648755e-50
1.443038 1.778166e-50
1.468354 1.055381e-50
1.493671 5.584632e-51
1.518987 2.653385e-51
1.544304 1.138357e-51
1.56962 4.428463e-52
1.594937 1.566529e-52
1.620253 5.046266e-53
1.64557 1.480585e-53
1.670886 3.952616e-54
1.696203 9.579787e-55
1.721519 2.100558e-55
1.746835 4.146787e-56
1.772152 7.322805e-57
1.797468 1.146941e-57
1.822785 1.575602e-58
1.848101 1.870561e-59
1.873418 1.881397e-60
1.898734 1.559473e-61
1.924051 1.023084e-62
1.949367 4.981673e-64
1.974684 1.600648e-65
2 2.545506e-67
