0.4810127 1
0.5063291 1
0.5316456 1
0.556962 1
0.5822785 1
0.6075949 1
0.6329114 1
0.6582278 1
0.6835443 1
0.7088608 1
0.7341772 1
0.7594937 1
0.7848101 1
0.8101266 1
0.835443 1
0.8607595 1
0.8860759 1
0.9113924 1
0.9367089 1
0.9620253 1
0.9873418 1
1.012658 1
1.037975 1
1.063291 1
1.088608 1
1.113924 1
1.139241 1
1.164557 1
1.189873 1
1.21519 1
1.240506 1
1.265823 1
1.291139 1
1.316456 1
1.341772 0.9999997
1.367089 0.9997579
1.392405 0.9756453
1.417722 0.646433
1.443038 0.06745387
1.468354 0.001751983
1.493671 6.55255e-05
1.518987 1.041375e-06
1.544304 2.135161e-09
1.56962 1.101293e-12
1.594937 2.483125e-15
1.620253 4.082975e-16
1.64557 9.119994e-18
1.670886 1.890131e-18
1.696203 8.655881e-19
1.721519 3.517747e-19
1.746835 1.239603e-19
1.772152 3.765524e-20
1.797468 9.94935e-21
1.822785 2.32768e-21
1.848101 4.924507e-22
1.873418 9.186834e-23
1.898734 1.367867e-23
1.924051 1.335575e-24
1.949367 6.317672e-26
1.974684 6.262502e-28
2 9.164669e-34
