0.02531646 1
0.05063291 1
0.07594937 1
0.1012658 1
0.1265823 1
0.1518987 1
0.1772152 1
0.2025316 0.9999951
0.2278481 0.9991042
0.2531646 0.9931679
0.278481 0.9821498
0.3037975 0.06160865
0.3291139 0.03208211
0.3544304 0.001646077
0.3797468 0.001603138
0.4050633 0.01207798
0.4303797 0.003634844
0.4556962 0.00258692
0.4810127 0.01003279
0.5063291 0.007546964
0.5316456 0.002123224
0.556962 0.00149947
0.5822785 0.002728815
0.6075949 0.006047778
0.6329114 0.005493274
0.6582278 0.002339395
0.6835443 0.0007030121
0.7088608 0.0004312175
0.7341772 0.001678565
0.7594937 0.004116089
0.7848101 0.002775597
0.8101266 0.0003642607
0.835443 9.383194e-06
0.8607595 5.612249e-07
0.8860759 1.072946e-07
0.9113924 4.490481e-08
0.9367089 4.490058e-08
0.9620253 4.48963e-08
0.9873418 4.488975e-08
1.012658 4.488336e-08
1.037975 4.487433e-08
1.063291 2.189389e-07
1.088608 1.253647e-06
1.113924 1.540703e-06
1.139241 9.261569e-07
1.164557 7.191273e-07
1.189873 1.346945e-06
1.21519 1.184723e-05
1.240506 2.595945e-05
1.265823 2.615279e-05
1.291139 7.035172e-06
1.316456 2.099414e-07
1.341772 2.938946e-09
1.367089 1.100247e-09
1.392405 4.97971e-10
1.417722 4.401143e-10
1.443038 4.401144e-10
1.468354 4.401144e-10
1.493671 1.201031e-09
1.518987 1.615773e-09
1.544304 4.55284e-10
1.56962 2.592484e-10
1.594937 4.120955e-10
1.620253 1.355026e-10
1.64557 1.417246e-11
1.670886 6.337515e-13
1.696203 1.298805e-13
1.721519 4.720442e-14
1.746835 1.830607e-14
1.772152 1.020621e-14
1.797468 7.725531e-15
1.822785 6.621816e-15
1.848101 6.333421e-15
1.873418 6.529314e-15
1.898734 7.070727e-15
1.924051 8.352853e-15
1.949367 1.415414e-14
1.974684 5.533677e-14
2 2.447389e-13
