0.5316456 1
0.556962 1
0.5822785 1
0.6075949 1
0.6329114 1
0.6582278 1
0.6835443 1
0.7088608 1
0.7341772 1
0.7594937 1
0.7848101 1
0.8101266 1
0.835443 1
0.8607595 1
0.8860759 1
0.9113924 1
0.9367089 1
0.9620253 1
0.9873418 1
1.012658 1
1.037975 1
1.063291 1
1.088608 1
1.113924 1
1.139241 1
1.164557 1
1.189873 1
1.21519 1
1.240506 1
1.265823 1
1.291139 1
1.316456 1
1.341772 0.9999999
1.367089 0.9999529
1.392405 0.9966871
1.417722 0.9268158
1.443038 0.3813688
1.468354 0.02854297
1.493671 0.0004674157
1.518987 2.432621e-06
1.544304 1.226592e-08
1.56962 3.301926e-11
1.594937 2.487249e-14
1.620253 5.604157e-16
1.64557 6.097998e-17
1.670886 2.083763e-17
1.696203 5.362874e-18
1.721519 1.335858e-18
1.746835 3.718204e-19
1.772152 1.172895e-19
1.797468 3.869763e-20
1.822785 1.235922e-20
1.848101 3.698454e-21
1.873418 1.014105e-21
1.898734 2.532694e-22
1.924051 5.795646e-23
1.949367 1.182328e-23
1.974684 2.067037e-24
2 2.73094e-25
