0.4050633 1
0.4303797 1
0.4556962 1
0.4810127 1
0.5063291 1
0.5316456 1
0.556962 1
0.5822785 1
0.6075949 1
0.6329114 1
0.6582278 1
0.6835443 1
0.7088608 1
0.7341772 1
0.7594937 1
0.7848101 1
0.8101266 1
0.835443 1
0.8607595 1
0.8860759 1
0.9113924 1
0.9367089 1
0.9620253 1
0.9873418 1
1.012658 1
1.037975 1
1.063291 1
1.088608 1
1.113924 1
1.139241 1
1.164557 1
1.189873 1
1.21519 1
1.240506 1
1.265823 1
1.291139 1
1.316456 1
1.341772 0.9999997
1.367089 0.9999545
1.392405 0.992118
1.417722 0.8066087
1.443038 0.1591119
1.468354 0.003252933
1.493671 9.55219e-05
1.518987 2.232728e-06
1.544304 1.445837e-08
1.56962 1.392603e-11
1.594937 5.951473e-15
1.620253 1.463754e-16
1.64557 1.455278e-19
1.670886 5.844948e-20
1.696203 2.355851e-20
1.721519 6.924876e-21
1.746835 1.290811e-21
1.772152 1.105431e-22
1.797468 3.62784e-25
1.822785 9.164175e-66
1.848101 1.734844e-65
1.873418 2.713036e-65
1.898734 3.401748e-65
1.924051 3.279837e-65
1.949367 2.279085e-65
1.974684 1.014758e-65
2 2.171992e-66
