0.278481 1
0.3037975 1
0.3291139 1
0.3544304 1
0.3797468 1
0.4050633 1
0.4303797 1
0.4556962 1
0.4810127 0.9999697
0.5063291 0.9929823
0.5316456 0.7876684
0.556962 0.07985777
0.5822785 0.0058891
0.6075949 0.0008963462
0.6329114 4.423269e-05
0.6582278 2.914608e-06
0.6835443 2.822022e-07
0.7088608 1.719903e-08
0.7341772 6.831194e-10
0.7594937 3.485036e-11
0.7848101 3.496796e-12
0.8101266 3.427795e-13
0.835443 2.931618e-14
0.8607595 3.276982e-15
0.8860759 9.365944e-16
0.9113924 2.766127e-16
0.9367089 6.992555e-17
0.9620253 1.445684e-17
0.9873418 2.365131e-18
1.012658 2.97788e-19
1.037975 2.774434e-20
1.063291 1.819469e-21
1.088608 7.991509e-23
1.113924 2.246601e-24
1.139241 3.827667e-26
1.164557 3.598151e-28
1.189873 1.646549e-30
1.21519 2.894697e-33
1.240506 1.558544e-36
1.265823 2.475197e-40
1.291139 7.551719e-45
1.316456 3.790183e-50
1.341772 1.688451e-55
1.367089 6.02549e-59
1.392405 3.108885e-59
1.417722 1.66967e-59
1.443038 7.89054e-60
1.468354 3.30603e-60
1.493671 1.240214e-60
1.518987 4.198606e-61
1.544304 1.290308e-61
1.56962 3.614293e-62
1.594937 9.250323e-63
1.620253 2.165464e-63
1.64557 4.635944e-64
1.670886 9.06522e-65
1.696203 1.615255e-65
1.721519 2.612857e-66
1.746835 3.817023e-67
1.772152 5.000812e-68
1.797468 5.822973e-69
1.822785 5.956484e-70
1.848101 5.272386e-71
1.873418 3.957775e-72
1.898734 2.450461e-73
1.924051 1.201683e-74
1.949367 4.376604e-76
1.974684 1.052443e-77
2 1.253355e-79
