0.02531646 1
0.05063291 1
0.07594937 1
0.1012658 1
0.1265823 1
0.1518987 1
0.1772152 1
0.2025316 1
0.2278481 0.9999999
0.2531646 0.9999874
0.278481 0.9998887
0.3037975 0.9999801
0.3291139 0.9999918
0.3544304 0.9999917
0.3797468 0.999985
0.4050633 0.9997519
0.4303797 0.9900864
0.4556962 0.9802233
0.4810127 0.9530168
0.5063291 0.9442519
0.5316456 0.9995392
0.556962 0.9982295
0.5822785 0.9660487
0.6075949 0.9386259
0.6329114 0.9419674
0.6582278 0.9731045
0.6835443 0.9854612
0.7088608 0.8903181
0.7341772 0.4769583
0.7594937 0.02488977
0.7848101 0.002651125
0.8101266 0.000215095
0.835443 1.690794e-05
0.8607595 5.223423e-07
0.8860759 1.143686e-06
0.9113924 7.037519e-07
0.9367089 2.871897e-07
0.9620253 1.378806e-08
0.9873418 8.727997e-10
1.012658 1.080376e-09
1.037975 3.715104e-09
1.063291 1.536923e-08
1.088608 8.912837e-09
1.113924 1.619792e-09
1.139241 1.5953e-09
1.164557 1.173599e-09
1.189873 1.182148e-08
1.21519 8.831139e-09
1.240506 2.445618e-09
1.265823 6.796135e-09
1.291139 1.038728e-08
1.316456 1.90422e-08
1.341772 4.173136e-08
1.367089 3.681885e-08
1.392405 2.673818e-09
1.417722 2.673876e-10
1.443038 3.091474e-10
1.468354 1.437658e-10
1.493671 5.834653e-11
1.518987 2.188226e-11
1.544304 5.952254e-12
1.56962 6.858306e-13
1.594937 6.046534e-15
1.620253 7.80416e-16
1.64557 5.062107e-16
1.670886 2.474622e-16
1.696203 9.104585e-17
1.721519 3.171645e-17
1.746835 1.137117e-17
1.772152 4.155168e-18
1.797468 1.525318e-18
1.822785 5.594794e-19
1.848101 2.05106e-19
1.873418 7.542533e-20
1.898734 2.797499e-20
1.924051 1.053178e-20
1.949367 4.051787e-21
1.974684 1.603364e-21
2 6.569035e-22
