0.5822785 1
0.6075949 1
0.6329114 1
0.6582278 1
0.6835443 1
0.7088608 1
0.7341772 1
0.7594937 1
0.7848101 1
0.8101266 1
0.835443 1
0.8607595 1
0.8860759 1
0.9113924 1
0.9367089 1
0.9620253 1
0.9873418 1
1.012658 1
1.037975 1
1.063291 1
1.088608 1
1.113924 1
1.139241 1
1.164557 1
1.189873 1
1.21519 1
1.240506 1
1.265823 1
1.291139 1
1.316456 1
1.341772 0.9999542
1.367089 0.9956905
1.392405 0.9225986
1.417722 0.3263489
1.443038 0.02475842
1.468354 0.0004180446
1.493671 3.908265e-06
1.518987 2.533662e-08
1.544304 5.562657e-11
1.56962 9.06604e-14
1.594937 1.112477e-15
1.620253 6.709476e-17
1.64557 2.105898e-17
1.670886 4.713353e-18
1.696203 8.674752e-19
1.721519 1.449779e-19
1.746835 2.586613e-20
1.772152 5.322169e-21
1.797468 1.04599e-21
1.822785 1.429602e-22
1.848101 9.875371e-24
1.873418 2.23568e-25
1.898734 9.728868e-28
1.924051 5.271291e-31
1.949367 6.860568e-34
1.974684 7.521903e-37
2 3.59804e-42
