0.6075949 1
0.6329114 1
0.6582278 1
0.6835443 1
0.7088608 1
0.7341772 1
0.7594937 1
0.7848101 1
0.8101266 1
0.835443 1
0.8607595 1
0.8860759 1
0.9113924 0.9999973
0.9367089 0.999008
0.9620253 0.948081
0.9873418 0.5062109
1.012658 0.02387523
1.037975 0.0007598685
1.063291 3.182995e-05
1.088608 9.546292e-07
1.113924 1.343153e-08
1.139241 2.393556e-10
1.164557 3.381622e-12
1.189873 1.074974e-13
1.21519 4.518565e-15
1.240506 8.801707e-16
1.265823 2.213881e-16
1.291139 4.914355e-17
1.316456 9.233669e-18
1.341772 1.416468e-18
1.367089 1.725006e-19
1.392405 1.629297e-20
1.417722 1.174129e-21
1.443038 6.423277e-23
1.468354 2.699081e-24
1.493671 8.66887e-26
1.518987 1.98431e-27
1.544304 3.009525e-29
1.56962 2.858443e-31
1.594937 1.631941e-33
1.620253 5.543756e-36
1.64557 5.859313e-39
1.670886 5.474286e-42
1.696203 4.164555e-45
1.721519 8.100134e-49
1.746835 2.438707e-53
1.772152 2.016322e-58
1.797468 1.179091e-62
1.822785 5.477908e-67
1.848101 1.992199e-70
1.873418 6.18661e-74
1.898734 9.817378e-76
1.924051 2.409764e-77
1.949367 4.190327e-79
1.974684 5.563791e-81
2 4.896007e-83
