0.5822785 1
0.6075949 1
0.6329114 1
0.6582278 1
0.6835443 1
0.7088608 1
0.7341772 1
0.7594937 1
0.7848101 1
0.8101266 1
0.835443 1
0.8607595 1
0.8860759 0.9999978
0.9113924 0.9991295
0.9367089 0.9521905
0.9620253 0.5316752
0.9873418 0.03278329
1.012658 0.0009312499
1.037975 3.297089e-05
1.063291 1.022121e-06
1.088608 2.422044e-08
1.113924 3.253123e-10
1.139241 4.453164e-12
1.164557 1.546355e-13
1.189873 6.157285e-15
1.21519 9.58442e-16
1.240506 2.231777e-16
1.265823 4.566701e-17
1.291139 7.928172e-18
1.316456 1.127869e-18
1.341772 1.272749e-19
1.367089 1.105082e-20
1.392405 7.156151e-22
1.417722 3.376806e-23
1.443038 1.162141e-24
1.468354 2.970449e-26
1.493671 5.514041e-28
1.518987 6.913773e-30
1.544304 5.484488e-32
1.56962 2.642453e-34
1.594937 8.042737e-37
1.620253 1.450243e-39
1.64557 1.604803e-42
1.670886 3.387298e-46
1.696203 3.045267e-50
1.721519 5.683008e-55
1.746835 2.983283e-60
1.772152 2.007935e-64
1.797468 1.607729e-68
1.822785 1.057206e-71
1.848101 1.18573e-73
1.873418 4.97777e-75
1.898734 1.863782e-76
1.924051 5.47332e-78
1.949367 1.10708e-79
1.974684 1.322261e-81
2 6.9073e-84
