0.4050633 1
0.4303797 1
0.4556962 1
0.4810127 1
0.5063291 1
0.5316456 1
0.556962 1
0.5822785 1
0.6075949 1
0.6329114 1
0.6582278 1
0.6835443 1
0.7088608 1
0.7341772 1
0.7594937 1
0.7848101 1
0.8101266 1
0.835443 1
0.8607595 1
0.8860759 1
0.9113924 1
0.9367089 1
0.9620253 1
0.9873418 1
1.012658 1
1.037975 1
1.063291 1
1.088608 1
1.113924 1
1.139241 1
1.164557 1
1.189873 1
1.21519 1
1.240506 1
1.265823 1
1.291139 1
1.316456 1
1.341772 1
1.367089 0.9999972
1.392405 0.9988643
1.417722 0.9397142
1.443038 0.457328
1.468354 0.01313842
1.493671 0.0002000705
1.518987 9.446471e-07
1.544304 8.176144e-85
1.56962 8.824253e-85
1.594937 1.298917e-84
1.620253 2.960536e-85
1.64557 3.060386e-86
1.670886 2.918978e-117
1.696203 4.873781e-120
1.721519 3.556733e-121
1.746835 1.511598e-122
1.772152 2.907663e-124
1.797468 2.98431e-126
1.822785 2.05061e-128
1.848101 1.186525e-130
1.873418 9.626087e-133
1.898734 7.638958e-135
1.924051 2.839286e-137
1.949367 2.296028e-140
1.974684 5.995218e-145
2 9.994016e-155
