0.7088608 1
0.7341772 1
0.7594937 1
0.7848101 1
0.8101266 1
0.835443 1
0.8607595 1
0.8860759 1
0.9113924 1
0.9367089 1
0.9620253 1
0.9873418 1
1.012658 1
1.037975 1
1.063291 1
1.088608 1
1.113924 0.9999991
1.139241 0.9996101
1.164557 0.9723546
1.189873 0.6364768
1.21519 0.04302203
1.240506 0.0008787356
1.265823 2.432987e-05
1.291139 4.054778e-07
1.316456 1.114574e-08
1.341772 1.161738e-10
1.367089 2.117548e-12
1.392405 1.238717e-13
1.417722 7.536168e-15
1.443038 1.156366e-15
1.468354 2.722675e-16
1.493671 5.206528e-17
1.518987 8.013933e-18
1.544304 9.041669e-19
1.56962 7.816093e-20
1.594937 7.035503e-21
1.620253 8.271516e-22
1.64557 9.069791e-23
1.670886 7.26208e-24
1.696203 3.950114e-25
1.721519 1.27935e-26
1.746835 2.055647e-28
1.772152 1.316763e-30
1.797468 2.627596e-33
1.822785 1.223388e-36
1.848101 7.869813e-41
1.873418 2.569744e-46
1.898734 8.3251e-52
1.924051 3.071308e-54
1.949367 1.128591e-57
1.974684 1.556765e-63
2 3.847887e-77
