0.02531646 1
0.05063291 1
0.07594937 1
0.1012658 1
0.1265823 1
0.1518987 1
0.1772152 1
0.2025316 0.9999852
0.2278481 0.9978402
0.2531646 0.9343606
0.278481 0.3431807
0.3037975 0.005412665
0.3291139 0.001016461
0.3544304 0.0001044129
0.3797468 5.048458e-05
0.4050633 1.924858e-05
0.4303797 1.539539e-05
0.4556962 2.472562e-05
0.4810127 3.384967e-05
0.5063291 0.0002037722
0.5316456 0.003420553
0.556962 0.005349242
0.5822785 0.004815809
0.6075949 0.0018396
0.6329114 0.0003801806
0.6582278 4.563821e-05
0.6835443 2.379829e-06
0.7088608 1.262272e-06
0.7341772 1.262272e-06
0.7594937 1.262272e-06
0.7848101 1.262272e-06
0.8101266 1.262272e-06
0.835443 1.889581e-06
0.8607595 2.573212e-06
0.8860759 2.971597e-06
0.9113924 1.008409e-05
0.9367089 0.0001356436
0.9620253 0.0001468199
0.9873418 8.699753e-05
1.012658 0.0002549562
1.037975 0.001664585
1.063291 0.002281083
1.088608 0.001361
1.113924 0.0001261225
1.139241 2.116255e-06
1.164557 3.108881e-07
1.189873 4.437528e-07
1.21519 4.835689e-07
1.240506 8.834156e-07
1.265823 1.171072e-05
1.291139 0.0001893297
1.316456 0.000598891
1.341772 0.0008330478
1.367089 0.0004556865
1.392405 9.164595e-05
1.417722 6.953048e-06
1.443038 1.030953e-06
1.468354 2.892905e-07
1.493671 2.002078e-07
1.518987 4.784871e-07
1.544304 2.869985e-06
1.56962 1.411338e-05
1.594937 9.156296e-05
1.620253 0.0002513341
1.64557 0.0001527193
1.670886 6.091283e-05
1.696203 8.693809e-06
1.721519 9.061163e-07
1.746835 9.038484e-07
1.772152 1.259937e-06
1.797468 1.818328e-06
1.822785 1.454662e-06
1.848101 6.664655e-07
1.873418 1.115401e-07
1.898734 5.607521e-09
1.924051 4.729759e-10
1.949367 8.185802e-10
1.974684 6.95166e-09
2 5.178565e-08
