0.05063291 1
0.07594937 1
0.1012658 1
0.1265823 1
0.1518987 1
0.1772152 1
0.2025316 1
0.2278481 1
0.2531646 0.999999
0.278481 0.9993612
0.3037975 0.9525692
0.3291139 0.4815577
0.3544304 0.02755634
0.3797468 0.003104079
0.4050633 0.000191157
0.4303797 1.089911e-05
0.4556962 8.846202e-07
0.4810127 8.710779e-08
0.5063291 5.366003e-09
0.5316456 1.016316e-09
0.556962 3.390355e-10
0.5822785 8.927176e-11
0.6075949 1.870975e-11
0.6329114 3.08878e-12
0.6582278 4.170841e-13
0.6835443 5.511305e-14
0.7088608 1.117373e-14
0.7341772 4.58418e-15
0.7594937 2.639215e-15
0.7848101 1.561511e-15
0.8101266 8.683932e-16
0.835443 4.533164e-16
0.8607595 2.19964e-16
0.8860759 9.800931e-17
0.9113924 3.978271e-17
0.9367089 1.472717e-17
0.9620253 5.043711e-18
0.9873418 1.641256e-18
1.012658 5.20086e-19
1.037975 1.600228e-19
1.063291 4.603795e-20
1.088608 1.177852e-20
1.113924 2.573829e-21
1.139241 4.676734e-22
1.164557 6.92154e-23
1.189873 8.165955e-24
1.21519 7.497262e-25
1.240506 5.213849e-26
1.265823 2.663678e-27
1.291139 9.644873e-29
1.316456 2.389817e-30
1.341772 7.743687e-32
1.367089 4.67984e-32
1.392405 4.835551e-32
1.417722 4.724772e-32
1.443038 4.341489e-32
1.468354 3.750353e-32
1.493671 3.043783e-32
1.518987 2.318761e-32
1.544304 1.655901e-32
1.56962 1.106646e-32
1.594937 6.906319e-33
1.620253 4.014193e-33
1.64557 2.166055e-33
1.670886 1.080896e-33
1.696203 4.965133e-34
1.721519 2.087858e-34
1.746835 7.98347e-35
1.772152 2.753478e-35
1.797468 8.481012e-36
1.822785 2.304079e-36
1.848101 5.434448e-37
1.873418 1.089919e-37
1.898734 1.806639e-38
1.924051 2.375282e-39
1.949367 2.321247e-40
1.974684 1.498053e-41
2 4.785726e-43
