0.1772152 1
0.2025316 1
0.2278481 1
0.2531646 1
0.278481 1
0.3037975 1
0.3291139 1
0.3544304 1
0.3797468 1
0.4050633 1
0.4303797 1
0.4556962 1
0.4810127 1
0.5063291 1
0.5316456 1
0.556962 1
0.5822785 0.9999996
0.6075949 0.9999916
0.6329114 0.9998848
0.6582278 0.9980358
0.6835443 0.9045087
0.7088608 0.257635
0.7341772 0.01469929
0.7594937 0.0001538071
0.7848101 2.582305e-07
0.8101266 1.207522e-10
0.835443 3.916506e-11
0.8607595 4.465371e-11
0.8860759 2.768064e-11
0.9113924 7.442152e-12
0.9367089 7.056309e-13
0.9620253 2.065353e-14
0.9873418 1.321448e-15
1.012658 5.953865e-16
1.037975 4.505263e-16
1.063291 3.025238e-16
1.088608 1.846605e-16
1.113924 1.032535e-16
1.139241 5.285199e-17
1.164557 2.461734e-17
1.189873 1.03317e-17
1.21519 3.85468e-18
1.240506 1.255061e-18
1.265823 3.471424e-19
1.291139 7.802396e-20
1.316456 1.309811e-20
1.341772 1.3535e-21
1.367089 3.818552e-23
1.392405 1.344609e-43
1.417722 3.622713e-43
1.443038 7.076206e-43
1.468354 1.067251e-42
1.493671 1.293314e-42
1.518987 1.292534e-42
1.544304 1.085387e-42
1.56962 7.767709e-43
1.594937 4.79101e-43
1.620253 2.569566e-43
1.64557 1.206738e-43
1.670886 4.987691e-44
1.696203 1.820204e-44
1.721519 5.872668e-45
1.746835 1.67386e-45
1.772152 4.202228e-46
1.797468 9.241275e-47
1.822785 1.765155e-47
1.848101 2.892493e-48
1.873418 3.99537e-49
1.898734 4.535074e-50
1.924051 4.07076e-51
1.949367 2.714677e-52
1.974684 1.197757e-53
2 2.62675e-55
