0.4050633 1
0.4303797 1
0.4556962 1
0.4810127 1
0.5063291 1
0.5316456 1
0.556962 1
0.5822785 1
0.6075949 1
0.6329114 1
0.6582278 1
0.6835443 1
0.7088608 1
0.7341772 1
0.7594937 1
0.7848101 1
0.8101266 1
0.835443 1
0.8607595 1
0.8860759 1
0.9113924 1
0.9367089 1
0.9620253 1
0.9873418 1
1.012658 1
1.037975 1
1.063291 1
1.088608 1
1.113924 1
1.139241 1
1.164557 1
1.189873 1
1.21519 1
1.240506 1
1.265823 1
1.291139 1
1.316456 1
1.341772 0.9999978
1.367089 0.9995185
1.392405 0.9895137
1.417722 0.7933719
1.443038 0.1837568
1.468354 0.0115093
1.493671 0.0001920246
1.518987 7.70121e-07
1.544304 7.245382e-10
1.56962 1.860874e-13
1.594937 4.413003e-17
1.620253 2.367537e-19
1.64557 8.646503e-20
1.670886 2.172735e-20
1.696203 2.32402e-21
1.721519 2.930781e-39
1.746835 1.900726e-102
1.772152 2.210721e-113
1.797468 3.471648e-115
1.822785 2.26097e-117
1.848101 6.311404e-120
1.873418 6.323724e-122
1.898734 1.369007e-122
1.924051 2.805712e-123
1.949367 4.04996e-124
1.974684 2.997611e-125
2 3.806752e-127
