0.02531646 1
0.05063291 1
0.07594937 1
0.1012658 1
0.1265823 1
0.1518987 1
0.1772152 1
0.2025316 0.9999901
0.2278481 0.9977389
0.2531646 0.9055061
0.278481 0.05723947
0.3037975 0.008808994
0.3291139 0.0005476825
0.3544304 8.442527e-05
0.3797468 1.720417e-06
0.4050633 1.304936e-07
0.4303797 4.741116e-09
0.4556962 4.403155e-10
0.4810127 1.622121e-10
0.5063291 8.537589e-11
0.5316456 3.485436e-11
0.556962 1.089267e-11
0.5822785 2.631223e-12
0.6075949 6.08584e-13
0.6329114 7.919889e-12
0.6582278 4.337675e-10
0.6835443 9.044214e-09
0.7088608 5.591994e-08
0.7341772 1.15479e-07
0.7594937 9.520186e-08
0.7848101 6.519443e-08
0.8101266 1.691287e-07
0.835443 9.918971e-07
0.8607595 1.987283e-05
0.8860759 5.061998e-05
0.9113924 4.563557e-05
0.9367089 0.0001225047
0.9620253 0.000384621
0.9873418 0.0003919994
1.012658 0.0003412498
1.037975 0.0001952836
1.063291 8.757065e-05
1.088608 3.164393e-05
1.113924 8.749089e-06
1.139241 1.149685e-06
1.164557 2.834045e-06
1.189873 2.284401e-05
1.21519 0.000161958
1.240506 0.0003002118
1.265823 0.0003002118
1.291139 0.0003002118
1.316456 0.0001672439
1.341772 3.155814e-05
1.367089 1.731536e-06
1.392405 7.862396e-07
1.417722 9.008388e-06
1.443038 0.000122431
1.468354 0.0004524646
1.493671 0.0004682543
1.518987 0.0003222044
1.544304 7.586989e-05
1.56962 5.073268e-06
1.594937 4.841509e-07
1.620253 4.727769e-06
1.64557 7.386349e-05
1.670886 0.0003840067
1.696203 0.0004513231
1.721519 0.0003490752
1.746835 0.0001305789
1.772152 7.955733e-05
1.797468 4.385243e-05
1.822785 1.086895e-05
1.848101 8.894454e-07
1.873418 7.785888e-08
1.898734 7.786266e-08
1.924051 7.786641e-08
1.949367 7.787018e-08
1.974684 3.274939e-07
2 2.679983e-07
