0.07594937 1
0.1012658 1
0.1265823 1
0.1518987 1
0.1772152 1
0.2025316 1
0.2278481 1
0.2531646 1
0.278481 1
0.3037975 1
0.3291139 1
0.3544304 1
0.3797468 1
0.4050633 1
0.4303797 1
0.4556962 1
0.4810127 0.9999997
0.5063291 0.9999847
0.5316456 0.9975969
0.556962 0.9136884
0.5822785 0.383003
0.6075949 0.01594664
0.6329114 0.0004910254
0.6582278 2.165623e-05
0.6835443 1.619533e-06
0.7088608 2.905524e-07
0.7341772 4.542152e-08
0.7594937 3.643742e-09
0.7848101 2.477384e-10
0.8101266 1.499778e-11
0.835443 4.234831e-12
0.8607595 2.538922e-12
0.8860759 5.742759e-13
0.9113924 6.9282e-14
0.9367089 1.128682e-14
0.9620253 2.899815e-15
0.9873418 1.233128e-15
1.012658 4.575395e-16
1.037975 1.451846e-16
1.063291 5.188889e-17
1.088608 2.567888e-17
1.113924 1.341315e-17
1.139241 6.232324e-18
1.164557 2.522087e-18
1.189873 8.709778e-19
1.21519 2.501567e-19
1.240506 5.770634e-20
1.265823 1.015709e-20
1.291139 1.26048e-21
1.316456 9.69182e-23
1.341772 3.593534e-24
1.367089 2.922728e-26
1.392405 1.970039e-31
1.417722 2.861793e-37
1.443038 1.238582e-37
1.468354 4.48744e-38
1.493671 1.349217e-38
1.518987 3.346563e-39
1.544304 6.832498e-40
1.56962 1.153179e-40
1.594937 1.646237e-41
1.620253 2.165682e-42
1.64557 3.29525e-43
1.670886 7.159495e-44
1.696203 1.909678e-44
1.721519 4.976105e-45
1.746835 1.154585e-45
1.772152 2.320157e-46
1.797468 3.987993e-47
1.822785 5.799071e-48
1.848101 7.040216e-49
1.873418 7.013402e-50
1.898734 5.598968e-51
1.924051 3.460058e-52
1.949367 1.564586e-53
1.974684 4.648001e-55
2 6.876664e-57
