0.4050633 1
0.4303797 1
0.4556962 1
0.4810127 1
0.5063291 1
0.5316456 1
0.556962 1
0.5822785 1
0.6075949 0.9999999
0.6329114 0.9999913
0.6582278 0.9996515
0.6835443 0.9893708
0.7088608 0.8078526
0.7341772 0.0796963
0.7594937 0.0009942767
0.7848101 4.301395e-05
0.8101266 4.160396e-06
0.835443 1.799139e-07
0.8607595 3.353392e-09
0.8860759 6.593631e-11
0.9113924 3.06736e-12
0.9367089 3.087304e-13
0.9620253 2.281278e-14
0.9873418 2.291644e-15
1.012658 5.641727e-16
1.037975 1.19201e-16
1.063291 1.962719e-17
1.088608 2.463967e-18
1.113924 2.296759e-19
1.139241 1.532323e-20
1.164557 6.964442e-22
1.189873 2.013701e-23
1.21519 3.341497e-25
1.240506 2.774721e-27
1.265823 9.509933e-30
1.291139 1.130301e-32
1.316456 3.64227e-36
1.341772 2.303545e-40
1.367089 2.712589e-45
1.392405 4.016987e-51
1.417722 2.760243e-57
1.443038 5.817568e-63
1.468354 1.581821e-65
1.493671 6.743609e-67
1.518987 2.896177e-68
1.544304 1.303545e-69
1.56962 6.173265e-71
1.594937 2.996949e-72
1.620253 1.464821e-73
1.64557 7.199246e-75
1.670886 3.582533e-76
1.696203 1.824599e-77
1.721519 9.621526e-79
1.746835 5.263985e-80
1.772152 2.935637e-81
1.797468 1.615325e-82
1.822785 8.478151e-84
1.848101 4.120475e-85
1.873418 1.799888e-86
1.898734 6.812533e-88
1.924051 2.126303e-89
1.949367 5.088633e-91
1.974684 8.243879e-93
2 6.746461e-95
