0.3291139 1
0.3544304 1
0.3797468 1
0.4050633 1
0.4303797 1
0.4556962 1
0.4810127 1
0.5063291 1
0.5316456 0.9999998
0.556962 0.999764
0.5822785 0.9741569
0.6075949 0.6172166
0.6329114 0.03971416
0.6582278 0.002832352
0.6835443 0.0003175216
0.7088608 5.379821e-05
0.7341772 2.391662e-06
0.7594937 1.099774e-07
0.7848101 5.706377e-09
0.8101266 2.012305e-10
0.835443 9.181289e-12
0.8607595 5.535225e-13
0.8860759 3.764489e-14
0.9113924 4.210641e-15
0.9367089 1.140388e-15
0.9620253 3.213359e-16
0.9873418 7.273663e-17
1.012658 1.303967e-17
1.037975 1.814588e-18
1.063291 1.912063e-19
1.088608 1.475573e-20
1.113924 7.980057e-22
1.139241 2.834017e-23
1.164557 6.02884e-25
1.189873 6.876376e-27
1.21519 3.673341e-29
1.240506 8.164527e-32
1.265823 5.794357e-35
1.291139 9.805521e-39
1.316456 3.540787e-43
1.341772 1.532224e-48
1.367089 1.793384e-54
1.392405 4.796747e-60
1.417722 2.466838e-63
1.443038 3.569703e-65
1.468354 1.247542e-66
1.493671 4.654835e-68
1.518987 1.807894e-69
1.544304 7.330293e-71
1.56962 3.161748e-72
1.594937 1.610537e-73
1.620253 1.190641e-74
1.64557 1.369721e-75
1.670886 1.99367e-76
1.696203 3.024976e-77
1.721519 4.394037e-78
1.746835 5.904492e-79
1.772152 7.206997e-80
1.797468 7.878546e-81
1.822785 7.604273e-82
1.848101 6.373195e-83
1.873418 4.541452e-84
1.898734 2.674516e-85
1.924051 1.249538e-86
1.949367 4.34197e-88
1.974684 9.975568e-90
2 1.136617e-91
