0.3797468 1
0.4050633 1
0.4303797 1
0.4556962 1
0.4810127 1
0.5063291 1
0.5316456 1
0.556962 1
0.5822785 0.9999995
0.6075949 0.9995987
0.6329114 0.9653403
0.6582278 0.5709465
0.6835443 0.03608909
0.7088608 0.004173841
0.7341772 0.0001181064
0.7594937 5.202278e-06
0.7848101 6.187187e-07
0.8101266 5.627233e-08
0.835443 1.359574e-09
0.8607595 3.620735e-11
0.8860759 2.02657e-12
0.9113924 1.504178e-13
0.9367089 1.326601e-14
0.9620253 1.935611e-15
0.9873418 5.118904e-16
1.012658 1.123775e-16
1.037975 1.942381e-17
1.063291 2.589489e-18
1.088608 2.591776e-19
1.113924 1.879114e-20
1.139241 9.449431e-22
1.164557 3.102388e-23
1.189873 6.049767e-25
1.21519 6.158431e-27
1.240506 2.744986e-29
1.265823 4.644668e-32
1.291139 2.348516e-35
1.316456 2.52415e-39
1.341772 5.268254e-44
1.367089 1.273285e-49
1.392405 9.674981e-56
1.417722 2.017157e-61
1.443038 1.393573e-64
1.468354 4.842007e-66
1.493671 1.959812e-67
1.518987 8.177295e-69
1.544304 3.578005e-70
1.56962 1.612189e-71
1.594937 7.36166e-73
1.620253 3.411659e-74
1.64557 1.621943e-75
1.670886 7.993571e-77
1.696203 4.099199e-78
1.721519 2.173022e-79
1.746835 1.171743e-80
1.772152 6.284551e-82
1.797468 3.274145e-83
1.822785 1.623493e-84
1.848101 7.530042e-86
1.873418 3.200479e-87
1.898734 1.207429e-88
1.924051 3.846651e-90
1.949367 9.586151e-92
1.974684 1.641841e-93
2 1.435866e-95
