0.05063291 1
0.07594937 1
0.1012658 1
0.1265823 1
0.1518987 1
0.1772152 1
0.2025316 1
0.2278481 1
0.2531646 0.9999999
0.278481 0.9999868
0.3037975 0.9992777
0.3291139 0.9714904
0.3544304 0.6127599
0.3797468 0.02085664
0.4050633 0.0005181464
0.4303797 1.695298e-05
0.4556962 6.859859e-07
0.4810127 8.859847e-08
0.5063291 2.041884e-08
0.5316456 3.73524e-09
0.556962 5.717139e-10
0.5822785 1.57371e-10
0.6075949 4.060077e-11
0.6329114 7.5307e-12
0.6582278 1.098304e-12
0.6835443 1.448175e-13
0.7088608 2.418792e-14
0.7341772 7.13765e-15
0.7594937 3.524437e-15
0.7848101 2.073696e-15
0.8101266 1.180644e-15
0.835443 6.339306e-16
0.8607595 3.185396e-16
0.8860759 1.479261e-16
0.9113924 6.291567e-17
0.9367089 2.451486e-17
0.9620253 8.879149e-18
0.9873418 3.075108e-18
1.012658 1.046437e-18
1.037975 3.496264e-19
1.063291 1.104569e-19
1.088608 3.133357e-20
1.113924 7.649338e-21
1.139241 1.561497e-21
1.164557 2.606022e-22
1.189873 3.472634e-23
1.21519 3.595809e-24
1.240506 2.804116e-25
1.265823 1.588104e-26
1.291139 6.256968e-28
1.316456 1.623758e-29
1.341772 2.545622e-31
1.367089 2.562243e-33
1.392405 6.721924e-34
1.417722 6.42278e-34
1.443038 5.785247e-34
1.468354 4.895825e-34
1.493671 3.890245e-34
1.518987 2.899791e-34
1.544304 2.024965e-34
1.56962 1.322401e-34
1.594937 8.058021e-35
1.620253 4.568867e-35
1.64557 2.402397e-35
1.670886 1.166789e-35
1.696203 5.209251e-36
1.721519 2.125806e-36
1.746835 7.875668e-37
1.772152 2.627319e-37
1.797468 7.813826e-38
1.822785 2.046239e-38
1.848101 4.64461e-39
1.873418 8.951078e-40
1.898734 1.423908e-40
1.924051 1.794817e-41
1.949367 1.680517e-42
1.974684 1.03893e-43
2 3.180593e-45
