0.3544304 1
0.3797468 1
0.4050633 1
0.4303797 1
0.4556962 1
0.4810127 1
0.5063291 1
0.5316456 1
0.556962 0.9999993
0.5822785 0.9999638
0.6075949 0.9974382
0.6329114 0.9189438
0.6582278 0.3938409
0.6835443 0.006271819
0.7088608 0.0001425209
0.7341772 9.668678e-06
0.7594937 8.230631e-07
0.7848101 2.126521e-08
0.8101266 8.799788e-10
0.835443 3.091276e-11
0.8607595 1.807516e-12
0.8860759 1.142031e-13
0.9113924 9.621825e-15
0.9367089 1.779978e-15
0.9620253 5.230964e-16
0.9873418 1.243157e-16
1.012658 2.349712e-17
1.037975 3.467755e-18
1.063291 3.894992e-19
1.088608 3.223927e-20
1.113924 1.890511e-21
1.139241 7.42515e-23
1.164557 1.793541e-24
1.189873 2.382128e-26
1.21519 1.508745e-28
1.240506 4.016261e-31
1.265823 3.674195e-34
1.291139 8.184242e-38
1.316456 4.00775e-42
1.341772 2.642891e-47
1.367089 2.895056e-53
1.392405 5.473869e-59
1.417722 3.626055e-63
1.443038 5.087504e-65
1.468354 1.794757e-66
1.493671 6.86587e-68
1.518987 2.728669e-69
1.544304 1.12652e-70
1.56962 4.777715e-72
1.594937 2.105462e-73
1.620253 1.001395e-74
1.64557 5.438536e-76
1.670886 3.552228e-77
1.696203 2.803427e-78
1.721519 2.526442e-79
1.746835 2.402975e-80
1.772152 2.260441e-81
1.797468 2.009765e-82
1.822785 1.634167e-83
1.848101 1.181901e-84
1.873418 7.394447e-86
1.898734 3.873814e-87
1.924051 1.627144e-88
1.949367 5.129765e-90
1.974684 1.0781e-91
2 1.132416e-93
