0.6835443 1
0.7088608 1
0.7341772 1
0.7594937 1
0.7848101 1
0.8101266 1
0.835443 1
0.8607595 1
0.8860759 1
0.9113924 1
0.9367089 1
0.9620253 1
0.9873418 1
1.012658 1
1.037975 1
1.063291 1
1.088608 1
1.113924 1
1.139241 1
1.164557 1
1.189873 1
1.21519 1
1.240506 1
1.265823 1
1.291139 0.9999899
1.316456 0.9970327
1.341772 0.8924465
1.367089 0.3182493
1.392405 0.01077887
1.417722 0.0003792568
1.443038 1.324767e-05
1.468354 1.111937e-07
1.493671 5.342226e-10
1.518987 2.102876e-12
1.544304 1.611998e-14
1.56962 7.731649e-16
1.594937 6.477208e-17
1.620253 6.99008e-18
1.64557 1.640317e-18
1.670886 3.08367e-19
1.696203 5.554709e-20
1.721519 9.708388e-21
1.746835 1.40643e-21
1.772152 1.374482e-22
1.797468 7.321499e-24
1.822785 1.666002e-25
1.848101 1.21784e-27
1.873418 2.004857e-30
1.898734 4.208904e-34
1.924051 3.989193e-39
1.949367 2.002538e-45
1.974684 5.618691e-47
2 2.727351e-50
