0.02531646 1
0.05063291 1
0.07594937 1
0.1012658 1
0.1265823 1
0.1518987 1
0.1772152 1
0.2025316 1
0.2278481 1
0.2531646 0.9999999
0.278481 1
0.3037975 1
0.3291139 1
0.3544304 0.9999969
0.3797468 0.9994125
0.4050633 0.9993697
0.4303797 0.9999566
0.4556962 0.9999996
0.4810127 0.9999991
0.5063291 0.9885319
0.5316456 0.9715195
0.556962 0.9842096
0.5822785 0.9979173
0.6075949 0.9999392
0.6329114 0.9999872
0.6582278 0.9999603
0.6835443 0.9977653
0.7088608 0.8928487
0.7341772 0.2966544
0.7594937 0.004668548
0.7848101 0.0001596877
0.8101266 6.41334e-07
0.835443 1.531532e-08
0.8607595 3.395193e-08
0.8860759 1.147798e-08
0.9113924 3.575651e-09
0.9367089 9.471779e-10
0.9620253 1.071527e-08
0.9873418 6.600512e-08
1.012658 1.137635e-07
1.037975 1.70492e-07
1.063291 1.317493e-07
1.088608 1.965677e-08
1.113924 1.017962e-08
1.139241 3.003897e-09
1.164557 1.619589e-09
1.189873 1.182068e-09
1.21519 2.909586e-10
1.240506 1.310616e-10
1.265823 1.301987e-10
1.291139 1.406588e-10
1.316456 1.520552e-10
1.341772 1.617706e-10
1.367089 3.384467e-10
1.392405 5.805377e-10
1.417722 6.683662e-10
1.443038 6.243811e-10
1.468354 3.649484e-10
1.493671 1.592457e-10
1.518987 7.252608e-11
1.544304 3.382804e-11
1.56962 1.217146e-11
1.594937 2.657114e-12
1.620253 3.201678e-13
1.64557 5.313814e-14
1.670886 4.644588e-14
1.696203 1.482372e-13
1.721519 8.511635e-13
1.746835 5.378128e-12
1.772152 2.96709e-11
1.797468 1.125801e-10
1.822785 2.792155e-10
1.848101 5.310608e-10
1.873418 1.269114e-09
1.898734 7.642569e-09
1.924051 3.25797e-08
1.949367 5.501446e-08
1.974684 6.480721e-08
2 3.127886e-08
