0.3291139 1
0.3544304 1
0.3797468 1
0.4050633 1
0.4303797 1
0.4556962 1
0.4810127 1
0.5063291 1
0.5316456 0.9999982
0.556962 0.999949
0.5822785 0.997752
0.6075949 0.9197061
0.6329114 0.3443077
0.6582278 0.007527643
0.6835443 0.0001827537
0.7088608 1.243703e-05
0.7341772 8.780133e-07
0.7594937 2.231331e-08
0.7848101 1.001648e-09
0.8101266 3.741887e-11
0.835443 2.168712e-12
0.8607595 1.414534e-13
0.8860759 1.204572e-14
0.9113924 2.104804e-15
0.9367089 6.573508e-16
0.9620253 1.737425e-16
0.9873418 3.701045e-17
1.012658 6.196637e-18
1.037975 8.003508e-19
1.063291 7.783512e-20
1.088608 5.489093e-21
1.113924 2.660315e-22
1.139241 8.22549e-24
1.164557 1.480663e-25
1.189873 1.393751e-27
1.21519 6.101305e-30
1.240506 1.066614e-32
1.265823 5.43059e-36
1.291139 6.734117e-40
1.316456 1.584244e-44
1.341772 4.432352e-50
1.367089 7.17096e-56
1.392405 4.267184e-61
1.417722 1.7167e-63
1.443038 2.312684e-65
1.468354 7.942122e-67
1.493671 2.931437e-68
1.518987 1.320251e-69
1.544304 1.145093e-70
1.56962 2.102827e-71
1.594937 4.765684e-72
1.620253 1.044724e-72
1.64557 2.113313e-73
1.670886 3.908493e-74
1.696203 6.584388e-75
1.721519 1.006529e-75
1.746835 1.389091e-76
1.772152 1.719035e-77
1.797468 1.890857e-78
1.822785 1.827654e-79
1.848101 1.529358e-80
1.873418 1.086045e-81
1.898734 6.366839e-83
1.924051 2.959509e-84
1.949367 1.023023e-85
1.974684 2.338417e-87
2 2.651696e-89
