0.02531646 1
0.05063291 1
0.07594937 1
0.1012658 1
0.1265823 1
0.1518987 1
0.1772152 1
0.2025316 1
0.2278481 1
0.2531646 1
0.278481 1
0.3037975 1
0.3291139 0.9999999
0.3544304 0.9999999
0.3797468 0.9999934
0.4050633 0.999551
0.4303797 0.9999808
0.4556962 0.9999926
0.4810127 0.9994258
0.5063291 0.999623
0.5316456 0.9999811
0.556962 0.9999803
0.5822785 0.9995681
0.6075949 0.9950474
0.6329114 0.9959128
0.6582278 0.9985815
0.6835443 0.9977073
0.7088608 0.8834672
0.7341772 0.2078733
0.7594937 0.02589461
0.7848101 0.0141524
0.8101266 0.0002417002
0.835443 5.416794e-06
0.8607595 1.719268e-06
0.8860759 1.271789e-05
0.9113924 2.964288e-05
0.9367089 3.421722e-06
0.9620253 9.963792e-07
0.9873418 1.136412e-05
1.012658 2.61593e-05
1.037975 3.45569e-05
1.063291 6.891176e-06
1.088608 1.292949e-07
1.113924 7.964002e-08
1.139241 6.238325e-07
1.164557 2.479782e-06
1.189873 7.937795e-06
1.21519 2.131125e-07
1.240506 1.047966e-08
1.265823 4.1985e-09
1.291139 1.914823e-09
1.316456 1.879935e-09
1.341772 2.531517e-09
1.367089 2.201674e-09
1.392405 7.054786e-10
1.417722 4.708322e-11
1.443038 4.986847e-13
1.468354 8.526324e-16
1.493671 1.859923e-16
1.518987 2.926742e-17
1.544304 5.212154e-18
1.56962 7.419328e-19
1.594937 8.651735e-20
1.620253 9.760374e-21
1.64557 1.193197e-21
1.670886 1.626768e-22
1.696203 2.478605e-23
1.721519 4.124767e-24
1.746835 7.055568e-25
1.772152 1.163299e-25
1.797468 1.772832e-26
1.822785 2.444804e-27
1.848101 3.024055e-28
1.873418 3.350306e-29
1.898734 3.338907e-30
1.924051 3.021428e-31
1.949367 2.518082e-32
1.974684 1.954e-33
2 1.3432e-34
