0.5822785 1
0.6075949 1
0.6329114 1
0.6582278 1
0.6835443 1
0.7088608 1
0.7341772 1
0.7594937 1
0.7848101 1
0.8101266 1
0.835443 1
0.8607595 1
0.8860759 0.9999999
0.9113924 0.9999192
0.9367089 0.9898626
0.9620253 0.7939551
0.9873418 0.1527367
1.012658 0.004410309
1.037975 0.0001852703
1.063291 5.750617e-06
1.088608 1.178034e-07
1.113924 2.487832e-09
1.139241 2.92377e-11
1.164557 6.415137e-13
1.189873 2.351184e-14
1.21519 1.794538e-15
1.240506 4.478729e-16
1.265823 1.019175e-16
1.291139 2.004002e-17
1.316456 3.279835e-18
1.341772 4.323765e-19
1.367089 4.465766e-20
1.392405 3.52137e-21
1.417722 2.077378e-22
1.443038 9.125291e-24
1.468354 3.02965e-25
1.493671 7.508869e-27
1.518987 1.289379e-28
1.544304 1.428075e-30
1.56962 9.638884e-33
1.594937 3.892175e-35
1.620253 8.801134e-38
1.64557 7.042524e-41
1.670886 5.065721e-44
1.696203 1.552064e-47
1.721519 9.670175e-52
1.746835 9.220768e-57
1.772152 1.934958e-61
1.797468 1.153059e-65
1.822785 1.946491e-69
1.848101 1.06737e-72
1.873418 1.204306e-74
1.898734 3.923816e-76
1.924051 1.170789e-77
1.949367 2.987452e-79
1.974684 5.192867e-81
2 4.187574e-83
