0.556962 1
0.5822785 1
0.6075949 1
0.6329114 1
0.6582278 1
0.6835443 1
0.7088608 1
0.7341772 1
0.7594937 1
0.7848101 1
0.8101266 1
0.835443 1
0.8607595 1
0.8860759 1
0.9113924 1
0.9367089 1
0.9620253 1
0.9873418 1
1.012658 1
1.037975 1
1.063291 1
1.088608 1
1.113924 1
1.139241 1
1.164557 1
1.189873 1
1.21519 1
1.240506 1
1.265823 1
1.291139 1
1.316456 0.9999999
1.341772 0.9998539
1.367089 0.9842358
1.392405 0.7199696
1.417722 0.1175216
1.443038 0.003755066
1.468354 0.0001233028
1.493671 1.943079e-06
1.518987 6.047104e-09
1.544304 1.104e-11
1.56962 4.909101e-14
1.594937 7.597078e-16
1.620253 6.04221e-17
1.64557 9.566994e-18
1.670886 2.620301e-18
1.696203 5.904243e-19
1.721519 1.247723e-19
1.746835 2.600574e-20
1.772152 5.260894e-21
1.797468 1.023345e-21
1.822785 1.872404e-22
1.848101 2.856602e-23
1.873418 2.866835e-24
1.898734 1.333669e-25
1.924051 1.597231e-27
1.949367 1.525583e-30
1.974684 6.222071e-36
2 1.975061e-49
