0.7088608 1
0.7341772 1
0.7594937 1
0.7848101 1
0.8101266 1
0.835443 1
0.8607595 1
0.8860759 1
0.9113924 1
0.9367089 1
0.9620253 1
0.9873418 1
1.012658 1
1.037975 1
1.063291 1
1.088608 1
1.113924 0.9999999
1.139241 0.9998936
1.164557 0.988242
1.189873 0.770838
1.21519 0.1127295
1.240506 0.002233933
1.265823 7.17573e-05
1.291139 1.329972e-06
1.316456 2.153417e-08
1.341772 4.156838e-10
1.367089 4.655139e-12
1.392405 2.345752e-13
1.417722 1.463169e-14
1.443038 1.511898e-15
1.468354 3.66893e-16
1.493671 7.212942e-17
1.518987 1.141729e-17
1.544304 1.320809e-18
1.56962 1.160977e-19
1.594937 1.054922e-20
1.620253 1.27654e-21
1.64557 1.460949e-22
1.670886 1.231549e-23
1.696203 7.14197e-25
1.721519 2.506496e-26
1.746835 4.449249e-28
1.772152 3.209454e-30
1.797468 7.307961e-33
1.822785 3.901444e-36
1.848101 2.949939e-40
1.873418 1.195716e-45
1.898734 2.175528e-51
1.924051 8.954077e-54
1.949367 4.190162e-57
1.974684 8.746876e-63
2 3.052839e-76
