0.5822785 1
0.6075949 1
0.6329114 1
0.6582278 1
0.6835443 1
0.7088608 1
0.7341772 1
0.7594937 1
0.7848101 1
0.8101266 1
0.835443 1
0.8607595 0.9999984
0.8860759 0.9993173
0.9113924 0.95977
0.9367089 0.567999
0.9620253 0.0360818
0.9873418 0.001291747
1.012658 5.812822e-05
1.037975 1.640261e-06
1.063291 3.642987e-08
1.088608 6.024589e-10
1.113924 1.006393e-11
1.139241 3.050193e-13
1.164557 1.09172e-14
1.189873 1.199543e-15
1.21519 2.679835e-16
1.240506 5.175442e-17
1.265823 8.483364e-18
1.291139 1.140514e-18
1.316456 1.211518e-19
1.341772 9.764694e-21
1.367089 5.711628e-22
1.392405 2.32809e-23
1.417722 6.535891e-25
1.443038 1.284702e-26
1.468354 1.784195e-28
1.493671 1.702771e-30
1.518987 1.054596e-32
1.544304 4.136034e-35
1.56962 1.097207e-37
1.594937 2.171491e-40
1.620253 2.857865e-43
1.64557 1.53551e-46
1.670886 1.753599e-51
1.696203 1.064433e-56
1.721519 3.117471e-62
1.746835 1.64977e-66
1.772152 2.963591e-70
1.797468 3.969591e-72
1.822785 1.751094e-73
1.848101 6.505116e-75
1.873418 1.907169e-76
1.898734 4.360148e-78
1.924051 8.052116e-80
1.949367 1.298459e-81
1.974684 1.789002e-83
2 1.477343e-85
