0.6075949 1
0.6329114 1
0.6582278 1
0.6835443 1
0.7088608 1
0.7341772 1
0.7594937 1
0.7848101 1
0.8101266 1
0.835443 1
0.8607595 1
0.8860759 1
0.9113924 1
0.9367089 1
0.9620253 1
0.9873418 1
1.012658 1
1.037975 1
1.063291 1
1.088608 1
1.113924 1
1.139241 1
1.164557 1
1.189873 1
1.21519 1
1.240506 1
1.265823 1
1.291139 0.9999982
1.316456 0.9991187
1.341772 0.9493432
1.367089 0.5129777
1.392405 0.02546492
1.417722 0.0008356721
1.443038 4.857311e-05
1.468354 3.653786e-07
1.493671 1.457271e-09
1.518987 5.690319e-12
1.544304 3.15849e-14
1.56962 1.04579e-15
1.594937 8.840343e-17
1.620253 9.104856e-18
1.64557 2.181371e-18
1.670886 4.116163e-19
1.696203 7.452561e-20
1.721519 1.351271e-20
1.746835 2.110946e-21
1.772152 2.294096e-22
1.797468 1.399125e-23
1.822785 3.776164e-25
1.848101 3.42935e-27
1.873418 7.505373e-30
1.898734 2.341313e-33
1.924051 3.98967e-38
1.949367 1.140992e-44
1.974684 1.727559e-46
2 2.153467e-49
