0.02531646 0.9999999
0.05063291 1
0.07594937 1
0.1012658 1
0.1265823 1
0.1518987 1
0.1772152 1
0.2025316 0.9999978
0.2278481 0.9999818
0.2531646 0.9999871
0.278481 0.9999978
0.3037975 0.9999461
0.3291139 0.9967641
0.3544304 0.983122
0.3797468 0.9935744
0.4050633 0.9957788
0.4303797 0.997111
0.4556962 0.9998843
0.4810127 0.9999722
0.5063291 0.9991085
0.5316456 0.9937008
0.556962 0.9671764
0.5822785 0.9915074
0.6075949 0.9996217
0.6329114 0.9999289
0.6582278 0.999545
0.6835443 0.9910259
0.7088608 0.8466969
0.7341772 0.2925512
0.7594937 0.01389534
0.7848101 0.002264889
0.8101266 0.0003660186
0.835443 2.328852e-05
0.8607595 4.50612e-07
0.8860759 1.429743e-08
0.9113924 1.429743e-08
0.9367089 1.225075e-07
0.9620253 4.457448e-08
0.9873418 8.054559e-10
1.012658 7.285581e-10
1.037975 7.285581e-10
1.063291 7.285581e-10
1.088608 1.255272e-09
1.113924 6.877658e-08
1.139241 1.318947e-06
1.164557 1.087598e-06
1.189873 1.581175e-08
1.21519 1.151064e-09
1.240506 1.355036e-08
1.265823 2.339249e-07
1.291139 1.203397e-07
1.316456 6.719413e-09
1.341772 1.907923e-10
1.367089 1.756625e-10
1.392405 2.550188e-10
1.417722 6.828279e-11
1.443038 6.356279e-11
1.468354 7.436117e-11
1.493671 8.53455e-11
1.518987 5.140499e-11
1.544304 2.226933e-11
1.56962 6.023087e-12
1.594937 1.235261e-12
1.620253 1.846065e-13
1.64557 1.41165e-14
1.670886 2.012929e-15
1.696203 8.935594e-16
1.721519 3.486317e-16
1.746835 1.47615e-16
1.772152 6.722536e-17
1.797468 3.123819e-17
1.822785 1.445813e-17
1.848101 6.617094e-18
1.873418 2.992764e-18
1.898734 1.340476e-18
1.924051 5.96324e-19
1.949367 2.64205e-19
1.974684 1.155514e-19
2 4.519051e-20
