0.4050633 1
0.4303797 1
0.4556962 1
0.4810127 1
0.5063291 1
0.5316456 1
0.556962 1
0.5822785 1
0.6075949 1
0.6329114 1
0.6582278 1
0.6835443 1
0.7088608 1
0.7341772 1
0.7594937 1
0.7848101 1
0.8101266 1
0.835443 1
0.8607595 1
0.8860759 1
0.9113924 1
0.9367089 1
0.9620253 1
0.9873418 1
1.012658 1
1.037975 1
1.063291 1
1.088608 1
1.113924 1
1.139241 1
1.164557 1
1.189873 1
1.21519 1
1.240506 1
1.265823 1
1.291139 1
1.316456 1
1.341772 1
1.367089 1
1.392405 1
1.417722 1
1.443038 0.9999276
1.468354 0.9836674
1.493671 0.6476452
1.518987 0.009661871
1.544304 1.15491e-86
1.56962 1.187727e-86
1.594937 1.669289e-86
1.620253 3.94393e-87
1.64557 2.375632e-88
1.670886 1.274398e-119
1.696203 7.15388e-123
1.721519 2.217413e-124
1.746835 3.741476e-126
1.772152 2.617584e-128
1.797468 9.451002e-131
1.822785 1.488738e-131
1.848101 1.45792e-131
1.873418 1.359254e-131
1.898734 1.202142e-131
1.924051 1.015114e-131
1.949367 3.228348e-153
1.974684 6.404151e-177
2 7.840813e-228
