0.7594937 1
0.7848101 1
0.8101266 1
0.835443 1
0.8607595 1
0.8860759 1
0.9113924 1
0.9367089 1
0.9620253 1
0.9873418 1
1.012658 1
1.037975 1
1.063291 1
1.088608 1
1.113924 1
1.139241 1
1.164557 1
1.189873 1
1.21519 1
1.240506 0.9999915
1.265823 0.9977322
1.291139 0.9132677
1.316456 0.3824207
1.341772 0.01155737
1.367089 0.0003049515
1.392405 8.017107e-06
1.417722 2.051538e-07
1.443038 2.656913e-09
1.468354 1.735187e-11
1.493671 1.295685e-13
1.518987 3.581418e-15
1.544304 4.655272e-16
1.56962 5.481225e-17
1.594937 4.665336e-18
1.620253 6.489598e-19
1.64557 1.296326e-19
1.670886 2.156135e-20
1.696203 3.068559e-21
1.721519 3.417278e-22
1.746835 2.561214e-23
1.772152 1.075471e-24
1.797468 2.016511e-26
1.822785 1.270486e-28
1.848101 1.884629e-31
1.873418 3.874541e-35
1.898734 4.599336e-40
1.924051 1.13563e-46
1.949367 9.89462e-49
1.974684 1.639449e-51
2 1.600272e-58
