0.05063291 1
0.07594937 1
0.1012658 1
0.1265823 1
0.1518987 1
0.1772152 1
0.2025316 1
0.2278481 0.9999999
0.2531646 0.9999373
0.278481 0.991951
0.3037975 0.8374292
0.3291139 0.1399207
0.3544304 0.006767775
0.3797468 0.0009004053
0.4050633 4.433899e-05
0.4303797 2.228769e-06
0.4556962 1.233069e-07
0.4810127 6.363593e-09
0.5063291 1.131265e-09
0.5316456 2.847247e-10
0.556962 9.219517e-11
0.5822785 2.169496e-11
0.6075949 3.606633e-12
0.6329114 4.78627e-13
0.6582278 5.973826e-14
0.6835443 1.134778e-14
0.7088608 4.649817e-15
0.7341772 2.625266e-15
0.7594937 1.539134e-15
0.7848101 8.331988e-16
0.8101266 4.163391e-16
0.835443 1.910666e-16
0.8607595 7.983e-17
0.8860759 3.014984e-17
0.9113924 1.028424e-17
0.9367089 3.198705e-18
0.9620253 9.268268e-19
0.9873418 2.565878e-19
1.012658 6.844391e-20
1.037975 1.718426e-20
1.063291 3.88795e-21
1.088608 7.609822e-22
1.113924 1.253049e-22
1.139241 1.704931e-23
1.164557 1.889081e-24
1.189873 1.680147e-25
1.21519 1.203018e-26
1.240506 1.064799e-27
1.265823 6.916089e-28
1.291139 9.921098e-28
1.316456 1.406172e-27
1.341772 1.89819e-27
1.367089 2.437301e-27
1.392405 2.974471e-27
1.417722 3.44669e-27
1.443038 3.787427e-27
1.468354 3.940869e-27
1.493671 3.876143e-27
1.518987 3.596789e-27
1.544304 3.141729e-27
1.56962 2.576685e-27
1.594937 1.978529e-27
1.620253 1.417701e-27
1.64557 9.443882e-28
1.670886 5.823044e-28
1.696203 3.306625e-28
1.721519 1.719004e-28
1.746835 8.124025e-29
1.772152 3.461026e-29
1.797468 1.315589e-29
1.822785 4.405471e-30
1.848101 1.278832e-30
1.873418 3.150792e-31
1.898734 6.402143e-32
1.924051 1.029225e-32
1.949367 1.226352e-33
1.974684 9.618796e-35
2 3.721267e-36
