0.4556962 1
0.4810127 1
0.5063291 1
0.5316456 1
0.556962 1
0.5822785 1
0.6075949 1
0.6329114 1
0.6582278 1
0.6835443 0.9999993
0.7088608 0.9997827
0.7341772 0.9864501
0.7594937 0.8103076
0.7848101 0.1639817
0.8101266 0.001799435
0.835443 5.081985e-05
0.8607595 2.951529e-06
0.8860759 1.753303e-07
0.9113924 4.047889e-09
0.9367089 1.013516e-10
0.9620253 4.725766e-12
0.9873418 3.381373e-13
1.012658 1.99441e-14
1.037975 1.886805e-15
1.063291 4.286241e-16
1.088608 7.960903e-17
1.113924 1.145837e-17
1.139241 1.250301e-18
1.164557 1.006115e-19
1.189873 5.711469e-21
1.21519 2.138096e-22
1.240506 4.807615e-24
1.265823 5.694582e-26
1.291139 3.047354e-28
1.316456 6.047384e-31
1.341772 3.65202e-34
1.367089 5.550053e-38
1.392405 1.882384e-42
1.417722 1.540682e-47
1.443038 2.90489e-53
1.468354 3.763672e-59
1.493671 1.07636e-64
1.518987 4.05691e-67
1.544304 1.842877e-68
1.56962 8.438892e-70
1.594937 4.109227e-71
1.620253 2.136249e-72
1.64557 1.142645e-73
1.670886 6.103929e-75
1.696203 3.223361e-76
1.721519 1.669928e-77
1.746835 8.372794e-79
1.772152 4.019007e-80
1.797468 1.850572e-81
1.822785 8.261961e-83
1.848101 3.576788e-84
1.873418 1.460694e-85
1.898734 5.3364e-87
1.924051 1.630199e-88
1.949367 3.830238e-90
1.974684 6.085632e-92
2 4.877009e-94
