0.02531646 1
0.05063291 1
0.07594937 1
0.1012658 1
0.1265823 1
0.1518987 1
0.1772152 1
0.2025316 0.9999963
0.2278481 0.9984839
0.2531646 0.9110784
0.278481 0.1818606
0.3037975 0.01283485
0.3291139 0.002506041
0.3544304 1.238215e-05
0.3797468 6.071056e-07
0.4050633 2.795312e-07
0.4303797 7.713665e-09
0.4556962 5.287855e-10
0.4810127 1.377083e-10
0.5063291 5.823845e-11
0.5316456 1.546342e-11
0.556962 2.759708e-12
0.5822785 4.183222e-13
0.6075949 5.881973e-14
0.6329114 9.434981e-15
0.6582278 3.011703e-15
0.6835443 1.651497e-15
0.7088608 9.295057e-16
0.7341772 5.140776e-16
0.7594937 2.791922e-16
0.7848101 1.530243e-16
0.8101266 8.794885e-17
0.835443 5.54735e-17
0.8607595 4.005361e-17
0.8860759 3.398033e-17
0.9113924 3.422937e-17
0.9367089 4.148987e-17
0.9620253 6.216016e-17
0.9873418 1.152057e-16
1.012658 2.457947e-16
1.037975 5.508613e-16
1.063291 1.180475e-15
1.088608 2.290217e-15
1.113924 5.504625e-15
1.139241 3.192132e-14
1.164557 3.290746e-13
1.189873 2.660185e-12
1.21519 3.065529e-11
1.240506 5.476408e-10
1.265823 6.592616e-09
1.291139 8.221396e-08
1.316456 1.076909e-06
1.341772 8.082935e-06
1.367089 9.923551e-06
1.392405 8.731585e-06
1.417722 6.963565e-06
1.443038 5.743454e-06
1.468354 3.917479e-06
1.493671 1.437369e-06
1.518987 4.479889e-07
1.544304 1.313561e-06
1.56962 3.08177e-06
1.594937 2.209946e-06
1.620253 1.345248e-06
1.64557 8.066202e-07
1.670886 3.184586e-06
1.696203 1.839831e-05
1.721519 0.0001053133
1.746835 0.0001067157
1.772152 4.088863e-05
1.797468 5.652784e-06
1.822785 2.793442e-07
1.848101 1.546944e-08
1.873418 7.24798e-08
1.898734 7.099523e-07
1.924051 8.051588e-07
1.949367 3.074309e-07
1.974684 3.527049e-08
2 1.160994e-09
