0.02531646 1
0.05063291 1
0.07594937 1
0.1012658 1
0.1265823 1
0.1518987 1
0.1772152 1
0.2025316 1
0.2278481 1
0.2531646 1
0.278481 0.9999999
0.3037975 0.9999994
0.3291139 0.9999758
0.3544304 0.9988814
0.3797468 0.9437298
0.4050633 0.5176353
0.4303797 0.07788021
0.4556962 0.1930308
0.4810127 0.9108672
0.5063291 0.9989055
0.5316456 0.998324
0.556962 0.9921764
0.5822785 0.8658199
0.6075949 0.604022
0.6329114 0.9622758
0.6582278 0.8361872
0.6835443 0.1651546
0.7088608 0.003048168
0.7341772 5.070067e-05
0.7594937 7.201484e-08
0.7848101 1.535067e-10
0.8101266 1.220782e-10
0.835443 1.501659e-10
0.8607595 9.50316e-11
0.8860759 3.926012e-11
0.9113924 1.652237e-11
0.9367089 7.589346e-12
0.9620253 3.436296e-12
0.9873418 1.402123e-12
1.012658 5.349055e-13
1.037975 1.999615e-13
1.063291 7.988647e-14
1.088608 3.789819e-14
1.113924 2.711406e-14
1.139241 2.533027e-14
1.164557 2.55698e-14
1.189873 3.145312e-14
1.21519 2.119605e-12
1.240506 1.04684e-10
1.265823 8.813162e-10
1.291139 1.857628e-09
1.316456 1.416856e-09
1.341772 7.201518e-10
1.367089 4.517609e-10
1.392405 3.846491e-10
1.417722 3.50804e-10
1.443038 2.40564e-10
1.468354 1.095084e-10
1.493671 4.244811e-11
1.518987 3.438612e-11
1.544304 9.848384e-10
1.56962 1.877328e-08
1.594937 5.805459e-08
1.620253 2.727524e-08
1.64557 1.458229e-09
1.670886 2.969188e-10
1.696203 2.970088e-10
1.721519 3.891234e-10
1.746835 7.314211e-10
1.772152 1.205724e-09
1.797468 1.722153e-09
1.822785 2.815257e-09
1.848101 6.005054e-09
1.873418 9.189512e-09
1.898734 9.653532e-09
1.924051 3.964484e-10
1.949367 1.199906e-11
1.974684 3.901277e-13
2 1.823977e-16
