0.6582278 1
0.6835443 1
0.7088608 1
0.7341772 1
0.7594937 1
0.7848101 1
0.8101266 1
0.835443 1
0.8607595 1
0.8860759 1
0.9113924 1
0.9367089 1
0.9620253 1
0.9873418 1
1.012658 1
1.037975 0.9999499
1.063291 0.9928917
1.088608 0.8303578
1.113924 0.1804047
1.139241 0.003713814
1.164557 0.0001234604
1.189873 3.526001e-06
1.21519 5.62748e-08
1.240506 8.014302e-10
1.265823 1.052843e-11
1.291139 3.546704e-13
1.316456 1.884203e-14
1.341772 1.990979e-15
1.367089 6.893138e-16
1.392405 2.020499e-16
1.417722 4.687713e-17
1.443038 8.339293e-18
1.468354 1.155479e-18
1.493671 1.355318e-19
1.518987 1.272342e-20
1.544304 9.051424e-22
1.56962 5.264464e-23
1.594937 3.011655e-24
1.620253 1.693763e-25
1.64557 7.366691e-27
1.670886 1.907473e-28
1.696203 2.536566e-30
1.721519 1.478137e-32
1.746835 3.548147e-35
1.772152 3.715423e-38
1.797468 1.261166e-41
1.822785 6.011832e-46
1.848101 1.993049e-51
1.873418 1.559965e-56
1.898734 1.526414e-59
1.924051 3.075445e-63
1.949367 1.384281e-68
1.974684 2.140579e-77
2 1.67297e-82
