0.02531646 0.9999999
0.05063291 1
0.07594937 1
0.1012658 1
0.1265823 1
0.1518987 1
0.1772152 1
0.2025316 1
0.2278481 1
0.2531646 1
0.278481 1
0.3037975 1
0.3291139 0.9999999
0.3544304 0.9999729
0.3797468 0.9994827
0.4050633 0.9998871
0.4303797 0.9999959
0.4556962 0.9999995
0.4810127 0.999998
0.5063291 0.9917435
0.5316456 0.9839891
0.556962 0.9946491
0.5822785 0.9989203
0.6075949 0.9999345
0.6329114 0.9999872
0.6582278 0.9999608
0.6835443 0.9974854
0.7088608 0.8721732
0.7341772 0.2674977
0.7594937 0.005326722
0.7848101 0.0001953404
0.8101266 1.319299e-06
0.835443 2.214573e-07
0.8607595 6.995572e-07
0.8860759 1.720547e-07
0.9113924 1.38368e-08
0.9367089 1.989156e-09
0.9620253 7.028725e-09
0.9873418 1.036548e-08
1.012658 5.253809e-09
1.037975 6.110539e-09
1.063291 5.180085e-09
1.088608 9.9286e-10
1.113924 1.587135e-09
1.139241 2.426307e-09
1.164557 1.681718e-09
1.189873 8.840123e-10
1.21519 2.873243e-10
1.240506 1.487752e-10
1.265823 1.684242e-10
1.291139 2.160642e-10
1.316456 2.013391e-10
1.341772 1.67763e-10
1.367089 3.131382e-10
1.392405 5.428343e-10
1.417722 6.327755e-10
1.443038 6.066626e-10
1.468354 3.766862e-10
1.493671 1.752813e-10
1.518987 8.243071e-11
1.544304 3.952842e-11
1.56962 1.447422e-11
1.594937 3.196465e-12
1.620253 3.756703e-13
1.64557 6.193866e-14
1.670886 5.831497e-14
1.696203 1.985586e-13
1.721519 9.975721e-13
1.746835 6.026719e-12
1.772152 3.195576e-11
1.797468 1.164385e-10
1.822785 2.738212e-10
1.848101 4.83105e-10
1.873418 9.154293e-10
1.898734 5.417502e-09
1.924051 7.831409e-08
1.949367 4.497099e-07
1.974684 7.536374e-07
2 5.511406e-07
