0.02531646 1
0.05063291 1
0.07594937 1
0.1012658 1
0.1265823 1
0.1518987 1
0.1772152 1
0.2025316 1
0.2278481 1
0.2531646 1
0.278481 1
0.3037975 0.9999998
0.3291139 0.9999991
0.3544304 0.9999833
0.3797468 0.9999611
0.4050633 0.9999999
0.4303797 1
0.4556962 0.9999984
0.4810127 0.9993581
0.5063291 0.9976163
0.5316456 0.9985023
0.556962 0.9991271
0.5822785 0.999273
0.6075949 0.9864131
0.6329114 0.8586436
0.6582278 0.8375334
0.6835443 0.9013192
0.7088608 0.9548147
0.7341772 0.9709171
0.7594937 0.6596829
0.7848101 0.06095877
0.8101266 0.0009549026
0.835443 1.697728e-05
0.8607595 6.325085e-07
0.8860759 7.448435e-07
0.9113924 3.993149e-06
0.9367089 1.171073e-05
0.9620253 1.018762e-05
0.9873418 3.841765e-06
1.012658 1.531415e-06
1.037975 1.314657e-06
1.063291 3.835682e-06
1.088608 9.7929e-07
1.113924 2.21557e-08
1.139241 6.008822e-10
1.164557 5.585512e-10
1.189873 5.586243e-10
1.21519 5.642043e-10
1.240506 6.252157e-10
1.265823 6.668852e-10
1.291139 6.477135e-10
1.316456 5.789809e-10
1.341772 6.568069e-10
1.367089 1.83834e-09
1.392405 2.909727e-09
1.417722 2.418427e-09
1.443038 1.569902e-09
1.468354 1.405613e-09
1.493671 1.169582e-09
1.518987 2.241665e-09
1.544304 1.328592e-08
1.56962 8.716016e-09
1.594937 3.131478e-09
1.620253 3.555435e-09
1.64557 2.112386e-08
1.670886 7.212789e-06
1.696203 3.016976e-06
1.721519 1.890614e-07
1.746835 1.519701e-09
1.772152 4.187851e-12
1.797468 3.94564e-12
1.822785 4.047573e-12
1.848101 4.196863e-12
1.873418 4.266451e-12
1.898734 2.427575e-12
1.924051 1.249285e-13
1.949367 6.439371e-16
1.974684 4.384646e-16
2 2.163574e-16
