0.7341772 1
0.7594937 1
0.7848101 1
0.8101266 1
0.835443 1
0.8607595 1
0.8860759 1
0.9113924 1
0.9367089 1
0.9620253 1
0.9873418 1
1.012658 1
1.037975 1
1.063291 1
1.088608 1
1.113924 1
1.139241 1
1.164557 1
1.189873 0.9999929
1.21519 0.9981146
1.240506 0.9233325
1.265823 0.4105144
1.291139 0.0125691
1.316456 0.0003678841
1.341772 9.601655e-06
1.367089 1.760284e-07
1.392405 2.853082e-09
1.417722 3.954623e-11
1.443038 1.035011e-12
1.468354 2.395981e-14
1.493671 1.325203e-15
1.518987 2.755921e-16
1.544304 4.035102e-17
1.56962 4.12767e-18
1.594937 3.747752e-19
1.620253 5.390763e-20
1.64557 8.790537e-21
1.670886 1.138512e-21
1.696203 1.135376e-22
1.721519 7.86285e-24
1.746835 3.246654e-25
1.772152 6.566345e-27
1.797468 5.061733e-29
1.822785 1.083888e-31
1.848101 4.22733e-35
1.873418 1.499391e-39
1.898734 1.696862e-45
1.924051 9.671129e-50
1.949367 3.952617e-52
1.974684 3.817934e-56
2 2.512325e-66
