0.02531646 1
0.05063291 1
0.07594937 1
0.1012658 1
0.1265823 1
0.1518987 1
0.1772152 0.9999998
0.2025316 0.9999765
0.2278481 0.9999415
0.2531646 0.9999422
0.278481 0.9998553
0.3037975 0.9987185
0.3291139 0.937268
0.3544304 0.5050309
0.3797468 0.5938409
0.4050633 0.9755899
0.4303797 0.9973385
0.4556962 0.9953421
0.4810127 0.9891127
0.5063291 0.9629553
0.5316456 0.9829914
0.556962 0.952123
0.5822785 0.776026
0.6075949 0.8404739
0.6329114 0.9628196
0.6582278 0.8371658
0.6835443 0.3438163
0.7088608 0.04754078
0.7341772 0.002491259
0.7594937 4.155448e-05
0.7848101 1.775953e-07
0.8101266 3.680291e-10
0.835443 3.469476e-10
0.8607595 4.206283e-10
0.8860759 4.310986e-10
0.9113924 3.84634e-10
0.9367089 3.491657e-10
0.9620253 3.469408e-10
0.9873418 3.469408e-10
1.012658 3.478723e-10
1.037975 5.83378e-10
1.063291 1.203347e-09
1.088608 7.524572e-10
1.113924 4.959577e-10
1.139241 4.396649e-10
1.164557 3.917025e-10
1.189873 2.429925e-10
1.21519 6.523715e-11
1.240506 2.949254e-12
1.265823 1.526333e-14
1.291139 4.076332e-15
1.316456 4.176275e-15
1.341772 4.568302e-15
1.367089 5.104673e-15
1.392405 5.3458e-15
1.417722 6.202673e-15
1.443038 8.450269e-15
1.468354 1.454223e-14
1.493671 3.767994e-13
1.518987 1.058037e-11
1.544304 7.744332e-11
1.56962 2.462451e-10
1.594937 5.969989e-10
1.620253 3.364804e-09
1.64557 2.162314e-08
1.670886 1.645942e-08
1.696203 1.409148e-09
1.721519 1.346218e-09
1.746835 1.226721e-08
1.772152 4.318498e-08
1.797468 3.414301e-08
1.822785 4.855252e-08
1.848101 5.52815e-08
1.873418 8.287498e-08
1.898734 2.008476e-07
1.924051 1.80246e-08
1.949367 4.043046e-10
1.974684 3.653742e-12
2 5.523679e-15
