0.2278481 1
0.2531646 1
0.278481 1
0.3037975 1
0.3291139 1
0.3544304 1
0.3797468 1
0.4050633 1
0.4303797 1
0.4556962 0.9999978
0.4810127 0.9997953
0.5063291 0.9967391
0.5316456 0.9725071
0.556962 0.3997655
0.5822785 0.02307586
0.6075949 0.0006539799
0.6329114 4.531848e-05
0.6582278 2.355827e-06
0.6835443 1.216805e-07
0.7088608 7.168141e-09
0.7341772 2.914043e-10
0.7594937 1.683706e-11
0.7848101 1.897313e-12
0.8101266 2.131287e-13
0.835443 1.868826e-14
0.8607595 2.551813e-15
0.8860759 6.852853e-16
0.9113924 2.636543e-16
0.9367089 8.931391e-17
0.9620253 2.237795e-17
0.9873418 4.238906e-18
1.012658 6.019922e-19
1.037975 6.218631e-20
1.063291 4.414246e-21
1.088608 1.90877e-22
1.113924 3.491684e-24
1.139241 1.805561e-27
1.164557 9.344297e-30
1.189873 1.901771e-32
1.21519 1.418749e-35
1.240506 3.735456e-39
1.265823 2.175406e-43
1.291139 2.958002e-48
1.316456 1.397828e-50
1.341772 1.624351e-50
1.367089 1.607693e-50
1.392405 1.366794e-50
1.417722 1.00898e-50
1.443038 6.53471e-51
1.468354 3.748495e-51
1.493671 1.920438e-51
1.518987 8.848916e-52
1.544304 3.687418e-52
1.56962 1.395258e-52
1.594937 4.806521e-53
1.620253 1.509445e-53
1.64557 4.321514e-54
1.670886 1.126645e-54
1.696203 2.668424e-55
1.721519 5.721198e-56
1.746835 1.104944e-56
1.772152 1.90974e-57
1.797468 2.928602e-58
1.822785 3.94007e-59
1.848101 4.581936e-60
1.873418 4.514727e-61
1.898734 3.666344e-62
1.924051 2.356575e-63
1.949367 1.124223e-64
1.974684 3.538818e-66
2 5.512978e-68
