0.07594937 1
0.1012658 1
0.1265823 1
0.1518987 1
0.1772152 1
0.2025316 1
0.2278481 1
0.2531646 1
0.278481 1
0.3037975 1
0.3291139 1
0.3544304 1
0.3797468 1
0.4050633 1
0.4303797 1
0.4556962 1
0.4810127 1
0.5063291 1
0.5316456 1
0.556962 1
0.5822785 1
0.6075949 1
0.6329114 0.9999999
0.6582278 0.9999746
0.6835443 0.996439
0.7088608 0.909975
0.7341772 0.4107364
0.7594937 0.01328308
0.7848101 0.0002705273
0.8101266 6.088989e-06
0.835443 1.161697e-07
0.8607595 1.19493e-09
0.8860759 1.091371e-11
0.9113924 1.762619e-11
0.9367089 1.838928e-11
0.9620253 5.830028e-12
0.9873418 1.296165e-12
1.012658 1.786823e-13
1.037975 1.203494e-14
1.063291 9.737237e-16
1.088608 1.983683e-16
1.113924 1.290036e-16
1.139241 7.758189e-17
1.164557 4.07283e-17
1.189873 1.87705e-17
1.21519 7.492341e-18
1.240506 2.495383e-18
1.265823 6.587248e-19
1.291139 1.291136e-19
1.316456 1.692092e-20
1.341772 1.192656e-21
1.367089 2.393208e-23
1.392405 8.741263e-32
1.417722 3.025128e-37
1.443038 2.618092e-37
1.468354 1.920849e-37
1.493671 1.183729e-37
1.518987 6.076379e-38
1.544304 2.580194e-38
1.56962 9.016604e-39
1.594937 2.585091e-39
1.620253 6.073824e-40
1.64557 1.169964e-40
1.670886 1.84988e-41
1.696203 2.404347e-42
1.721519 2.572267e-43
1.746835 2.269246e-44
1.772152 1.658494e-45
1.797468 1.018934e-46
1.822785 5.496192e-48
1.848101 2.903237e-49
1.873418 1.777627e-50
1.898734 1.3239e-51
1.924051 1.018615e-52
1.949367 6.635013e-54
1.974684 3.039996e-55
2 7.137134e-57
