0.4556962 1
0.4810127 1
0.5063291 1
0.5316456 1
0.556962 1
0.5822785 1
0.6075949 1
0.6329114 1
0.6582278 1
0.6835443 1
0.7088608 1
0.7341772 1
0.7594937 1
0.7848101 1
0.8101266 1
0.835443 1
0.8607595 1
0.8860759 1
0.9113924 1
0.9367089 1
0.9620253 1
0.9873418 1
1.012658 1
1.037975 1
1.063291 1
1.088608 1
1.113924 1
1.139241 1
1.164557 1
1.189873 1
1.21519 1
1.240506 1
1.265823 1
1.291139 1
1.316456 1
1.341772 0.9999999
1.367089 0.9999438
1.392405 0.9912877
1.417722 0.8001424
1.443038 0.1586261
1.468354 0.003865372
1.493671 0.0001431253
1.518987 2.559338e-06
1.544304 6.37343e-09
1.56962 3.915533e-12
1.594937 4.335612e-15
1.620253 6.069168e-16
1.64557 1.310095e-17
1.670886 2.588156e-18
1.696203 1.263063e-18
1.721519 5.525532e-19
1.746835 2.111908e-19
1.772152 6.970562e-20
1.797468 1.998522e-20
1.822785 5.033762e-21
1.848101 1.152552e-21
1.873418 2.447324e-22
1.898734 4.843411e-23
1.924051 8.189931e-24
1.949367 9.24217e-25
1.974684 4.018992e-26
2 2.763721e-29
