0.4050633 1
0.4303797 1
0.4556962 1
0.4810127 1
0.5063291 1
0.5316456 1
0.556962 1
0.5822785 1
0.6075949 1
0.6329114 1
0.6582278 1
0.6835443 1
0.7088608 1
0.7341772 1
0.7594937 1
0.7848101 1
0.8101266 1
0.835443 1
0.8607595 1
0.8860759 1
0.9113924 1
0.9367089 1
0.9620253 1
0.9873418 1
1.012658 1
1.037975 1
1.063291 1
1.088608 1
1.113924 1
1.139241 1
1.164557 1
1.189873 1
1.21519 1
1.240506 1
1.265823 1
1.291139 1
1.316456 1
1.341772 0.9999997
1.367089 0.9999951
1.392405 0.9999226
1.417722 0.9931524
1.443038 0.8252463
1.468354 0.1679471
1.493671 0.003311874
1.518987 0.0001083421
1.544304 9.909607e-07
1.56962 1.417836e-09
1.594937 5.386569e-13
1.620253 6.441292e-16
1.64557 3.874632e-19
1.670886 1.557763e-19
1.696203 8.331933e-20
1.721519 3.364132e-20
1.746835 8.903695e-21
1.772152 1.079219e-21
1.797468 9.548576e-25
1.822785 8.017859e-72
1.848101 1.879054e-71
1.873418 3.690754e-71
1.898734 5.836926e-71
1.924051 7.065457e-71
1.949367 6.090434e-71
1.974684 3.304453e-71
2 8.426592e-72
