0.3544304 1
0.3797468 1
0.4050633 1
0.4303797 1
0.4556962 1
0.4810127 1
0.5063291 1
0.5316456 1
0.556962 0.9999998
0.5822785 0.9999201
0.6075949 0.9958477
0.6329114 0.9470078
0.6582278 0.4745926
0.6835443 0.01332384
0.7088608 0.002355868
0.7341772 0.000156963
0.7594937 9.258146e-06
0.7848101 1.981549e-07
0.8101266 8.936854e-09
0.835443 2.387669e-10
0.8607595 9.433645e-12
0.8860759 5.915861e-13
0.9113924 4.191786e-14
0.9367089 4.455641e-15
0.9620253 1.067062e-15
0.9873418 2.732602e-16
1.012658 5.594284e-17
1.037975 8.99593e-18
1.063291 1.110096e-18
1.088608 1.019646e-19
1.113924 6.716959e-21
1.139241 3.028602e-22
1.164557 8.710046e-24
1.189873 1.437014e-25
1.21519 1.184392e-27
1.240506 4.143811e-30
1.265823 5.370347e-33
1.291139 1.869509e-36
1.316456 1.393971e-40
1.341772 1.766997e-45
1.367089 2.581075e-51
1.392405 2.79832e-57
1.417722 1.356685e-62
1.443038 8.732177e-65
1.468354 3.087237e-66
1.493671 1.220437e-67
1.518987 4.998347e-69
1.544304 2.136342e-70
1.56962 9.354353e-72
1.594937 4.162787e-73
1.620253 1.900301e-74
1.64557 9.044441e-76
1.670886 4.554857e-77
1.696203 2.447207e-78
1.721519 1.401904e-79
1.746835 8.476293e-81
1.772152 5.2995e-82
1.797468 3.32317e-83
1.822785 2.013027e-84
1.848101 1.132103e-85
1.873418 5.685788e-87
1.898734 2.450756e-88
1.924051 8.646592e-90
1.949367 2.332469e-91
1.974684 4.266246e-93
2 3.960614e-95
