0.3291139 1
0.3544304 1
0.3797468 1
0.4050633 1
0.4303797 1
0.4556962 1
0.4810127 1
0.5063291 1
0.5316456 1
0.556962 0.9999947
0.5822785 0.9998522
0.6075949 0.9962815
0.6329114 0.8901904
0.6582278 0.1882662
0.6835443 0.00553933
0.7088608 0.0001666368
0.7341772 1.157445e-05
0.7594937 6.382521e-07
0.7848101 1.635065e-08
0.8101266 5.55757e-10
0.835443 2.195323e-11
0.8607595 1.357882e-12
0.8860759 8.499707e-14
0.9113924 7.507519e-15
0.9367089 1.581649e-15
0.9620253 4.634627e-16
0.9873418 1.087899e-16
1.012658 2.02936e-17
1.037975 2.951668e-18
1.063291 3.26298e-19
1.088608 2.654094e-20
1.113924 1.525778e-21
1.139241 5.848284e-23
1.164557 1.369516e-24
1.189873 1.751733e-26
1.21519 1.0624e-28
1.240506 2.704462e-31
1.265823 2.32546e-34
1.291139 4.825077e-38
1.316456 2.195869e-42
1.341772 1.299143e-47
1.367089 1.418644e-53
1.392405 2.925039e-59
1.417722 3.246482e-63
1.443038 4.654258e-65
1.468354 1.638981e-66
1.493671 6.232267e-68
1.518987 2.462766e-69
1.544304 1.010875e-70
1.56962 4.274766e-72
1.594937 1.897531e-73
1.620253 9.316242e-75
1.64557 5.462032e-76
1.670886 4.046453e-77
1.696203 3.689303e-78
1.721519 3.773457e-79
1.746835 3.95848e-80
1.772152 4.012064e-81
1.797468 3.783616e-82
1.822785 3.231607e-83
1.848101 2.44126e-84
1.873418 1.590739e-85
1.898734 8.670053e-87
1.924051 3.788707e-88
1.949367 1.24325e-89
1.974684 2.72129e-91
2 2.978238e-93
