0.07594937 1
0.1012658 1
0.1265823 1
0.1518987 1
0.1772152 1
0.2025316 1
0.2278481 1
0.2531646 1
0.278481 1
0.3037975 1
0.3291139 1
0.3544304 1
0.3797468 1
0.4050633 1
0.4303797 1
0.4556962 1
0.4810127 1
0.5063291 0.9999999
0.5316456 0.9999997
0.556962 0.9999989
0.5822785 0.9999923
0.6075949 0.9994192
0.6329114 0.9695921
0.6582278 0.6319424
0.6835443 0.05536237
0.7088608 0.001316747
0.7341772 4.912323e-05
0.7594937 2.126409e-06
0.7848101 1.146407e-07
0.8101266 4.142798e-09
0.835443 1.199048e-10
0.8607595 8.306434e-12
0.8860759 1.02726e-11
0.9113924 5.623515e-12
0.9367089 9.160799e-13
0.9620253 1.492707e-13
0.9873418 2.209702e-14
1.012658 2.953844e-15
1.037975 7.969163e-16
1.063291 1.973291e-16
1.088608 7.731266e-17
1.113924 4.531744e-17
1.139241 2.404658e-17
1.164557 1.12603e-17
1.189873 4.567871e-18
1.21519 1.560695e-18
1.240506 4.337852e-19
1.265823 9.383418e-20
1.291139 1.474702e-20
1.316456 1.491363e-21
1.341772 7.635902e-23
1.367089 9.682422e-25
1.392405 2.24659e-31
1.417722 4.903787e-37
1.443038 2.977358e-37
1.468354 1.52639e-37
1.493671 6.535965e-38
1.518987 2.316228e-38
1.544304 6.746894e-39
1.56962 1.608605e-39
1.594937 3.134025e-40
1.620253 4.992236e-41
1.64557 6.518668e-42
1.670886 7.024735e-43
1.696203 6.392204e-44
1.721519 5.373458e-45
1.746835 5.450229e-46
1.772152 8.599923e-47
1.797468 1.704492e-47
1.822785 3.221529e-48
1.848101 5.227709e-49
1.873418 6.987707e-50
1.898734 7.437486e-51
1.924051 6.033631e-52
1.949367 3.48785e-53
1.974684 1.272981e-54
2 2.191856e-56
