0.02531646 0.9999998
0.05063291 1
0.07594937 1
0.1012658 1
0.1265823 1
0.1518987 1
0.1772152 1
0.2025316 0.9999999
0.2278481 0.9999874
0.2531646 0.9998494
0.278481 0.9990566
0.3037975 0.9942203
0.3291139 0.9245591
0.3544304 0.3518367
0.3797468 0.3680626
0.4050633 0.1087558
0.4303797 0.507387
0.4556962 0.9221495
0.4810127 0.7096614
0.5063291 0.2032462
0.5316456 0.02227853
0.556962 0.0009514771
0.5822785 0.0002845977
0.6075949 0.001310449
0.6329114 0.0008886164
0.6582278 0.0002174578
0.6835443 1.531881e-05
0.7088608 3.497733e-07
0.7341772 4.202431e-08
0.7594937 3.573707e-07
0.7848101 3.177213e-06
0.8101266 9.671251e-06
0.835443 2.622826e-05
0.8607595 4.744835e-05
0.8860759 4.335125e-05
0.9113924 1.964383e-05
0.9367089 2.384126e-06
0.9620253 4.337944e-06
0.9873418 2.328705e-05
1.012658 3.041308e-05
1.037975 3.041308e-05
1.063291 1.86302e-05
1.088608 2.822304e-06
1.113924 1.180715e-07
1.139241 7.793222e-08
1.164557 1.85765e-07
1.189873 1.326579e-07
1.21519 3.677025e-08
1.240506 2.179387e-09
1.265823 1.061492e-08
1.291139 5.625933e-07
1.316456 3.97508e-06
1.341772 3.97508e-06
1.367089 1.572665e-06
1.392405 2.009259e-07
1.417722 4.863847e-09
1.443038 9.459361e-11
1.468354 9.03619e-11
1.493671 7.682948e-11
1.518987 5.25737e-11
1.544304 3.955961e-11
1.56962 3.359882e-11
1.594937 2.945841e-11
1.620253 3.02262e-11
1.64557 3.517614e-11
1.670886 5.139783e-11
1.696203 6.416856e-11
1.721519 6.182748e-11
1.746835 4.767259e-11
1.772152 2.118428e-11
1.797468 5.372417e-12
1.822785 3.668311e-12
1.848101 4.515337e-12
1.873418 7.656538e-12
1.898734 1.424596e-11
1.924051 2.50542e-11
1.949367 3.687902e-11
1.974684 3.94795e-11
2 2.995375e-11
