0.556962 1
0.5822785 1
0.6075949 1
0.6329114 1
0.6582278 1
0.6835443 1
0.7088608 1
0.7341772 1
0.7594937 1
0.7848101 1
0.8101266 1
0.835443 1
0.8607595 0.9999469
0.8860759 0.9926169
0.9113924 0.8346272
0.9367089 0.2237804
0.9620253 0.006019617
0.9873418 0.0002169356
1.012658 7.515217e-06
1.037975 2.465565e-07
1.063291 4.376448e-09
1.088608 7.706926e-11
1.113924 1.667464e-12
1.139241 6.025318e-14
1.164557 2.87609e-15
1.189873 5.780913e-16
1.21519 1.162519e-16
1.240506 1.986102e-17
1.265823 2.82073e-18
1.291139 3.204903e-19
1.316456 2.787069e-20
1.341772 1.763472e-21
1.367089 7.705669e-23
1.392405 2.252148e-24
1.417722 4.393327e-26
1.443038 5.763743e-28
1.468354 5.130023e-30
1.493671 3.023162e-32
1.518987 1.141456e-34
1.544304 2.858143e-37
1.56962 5.259104e-40
1.594937 7.214101e-43
1.620253 5.518712e-46
1.64557 8.869483e-50
1.670886 2.820719e-55
1.696203 1.932039e-61
1.721519 1.964031e-66
1.746835 3.576198e-70
1.772152 8.430132e-72
1.797468 3.547178e-73
1.822785 1.305056e-74
1.848101 4.402516e-76
1.873418 1.475917e-77
1.898734 4.930552e-79
1.924051 1.46586e-80
1.949367 3.349485e-82
1.974684 5.012577e-84
2 3.634104e-86
