0.02531646 0.9999998
0.05063291 1
0.07594937 1
0.1012658 1
0.1265823 1
0.1518987 1
0.1772152 1
0.2025316 0.9999986
0.2278481 0.9999873
0.2531646 0.9997938
0.278481 0.9899968
0.3037975 0.939925
0.3291139 0.1368314
0.3544304 0.01694571
0.3797468 0.06063988
0.4050633 0.496102
0.4303797 0.5389542
0.4556962 0.04412167
0.4810127 0.04094831
0.5063291 0.09630616
0.5316456 0.05707857
0.556962 0.0007987518
0.5822785 0.0002725945
0.6075949 0.0006140386
0.6329114 0.001057062
0.6582278 0.0005040569
0.6835443 0.0001589832
0.7088608 7.002527e-05
0.7341772 1.772658e-05
0.7594937 5.278957e-05
0.7848101 0.0005705005
0.8101266 0.001524694
0.835443 0.001528269
0.8607595 0.0006008547
0.8860759 0.0001377893
0.9113924 0.0001387388
0.9367089 0.0004837704
0.9620253 0.0008129773
0.9873418 0.0006537405
1.012658 0.0001367632
1.037975 2.237885e-05
1.063291 3.239979e-06
1.088608 2.066789e-07
1.113924 1.057238e-08
1.139241 2.064604e-09
1.164557 1.720585e-09
1.189873 2.698537e-09
1.21519 3.808574e-09
1.240506 7.389466e-10
1.265823 6.735414e-10
1.291139 5.788336e-10
1.316456 4.704842e-10
1.341772 3.388256e-09
1.367089 2.754157e-06
1.392405 6.578055e-05
1.417722 0.0002490988
1.443038 0.0002490988
1.468354 5.252442e-05
1.493671 1.896467e-06
1.518987 4.700145e-08
1.544304 3.029303e-09
1.56962 2.308594e-08
1.594937 4.661982e-08
1.620253 4.661982e-08
1.64557 1.135573e-08
1.670886 8.381249e-10
1.696203 1.269769e-10
1.721519 7.31594e-11
1.746835 5.5328e-11
1.772152 4.581694e-11
1.797468 4.037392e-11
1.822785 4.284165e-11
1.848101 6.539564e-11
1.873418 1.748931e-10
1.898734 4.664999e-10
1.924051 4.909406e-10
1.949367 2.167269e-10
1.974684 1.420391e-11
2 4.547422e-13
