0.02531646 0.9999998
0.05063291 1
0.07594937 1
0.1012658 1
0.1265823 1
0.1518987 1
0.1772152 1
0.2025316 1
0.2278481 0.9999999
0.2531646 1
0.278481 1
0.3037975 0.9999999
0.3291139 0.9999958
0.3544304 0.9999893
0.3797468 0.9999955
0.4050633 0.999882
0.4303797 0.9999988
0.4556962 0.9999998
0.4810127 0.999996
0.5063291 0.9988247
0.5316456 0.9715883
0.556962 0.99046
0.5822785 0.9997112
0.6075949 0.99972
0.6329114 0.99961
0.6582278 0.9976792
0.6835443 0.9402512
0.7088608 0.3045738
0.7341772 0.1905444
0.7594937 0.805585
0.7848101 0.4589719
0.8101266 0.0331535
0.835443 0.0002471861
0.8607595 0.0002351336
0.8860759 0.0001691217
0.9113924 2.691881e-05
0.9367089 2.391788e-06
0.9620253 2.024608e-07
0.9873418 1.565999e-06
1.012658 1.900119e-06
1.037975 6.209381e-07
1.063291 1.535895e-07
1.088608 4.309075e-06
1.113924 5.261641e-06
1.139241 1.740164e-06
1.164557 1.414961e-07
1.189873 9.811391e-09
1.21519 7.538602e-09
1.240506 3.321118e-09
1.265823 1.033506e-09
1.291139 7.044604e-10
1.316456 6.216701e-10
1.341772 4.072559e-10
1.367089 2.420002e-10
1.392405 2.260297e-10
1.417722 3.784461e-10
1.443038 7.900649e-10
1.468354 1.200926e-09
1.493671 1.496464e-09
1.518987 1.342454e-09
1.544304 1.151018e-09
1.56962 5.901963e-09
1.594937 8.334879e-08
1.620253 7.320286e-08
1.64557 1.40237e-08
1.670886 6.563592e-08
1.696203 2.470894e-06
1.721519 1.67896e-05
1.746835 6.289063e-06
1.772152 2.39637e-07
1.797468 1.902646e-09
1.822785 4.532847e-12
1.848101 4.726229e-12
1.873418 5.859032e-12
1.898734 9.266698e-12
1.924051 1.031847e-11
1.949367 2.430024e-12
1.974684 1.47938e-14
2 2.430524e-16
