0.02531646 1
0.05063291 1
0.07594937 1
0.1012658 1
0.1265823 1
0.1518987 1
0.1772152 0.9999992
0.2025316 0.9999847
0.2278481 0.9999909
0.2531646 0.9999937
0.278481 0.9999118
0.3037975 0.9983202
0.3291139 0.9662449
0.3544304 0.9209837
0.3797468 0.9585787
0.4050633 0.9978118
0.4303797 0.987975
0.4556962 0.9697203
0.4810127 0.9918257
0.5063291 0.9793471
0.5316456 0.9514274
0.556962 0.5875456
0.5822785 0.1611268
0.6075949 0.1827169
0.6329114 0.6252698
0.6582278 0.9036661
0.6835443 0.5181704
0.7088608 0.08976866
0.7341772 0.004520681
0.7594937 5.604686e-05
0.7848101 1.333973e-07
0.8101266 3.469476e-10
0.835443 3.469476e-10
0.8607595 4.006465e-10
0.8860759 4.207931e-10
0.9113924 3.844379e-10
0.9367089 3.500271e-10
0.9620253 3.471427e-10
0.9873418 3.472144e-10
1.012658 3.527805e-10
1.037975 5.055942e-10
1.063291 9.088255e-10
1.088608 7.227272e-10
1.113924 5.050358e-10
1.139241 4.246316e-10
1.164557 3.183416e-10
1.189873 1.340587e-10
1.21519 1.584135e-11
1.240506 1.244166e-13
1.265823 4.107833e-15
1.291139 4.016821e-15
1.316456 4.163145e-15
1.341772 4.524555e-15
1.367089 5.0184e-15
1.392405 5.38352e-15
1.417722 6.222435e-15
1.443038 8.55194e-15
1.468354 1.836149e-14
1.493671 5.285036e-13
1.518987 1.025274e-11
1.544304 6.485562e-11
1.56962 2.641222e-10
1.594937 1.327198e-09
1.620253 7.558546e-09
1.64557 4.074104e-08
1.670886 6.925169e-09
1.696203 5.551812e-10
1.721519 1.923859e-09
1.746835 9.464716e-09
1.772152 1.617996e-08
1.797468 4.624082e-08
1.822785 1.889069e-07
1.848101 5.50277e-07
1.873418 7.946134e-07
1.898734 1.550694e-07
1.924051 5.166348e-09
1.949367 6.833062e-11
1.974684 7.245744e-13
2 1.031431e-15
