0.02531646 1
0.05063291 1
0.07594937 1
0.1012658 1
0.1265823 1
0.1518987 1
0.1772152 1
0.2025316 0.9999979
0.2278481 0.9997823
0.2531646 0.9954043
0.278481 0.3670808
0.3037975 0.05335516
0.3291139 0.004733193
0.3544304 0.03620149
0.3797468 0.002698778
0.4050633 0.0009127971
0.4303797 0.004981322
0.4556962 0.002119431
0.4810127 0.000873089
0.5063291 0.003850526
0.5316456 0.02022097
0.556962 0.02198087
0.5822785 0.02198087
0.6075949 0.02039064
0.6329114 0.00887815
0.6582278 0.001605596
0.6835443 0.0002428846
0.7088608 0.0003438169
0.7341772 0.0006409056
0.7594937 0.0004366984
0.7848101 0.0001164495
0.8101266 9.902929e-06
0.835443 3.213114e-07
0.8607595 2.180622e-07
0.8860759 3.309087e-07
0.9113924 2.723005e-06
0.9367089 1.253801e-05
0.9620253 3.815288e-05
0.9873418 0.0001005238
1.012658 0.0001124789
1.037975 7.322598e-05
1.063291 2.249831e-05
1.088608 6.611478e-06
1.113924 1.32204e-05
1.139241 4.300516e-05
1.164557 4.673726e-05
1.189873 3.487201e-05
1.21519 9.86633e-06
1.240506 1.303751e-06
1.265823 1.114187e-07
1.291139 6.518273e-09
1.316456 4.401141e-10
1.341772 4.406288e-10
1.367089 3.778376e-09
1.392405 1.69276e-09
1.417722 1.604265e-08
1.443038 1.371716e-07
1.468354 1.069823e-07
1.493671 1.277117e-08
1.518987 2.010107e-09
1.544304 3.597673e-09
1.56962 4.360406e-09
1.594937 1.39002e-09
1.620253 1.187277e-10
1.64557 2.233972e-12
1.670886 3.565906e-13
1.696203 1.162705e-13
1.721519 4.240113e-14
1.746835 1.69541e-14
1.772152 1.073886e-14
1.797468 6.187812e-15
1.822785 4.011412e-15
1.848101 3.376888e-15
1.873418 3.304833e-15
1.898734 3.394652e-15
1.924051 3.598867e-15
1.949367 3.962456e-15
1.974684 4.507811e-15
2 5.271415e-15
