0.4303797 1
0.4556962 1
0.4810127 1
0.5063291 1
0.5316456 1
0.556962 1
0.5822785 1
0.6075949 1
0.6329114 1
0.6582278 1
0.6835443 1
0.7088608 1
0.7341772 1
0.7594937 1
0.7848101 1
0.8101266 1
0.835443 1
0.8607595 1
0.8860759 1
0.9113924 1
0.9367089 1
0.9620253 1
0.9873418 1
1.012658 1
1.037975 1
1.063291 1
1.088608 1
1.113924 1
1.139241 1
1.164557 1
1.189873 1
1.21519 1
1.240506 1
1.265823 1
1.291139 1
1.316456 1
1.341772 0.9999999
1.367089 0.9999931
1.392405 0.9994707
1.417722 0.9682276
1.443038 0.6041747
1.468354 0.04519645
1.493671 0.001383643
1.518987 3.076498e-05
1.544304 9.571759e-08
1.56962 6.808552e-11
1.594937 3.379927e-14
1.620253 1.367815e-15
1.64557 2.524977e-17
1.670886 4.07089e-18
1.696203 2.115112e-18
1.721519 9.964421e-19
1.746835 4.146684e-19
1.772152 1.498152e-19
1.797468 4.744416e-20
1.822785 1.319374e-20
1.848101 3.32138e-21
1.873418 7.72081e-22
1.898734 1.709431e-22
1.924051 3.76828e-23
1.949367 8.233664e-24
1.974684 1.519764e-24
2 1.242539e-25
