0.02531646 1
0.05063291 1
0.07594937 1
0.1012658 1
0.1265823 1
0.1518987 1
0.1772152 1
0.2025316 0.9999986
0.2278481 0.9999133
0.2531646 0.9970411
0.278481 0.7575111
0.3037975 0.1857399
0.3291139 0.01442792
0.3544304 0.07958285
0.3797468 0.05821655
0.4050633 0.03229679
0.4303797 0.04520826
0.4556962 0.09126457
0.4810127 0.1503721
0.5063291 0.1503721
0.5316456 0.0440395
0.556962 0.004898045
0.5822785 0.001170163
0.6075949 0.006284076
0.6329114 0.01923447
0.6582278 0.01933995
0.6835443 0.01282871
0.7088608 0.003413915
0.7341772 0.0002796989
0.7594937 1.530206e-05
0.7848101 9.613957e-05
0.8101266 0.0001658037
0.835443 0.0001199403
0.8607595 8.086865e-05
0.8860759 2.629605e-05
0.9113924 8.936045e-06
0.9367089 1.850808e-06
0.9620253 9.682671e-08
0.9873418 4.490992e-08
1.012658 4.490746e-08
1.037975 4.521732e-08
1.063291 4.466019e-08
1.088608 4.873978e-08
1.113924 4.876129e-07
1.139241 6.137629e-06
1.164557 2.212454e-05
1.189873 8.888391e-05
1.21519 0.0001920794
1.240506 5.877622e-05
1.265823 2.421334e-06
1.291139 9.908275e-08
1.316456 2.18348e-08
1.341772 1.047454e-07
1.367089 2.410856e-08
1.392405 8.537473e-08
1.417722 7.615151e-07
1.443038 2.939524e-06
1.468354 3.937653e-06
1.493671 7.189885e-07
1.518987 5.118139e-08
1.544304 7.181109e-09
1.56962 5.197199e-10
1.594937 1.377421e-10
1.620253 6.59601e-11
1.64557 2.279726e-11
1.670886 3.942223e-12
1.696203 8.368958e-13
1.721519 2.663868e-13
1.746835 1.026661e-13
1.772152 4.749596e-14
1.797468 3.141636e-14
1.822785 2.931138e-14
1.848101 3.387571e-14
1.873418 4.874091e-14
1.898734 8.437422e-14
1.924051 2.257246e-13
1.949367 2.479334e-12
1.974684 2.0525e-11
2 8.211384e-11
