0.02531646 1
0.05063291 1
0.07594937 1
0.1012658 1
0.1265823 1
0.1518987 1
0.1772152 1
0.2025316 1
0.2278481 0.9999999
0.2531646 0.9999812
0.278481 0.9999118
0.3037975 0.9999793
0.3291139 0.9998906
0.3544304 0.9976128
0.3797468 0.9994736
0.4050633 0.9999834
0.4303797 0.9999455
0.4556962 0.9707206
0.4810127 0.6459479
0.5063291 0.8815844
0.5316456 0.994392
0.556962 0.9978553
0.5822785 0.9947597
0.6075949 0.9732217
0.6329114 0.7803343
0.6582278 0.2120904
0.6835443 0.01933101
0.7088608 0.0007173026
0.7341772 1.181854e-05
0.7594937 1.236245e-07
0.7848101 1.038999e-09
0.8101266 3.469476e-10
0.835443 3.743505e-10
0.8607595 4.893018e-10
0.8860759 5.24305e-10
0.9113924 5.016334e-10
0.9367089 4.952069e-10
0.9620253 5.013664e-10
0.9873418 5.052129e-10
1.012658 4.851952e-10
1.037975 3.775907e-10
1.063291 1.946278e-10
1.088608 4.868286e-11
1.113924 4.166659e-12
1.139241 3.552388e-14
1.164557 6.673939e-15
1.189873 5.491471e-15
1.21519 4.75407e-15
1.240506 4.380948e-15
1.265823 4.317584e-15
1.291139 4.486878e-15
1.316456 4.782072e-15
1.341772 5.735276e-15
1.367089 2.260403e-14
1.392405 8.817873e-13
1.417722 2.357443e-11
1.443038 1.049614e-09
1.468354 3.534442e-08
1.493671 4.531672e-07
1.518987 1.925482e-06
1.544304 1.086725e-06
1.56962 1.025897e-07
1.594937 9.77548e-10
1.620253 2.089256e-10
1.64557 3.554931e-10
1.670886 3.397484e-10
1.696203 2.416069e-10
1.721519 4.519596e-09
1.746835 8.153744e-08
1.772152 5.698811e-07
1.797468 1.847974e-06
1.822785 4.28826e-06
1.848101 4.02756e-07
1.873418 2.614121e-09
1.898734 9.111669e-12
1.924051 5.920789e-14
1.949367 1.07193e-14
1.974684 1.871067e-15
2 7.427628e-17
