0.02531646 1
0.05063291 1
0.07594937 1
0.1012658 1
0.1265823 1
0.1518987 1
0.1772152 1
0.2025316 0.9999994
0.2278481 0.9996027
0.2531646 0.9611551
0.278481 0.4740329
0.3037975 0.01443147
0.3291139 0.004044862
0.3544304 2.775716e-05
0.3797468 1.315281e-06
0.4050633 4.364021e-07
0.4303797 1.329159e-08
0.4556962 8.202209e-10
0.4810127 1.736793e-10
0.5063291 7.270651e-11
0.5316456 2.017524e-11
0.556962 3.534502e-12
0.5822785 4.620552e-13
0.6075949 5.157723e-14
0.6329114 8.061904e-15
0.6582278 2.750771e-15
0.6835443 1.447898e-15
0.7088608 7.363881e-16
0.7341772 3.50639e-16
0.7594937 1.562603e-16
0.7848101 6.52029e-17
0.8101266 2.553867e-17
0.835443 9.464207e-18
0.8607595 3.391338e-18
0.8860759 1.242601e-18
0.9113924 5.279856e-19
0.9367089 3.153784e-19
0.9620253 2.915096e-19
0.9873418 3.749265e-19
1.012658 5.784664e-19
1.037975 9.725944e-19
1.063291 1.687587e-18
1.088608 2.937446e-18
1.113924 5.051218e-18
1.139241 8.518114e-18
1.164557 1.4053e-17
1.189873 2.270021e-17
1.21519 3.600441e-17
1.240506 5.627792e-17
1.265823 8.697154e-17
1.291139 1.33128e-16
1.316456 2.018742e-16
1.341772 3.028796e-16
1.367089 4.489261e-16
1.392405 6.568931e-16
1.417722 9.484792e-16
1.443038 1.348385e-15
1.468354 1.877892e-15
1.493671 2.608118e-15
1.518987 3.800343e-15
1.544304 6.061068e-15
1.56962 1.085923e-14
1.594937 2.226529e-14
1.620253 5.122709e-14
1.64557 1.246359e-13
1.670886 3.081271e-13
1.696203 7.82357e-13
1.721519 2.119835e-12
1.746835 6.155923e-12
1.772152 1.754646e-11
1.797468 4.038974e-11
1.822785 6.009944e-11
1.848101 6.13393e-11
1.873418 4.732673e-11
1.898734 1.762584e-11
1.924051 2.033408e-12
1.949367 5.917536e-14
1.974684 4.227535e-15
2 3.169889e-15
