0.4303797 1
0.4556962 1
0.4810127 1
0.5063291 1
0.5316456 1
0.556962 1
0.5822785 1
0.6075949 1
0.6329114 1
0.6582278 0.9999998
0.6835443 0.9999459
0.7088608 0.9963062
0.7341772 0.9219994
0.7594937 0.4284039
0.7848101 0.00574324
0.8101266 0.000122135
0.835443 6.392391e-06
0.8607595 5.06621e-07
0.8860759 1.135107e-08
0.9113924 2.933912e-10
0.9367089 1.057597e-11
0.9620253 8.053435e-13
0.9873418 5.391161e-14
1.012658 3.794675e-15
1.037975 7.76991e-16
1.063291 1.631681e-16
1.088608 2.675134e-17
1.113924 3.353945e-18
1.139241 3.137935e-19
1.164557 2.112461e-20
1.189873 9.672701e-22
1.21519 2.790064e-23
1.240506 4.551428e-25
1.265823 3.636409e-27
1.291139 1.193878e-29
1.316456 1.297989e-32
1.341772 3.874054e-36
1.367089 2.373334e-40
1.392405 3.117743e-45
1.417722 7.127153e-51
1.443038 5.78285e-57
1.468354 1.038482e-62
1.493671 3.446474e-66
1.518987 1.542389e-67
1.544304 6.905967e-69
1.56962 3.245553e-70
1.594937 1.624664e-71
1.620253 8.411258e-73
1.64557 4.367019e-74
1.670886 2.247481e-75
1.696203 1.147697e-76
1.721519 5.854303e-78
1.746835 3.00159e-79
1.772152 1.536887e-80
1.797468 7.658654e-82
1.822785 3.585394e-83
1.848101 1.527343e-84
1.873418 5.770355e-86
1.898734 1.884529e-87
1.924051 5.131797e-89
1.949367 1.095683e-90
1.974684 1.629908e-92
2 1.262751e-94
