0.5316456 1
0.556962 1
0.5822785 1
0.6075949 1
0.6329114 1
0.6582278 1
0.6835443 1
0.7088608 1
0.7341772 1
0.7594937 1
0.7848101 1
0.8101266 0.9999955
0.835443 0.9988048
0.8607595 0.9513467
0.8860759 0.5500055
0.9113924 0.02609978
0.9367089 0.0009023453
0.9620253 3.700896e-05
0.9873418 1.301675e-06
1.012658 3.384546e-08
1.037975 6.583274e-10
1.063291 1.169331e-11
1.088608 4.561494e-13
1.113924 1.833435e-14
1.139241 1.501162e-15
1.164557 3.165423e-16
1.189873 5.545172e-17
1.21519 7.973871e-18
1.240506 9.140754e-19
1.265823 7.975923e-20
1.291139 4.994936e-21
1.316456 2.10966e-22
1.341772 5.699523e-24
1.367089 9.29505e-26
1.392405 8.483618e-28
1.417722 4.196996e-30
1.443038 1.159933e-32
1.468354 1.851711e-35
1.493671 1.775956e-38
1.518987 1.183126e-41
1.544304 6.025565e-45
1.56962 2.022463e-48
1.594937 3.355058e-52
1.620253 1.775042e-56
1.64557 1.765536e-61
1.670886 3.68814e-67
1.696203 6.773023e-71
1.721519 3.733003e-72
1.746835 1.966477e-73
1.772152 9.460394e-75
1.797468 4.017844e-76
1.822785 1.481522e-77
1.848101 4.736853e-79
1.873418 1.327501e-80
1.898734 3.307896e-82
1.924051 7.294541e-84
1.949367 1.346071e-85
1.974684 1.810059e-87
2 1.289911e-89
