0.02531646 0.9999999
0.05063291 1
0.07594937 1
0.1012658 1
0.1265823 1
0.1518987 1
0.1772152 1
0.2025316 0.9999984
0.2278481 0.999904
0.2531646 0.9972033
0.278481 0.7093181
0.3037975 0.1397934
0.3291139 0.009210632
0.3544304 0.06196593
0.3797468 0.003941984
0.4050633 0.0009127971
0.4303797 0.01225476
0.4556962 0.006633846
0.4810127 0.00145471
0.5063291 0.002211137
0.5316456 0.01452725
0.556962 0.02198087
0.5822785 0.01451501
0.6075949 0.005812158
0.6329114 0.001229849
0.6582278 0.0002256576
0.6835443 0.0001828252
0.7088608 0.0005750557
0.7341772 0.0007765749
0.7594937 0.0004156112
0.7848101 7.659757e-05
0.8101266 3.673284e-06
0.835443 2.180622e-07
0.8607595 2.180579e-07
0.8860759 2.477685e-07
0.9113924 2.36851e-06
0.9367089 2.776416e-05
0.9620253 0.0001067666
0.9873418 0.0001294447
1.012658 0.0001294447
1.037975 0.0001294447
1.063291 9.304289e-05
1.088608 4.240453e-05
1.113924 2.624729e-05
1.139241 3.606718e-05
1.164557 2.943886e-05
1.189873 5.697157e-06
1.21519 6.794461e-07
1.240506 7.226688e-08
1.265823 6.274028e-09
1.291139 2.174546e-09
1.316456 2.95428e-09
1.341772 1.842943e-08
1.367089 3.792651e-07
1.392405 1.825599e-07
1.417722 4.25659e-07
1.443038 5.913285e-07
1.468354 1.216565e-07
1.493671 5.44757e-09
1.518987 2.027685e-09
1.544304 3.97091e-09
1.56962 4.340374e-09
1.594937 1.37795e-09
1.620253 9.842202e-11
1.64557 1.782369e-12
1.670886 3.546432e-13
1.696203 1.164464e-13
1.721519 4.241556e-14
1.746835 1.922512e-14
1.772152 1.332615e-14
1.797468 6.295435e-15
1.822785 3.695473e-15
1.848101 2.971613e-15
1.873418 2.851043e-15
1.898734 2.875821e-15
1.924051 2.987154e-15
1.949367 3.214548e-15
1.974684 3.573481e-15
2 4.04304e-15
