0.1012658 1
0.1265823 1
0.1518987 1
0.1772152 1
0.2025316 1
0.2278481 1
0.2531646 1
0.278481 1
0.3037975 1
0.3291139 1
0.3544304 1
0.3797468 1
0.4050633 1
0.4303797 1
0.4556962 1
0.4810127 1
0.5063291 1
0.5316456 1
0.556962 1
0.5822785 1
0.6075949 1
0.6329114 1
0.6582278 0.9999999
0.6835443 0.9999991
0.7088608 0.9999328
0.7341772 0.9949215
0.7594937 0.9286051
0.7848101 0.4717577
0.8101266 0.04568773
0.835443 0.0009909191
0.8607595 2.851118e-06
0.8860759 9.738692e-10
0.9113924 1.522606e-11
0.9367089 2.560262e-11
0.9620253 2.655022e-11
0.9873418 1.614323e-11
1.012658 4.612313e-12
1.037975 4.448582e-13
1.063291 9.827827e-15
1.088608 3.864271e-16
1.113924 2.662025e-16
1.139241 1.955061e-16
1.164557 1.208545e-16
1.189873 6.349146e-17
1.21519 2.856723e-17
1.240506 1.095945e-17
1.265823 3.497612e-18
1.291139 8.699274e-19
1.316456 1.507483e-19
1.341772 1.508631e-20
1.367089 5.206779e-22
1.392405 4.279666e-33
1.417722 2.886333e-38
1.443038 3.998539e-38
1.468354 4.580201e-38
1.493671 4.338022e-38
1.518987 3.397289e-38
1.544304 2.200056e-38
1.56962 1.178482e-38
1.594937 5.22546e-39
1.620253 1.920469e-39
1.64557 5.860642e-40
1.670886 1.487902e-40
1.696203 3.147551e-41
1.721519 5.551521e-42
1.746835 8.156964e-43
1.772152 9.957532e-44
1.797468 1.005078e-44
1.822785 8.329954e-46
1.848101 5.617143e-47
1.873418 3.04737e-48
1.898734 1.311924e-49
1.924051 4.404264e-51
1.949367 1.122023e-52
1.974684 2.031481e-54
2 2.063961e-56
