0.02531646 1
0.05063291 1
0.07594937 1
0.1012658 1
0.1265823 1
0.1518987 1
0.1772152 1
0.2025316 0.9999925
0.2278481 0.9995087
0.2531646 0.9926537
0.278481 0.9048128
0.3037975 0.0118203
0.3291139 0.0036601
0.3544304 0.0001662015
0.3797468 5.897321e-06
0.4050633 4.683776e-07
0.4303797 1.2778e-08
0.4556962 4.887171e-10
0.4810127 2.013939e-10
0.5063291 1.266119e-10
0.5316456 7.887165e-11
0.556962 4.732823e-11
0.5822785 2.824879e-11
0.6075949 1.768059e-11
0.6329114 1.249895e-11
0.6582278 1.012667e-11
0.6835443 1.019506e-11
0.7088608 1.111737e-11
0.7341772 1.318642e-11
0.7594937 1.652218e-11
0.7848101 2.129216e-11
0.8101266 2.748469e-11
0.835443 3.485872e-11
0.8607595 4.340267e-11
0.8860759 5.382202e-11
0.9113924 6.761941e-11
0.9367089 8.701727e-11
0.9620253 1.122559e-10
0.9873418 1.297925e-10
1.012658 1.306648e-10
1.037975 1.27469e-10
1.063291 1.281118e-10
1.088608 1.697117e-10
1.113924 5.555966e-10
1.139241 3.240141e-09
1.164557 1.887575e-08
1.189873 9.983136e-08
1.21519 4.374635e-07
1.240506 9.753537e-07
1.265823 7.681626e-07
1.291139 2.86832e-07
1.316456 1.02093e-07
1.341772 5.749528e-08
1.367089 3.369004e-08
1.392405 3.307113e-08
1.417722 9.410629e-08
1.443038 4.433906e-07
1.468354 1.712936e-06
1.493671 2.028555e-05
1.518987 0.0001497403
1.544304 0.000162063
1.56962 7.547961e-05
1.594937 1.438627e-05
1.620253 9.698571e-07
1.64557 1.521809e-06
1.670886 5.049083e-06
1.696203 6.252774e-06
1.721519 4.26885e-06
1.746835 9.402495e-07
1.772152 2.928673e-07
1.797468 3.764247e-07
1.822785 1.84537e-06
1.848101 5.137595e-06
1.873418 4.404189e-06
1.898734 1.721655e-06
1.924051 1.913122e-07
1.949367 5.632208e-09
1.974684 7.686491e-08
2 4.288763e-06
