0.4050633 1
0.4303797 1
0.4556962 1
0.4810127 1
0.5063291 1
0.5316456 1
0.556962 1
0.5822785 1
0.6075949 1
0.6329114 1
0.6582278 1
0.6835443 1
0.7088608 1
0.7341772 1
0.7594937 1
0.7848101 1
0.8101266 1
0.835443 1
0.8607595 1
0.8860759 1
0.9113924 1
0.9367089 1
0.9620253 1
0.9873418 1
1.012658 1
1.037975 1
1.063291 1
1.088608 1
1.113924 1
1.139241 1
1.164557 1
1.189873 1
1.21519 1
1.240506 1
1.265823 1
1.291139 1
1.316456 1
1.341772 1
1.367089 0.9999944
1.392405 0.9996379
1.417722 0.9960283
1.443038 0.9287146
1.468354 0.3512127
1.493671 0.03004684
1.518987 0.0005755878
1.544304 2.184997e-06
1.56962 1.70799e-09
1.594937 1.44171e-12
1.620253 7.242689e-15
1.64557 3.369499e-17
1.670886 4.759019e-18
1.696203 2.404993e-18
1.721519 1.038789e-18
1.746835 3.732055e-19
1.772152 1.113056e-19
1.797468 2.76136e-20
1.822785 5.691167e-21
1.848101 9.621537e-22
1.873418 1.296136e-22
1.898734 1.328376e-23
1.924051 9.563047e-25
1.949367 3.997434e-26
1.974684 2.88053e-28
2 1.932138e-33
