0.5316456 1
0.556962 1
0.5822785 1
0.6075949 1
0.6329114 1
0.6582278 1
0.6835443 1
0.7088608 1
0.7341772 1
0.7594937 1
0.7848101 1
0.8101266 0.9999995
0.835443 0.9996946
0.8607595 0.9751911
0.8860759 0.6667566
0.9113924 0.08793434
0.9367089 0.002260661
0.9620253 9.18744e-05
0.9873418 3.102805e-06
1.012658 1.015652e-07
1.037975 1.942653e-09
1.063291 3.701604e-11
1.088608 1.123978e-12
1.113924 4.393958e-14
1.139241 2.400197e-15
1.164557 4.853937e-16
1.189873 9.026473e-17
1.21519 1.392345e-17
1.240506 1.739453e-18
1.265823 1.688774e-19
1.291139 1.204479e-20
1.316456 5.933339e-22
1.341772 1.909099e-23
1.367089 3.844999e-25
1.392405 4.575178e-27
1.417722 3.100964e-29
1.443038 1.223281e-31
1.468354 2.895162e-34
1.493671 4.170792e-37
1.518987 4.010942e-40
1.544304 2.944784e-43
1.56962 1.539788e-46
1.594937 4.261862e-50
1.620253 3.840789e-54
1.64557 4.91963e-59
1.670886 1.562826e-64
1.696203 2.374182e-70
1.721519 1.263906e-71
1.746835 6.786981e-73
1.772152 3.517842e-74
1.797468 1.667321e-75
1.822785 6.91769e-77
1.848101 2.44527e-78
1.873418 7.245246e-80
1.898734 1.778204e-81
1.924051 3.562511e-83
1.949367 5.639072e-85
1.974684 6.442248e-87
2 4.023867e-89
