0.6835443 1
0.7088608 1
0.7341772 1
0.7594937 1
0.7848101 1
0.8101266 1
0.835443 1
0.8607595 1
0.8860759 1
0.9113924 1
0.9367089 1
0.9620253 1
0.9873418 1
1.012658 1
1.037975 1
1.063291 0.9999979
1.088608 0.999228
1.113924 0.9563386
1.139241 0.5438735
1.164557 0.02522121
1.189873 0.0006096888
1.21519 1.837636e-05
1.240506 3.03295e-07
1.265823 5.888176e-09
1.291139 7.150229e-11
1.316456 1.2625e-12
1.341772 7.016716e-14
1.367089 5.127331e-15
1.392405 1.226201e-15
1.417722 3.664195e-16
1.443038 8.410065e-17
1.468354 1.466261e-17
1.493671 2.152592e-18
1.518987 2.540919e-19
1.544304 2.252381e-20
1.56962 1.618145e-21
1.594937 1.215635e-22
1.620253 1.010265e-23
1.64557 7.017083e-25
1.670886 3.229969e-26
1.696203 8.799126e-28
1.721519 1.202368e-29
1.746835 6.865805e-32
1.772152 1.424811e-34
1.797468 9.652473e-38
1.822785 1.448209e-41
1.848101 1.921899e-46
1.873418 1.937232e-52
1.898734 7.422725e-56
1.924051 6.175344e-59
1.949367 2.118811e-63
1.974684 6.072728e-71
2 1.747786e-81
