0.6075949 1
0.6329114 1
0.6582278 1
0.6835443 1
0.7088608 1
0.7341772 1
0.7594937 1
0.7848101 1
0.8101266 1
0.835443 1
0.8607595 1
0.8860759 1
0.9113924 1
0.9367089 0.9999746
0.9620253 0.9952342
0.9873418 0.8664455
1.012658 0.2735063
1.037975 0.007593312
1.063291 0.0002474034
1.088608 7.142715e-06
1.113924 1.912022e-07
1.139241 2.967778e-09
1.164557 4.108546e-11
1.189873 7.835362e-13
1.21519 2.861714e-14
1.240506 2.065413e-15
1.265823 5.614651e-16
1.291139 1.438322e-16
1.316456 3.19862e-17
1.341772 5.911511e-18
1.367089 8.786601e-19
1.392405 1.024804e-19
1.417722 9.248406e-21
1.443038 6.447627e-22
1.468354 3.520428e-23
1.493671 1.507711e-24
1.518987 4.748215e-26
1.544304 1.029898e-27
1.56962 1.475067e-29
1.594937 1.354346e-31
1.620253 8.261301e-34
1.64557 2.259732e-36
1.670886 2.529645e-39
1.696203 2.757037e-42
1.721519 1.620771e-45
1.746835 1.951652e-49
1.772152 3.482947e-54
1.797468 4.661154e-59
1.822785 1.921897e-63
1.848101 2.050598e-67
1.873418 4.902135e-71
1.898734 4.075883e-75
1.924051 5.572704e-77
1.949367 1.323156e-78
1.974684 1.791253e-80
2 9.39942e-83
