0.4810127 1
0.5063291 1
0.5316456 1
0.556962 1
0.5822785 1
0.6075949 1
0.6329114 1
0.6582278 1
0.6835443 1
0.7088608 1
0.7341772 0.9999822
0.7594937 0.9977588
0.7848101 0.9398834
0.8101266 0.5413931
0.835443 0.01344221
0.8607595 0.0002741954
0.8860759 1.145354e-05
0.9113924 6.044958e-07
0.9367089 1.655481e-08
0.9620253 4.051853e-10
0.9873418 1.2095e-11
1.012658 7.144356e-13
1.037975 3.803099e-14
1.063291 2.58181e-15
1.088608 5.33745e-16
1.113924 9.883865e-17
1.139241 1.433941e-17
1.164557 1.593241e-18
1.189873 1.314874e-19
1.21519 7.730205e-21
1.240506 3.030121e-22
1.265823 7.217623e-24
1.291139 9.199226e-26
1.316456 5.367868e-28
1.341772 1.220493e-30
1.367089 8.974077e-34
1.392405 1.983641e-37
1.417722 1.330725e-41
1.443038 3.214639e-46
1.468354 2.897282e-51
1.493671 1.357849e-56
1.518987 6.172403e-62
1.544304 5.129119e-67
1.56962 9.305655e-69
1.594937 4.257562e-70
1.620253 1.95325e-71
1.64557 9.667268e-73
1.670886 5.257927e-74
1.696203 2.972007e-75
1.721519 1.634306e-76
1.746835 8.448224e-78
1.772152 4.09391e-79
1.797468 1.893194e-80
1.822785 8.531014e-82
1.848101 3.743741e-83
1.873418 1.545708e-84
1.898734 5.666533e-86
1.924051 1.723151e-87
1.949367 4.003735e-89
1.974684 6.258949e-91
2 4.915343e-93
