0.4050633 1
0.4303797 1
0.4556962 1
0.4810127 1
0.5063291 1
0.5316456 1
0.556962 1
0.5822785 1
0.6075949 0.9999987
0.6329114 0.9992504
0.6582278 0.9533103
0.6835443 0.5510333
0.7088608 0.02974399
0.7341772 0.002721381
0.7594937 0.0008744537
0.7848101 6.496391e-05
0.8101266 2.014908e-06
0.835443 5.074245e-08
0.8607595 1.118229e-09
0.8860759 2.284909e-11
0.9113924 1.551233e-12
0.9367089 1.530149e-13
0.9620253 1.106062e-14
0.9873418 1.580427e-15
1.012658 4.00032e-16
1.037975 8.070103e-17
1.063291 1.26422e-17
1.088608 1.50489e-18
1.113924 1.323077e-19
1.139241 8.265114e-21
1.164557 3.48584e-22
1.189873 9.230812e-24
1.21519 1.375383e-25
1.240506 9.974807e-28
1.265823 2.888068e-30
1.291139 2.853123e-33
1.316456 7.10673e-37
1.341772 3.47155e-41
1.367089 2.884408e-46
1.392405 3.027385e-52
1.417722 2.56786e-58
1.443038 9.515067e-64
1.468354 1.198097e-65
1.493671 5.055125e-67
1.518987 2.159301e-68
1.544304 9.694394e-70
1.56962 4.556424e-71
1.594937 2.185162e-72
1.620253 1.055325e-73
1.64557 5.146128e-75
1.670886 2.559341e-76
1.696203 1.31439e-77
1.721519 7.023343e-79
1.746835 3.877407e-80
1.772152 2.163099e-81
1.797468 1.185639e-82
1.822785 6.208137e-84
1.848101 3.013436e-85
1.873418 1.30928e-86
1.898734 4.884442e-88
1.924051 1.486244e-89
1.949367 3.433447e-91
1.974684 5.330312e-93
2 4.161756e-95
