0.02531646 0.9999998
0.05063291 1
0.07594937 1
0.1012658 1
0.1265823 1
0.1518987 1
0.1772152 1
0.2025316 0.9999997
0.2278481 1
0.2531646 1
0.278481 1
0.3037975 1
0.3291139 1
0.3544304 0.9999999
0.3797468 0.9999791
0.4050633 0.9974778
0.4303797 0.9974988
0.4556962 0.999756
0.4810127 0.9999962
0.5063291 0.9994687
0.5316456 0.9855855
0.556962 0.9906811
0.5822785 0.9982859
0.6075949 0.999967
0.6329114 0.9999872
0.6582278 0.9999743
0.6835443 0.9986887
0.7088608 0.9064875
0.7341772 0.2744252
0.7594937 0.006516161
0.7848101 0.0001038161
0.8101266 3.916334e-07
0.835443 1.403319e-09
0.8607595 3.693736e-10
0.8860759 3.693736e-10
0.9113924 3.693736e-10
0.9367089 3.712341e-10
0.9620253 5.427321e-09
0.9873418 1.8009e-07
1.012658 1.158701e-06
1.037975 1.890331e-06
1.063291 1.845749e-06
1.088608 5.66825e-07
1.113924 3.65196e-08
1.139241 2.343701e-09
1.164557 7.046398e-10
1.189873 2.774545e-09
1.21519 4.756621e-09
1.240506 8.07485e-10
1.265823 3.030153e-10
1.291139 3.941806e-10
1.316456 1.265536e-10
1.341772 1.4232e-10
1.367089 3.256181e-10
1.392405 5.909984e-10
1.417722 6.790199e-10
1.443038 6.202502e-10
1.468354 3.119851e-10
1.493671 1.239931e-10
1.518987 5.47772e-11
1.544304 2.449825e-11
1.56962 8.456164e-12
1.594937 1.82404e-12
1.620253 2.593597e-13
1.64557 4.794152e-14
1.670886 4.004826e-14
1.696203 1.306425e-13
1.721519 9.892322e-13
1.746835 8.072879e-12
1.772152 5.38048e-11
1.797468 2.191515e-10
1.822785 5.496142e-10
1.848101 1.017787e-09
1.873418 1.781491e-09
1.898734 3.230132e-09
1.924051 4.751747e-09
1.949367 5.315093e-09
1.974684 2.532487e-09
2 1.206163e-10
