0.4810127 1
0.5063291 1
0.5316456 1
0.556962 1
0.5822785 1
0.6075949 1
0.6329114 1
0.6582278 1
0.6835443 1
0.7088608 1
0.7341772 0.9999961
0.7594937 0.9992349
0.7848101 0.9763512
0.8101266 0.7467678
0.835443 0.06354763
0.8607595 0.002617823
0.8860759 9.175174e-05
0.9113924 3.854288e-06
0.9367089 1.00437e-07
0.9620253 2.384015e-09
0.9873418 5.583949e-11
1.012658 2.399268e-12
1.037975 1.343575e-13
1.063291 6.654393e-15
1.088608 9.692468e-16
1.113924 1.945367e-16
1.139241 3.092076e-17
1.164557 3.818495e-18
1.189873 3.558709e-19
1.21519 2.412007e-20
1.240506 1.123528e-21
1.265823 3.319297e-23
1.291139 5.571581e-25
1.316456 4.585463e-27
1.341772 1.592498e-29
1.367089 1.986523e-32
1.392405 8.009762e-36
1.417722 1.07578e-39
1.443038 5.58784e-44
1.468354 1.266965e-48
1.493671 1.383915e-53
1.518987 1.044434e-58
1.544304 7.289478e-64
1.56962 3.022098e-68
1.594937 1.240297e-69
1.620253 5.606357e-71
1.64557 2.537309e-72
1.670886 1.247493e-73
1.696203 6.861118e-75
1.721519 3.99552e-76
1.746835 2.281818e-77
1.772152 1.213192e-78
1.797468 5.842541e-80
1.822785 2.516744e-81
1.848101 9.656553e-83
1.873418 3.295758e-84
1.898734 9.937365e-86
1.924051 2.581205e-87
1.949367 5.43309e-89
1.974684 8.162411e-91
2 6.46047e-93
