0.4050633 1
0.4303797 1
0.4556962 1
0.4810127 1
0.5063291 1
0.5316456 1
0.556962 1
0.5822785 1
0.6075949 1
0.6329114 1
0.6582278 1
0.6835443 1
0.7088608 1
0.7341772 1
0.7594937 1
0.7848101 1
0.8101266 1
0.835443 1
0.8607595 1
0.8860759 1
0.9113924 1
0.9367089 1
0.9620253 1
0.9873418 1
1.012658 1
1.037975 1
1.063291 1
1.088608 1
1.113924 1
1.139241 1
1.164557 1
1.189873 1
1.21519 1
1.240506 1
1.265823 1
1.291139 1
1.316456 1
1.341772 0.9999969
1.367089 0.9992821
1.392405 0.9821776
1.417722 0.6712994
1.443038 0.124785
1.468354 0.005955607
1.493671 6.952487e-05
1.518987 1.985513e-07
1.544304 1.688362e-10
1.56962 5.901763e-14
1.594937 1.629149e-17
1.620253 1.545332e-19
1.64557 4.103963e-20
1.670886 6.216795e-21
1.696203 1.927573e-28
1.721519 7.687184e-88
1.746835 6.712361e-113
1.772152 2.433787e-114
1.797468 2.495562e-116
1.822785 8.669364e-119
1.848101 1.059348e-121
1.873418 1.669883e-122
1.898734 3.389807e-123
1.924051 5.691177e-124
1.949367 6.267647e-125
1.974684 3.088489e-126
2 1.710987e-128
