0.4050633 1
0.4303797 1
0.4556962 1
0.4810127 1
0.5063291 1
0.5316456 1
0.556962 1
0.5822785 1
0.6075949 1
0.6329114 1
0.6582278 1
0.6835443 1
0.7088608 1
0.7341772 1
0.7594937 1
0.7848101 1
0.8101266 1
0.835443 1
0.8607595 1
0.8860759 1
0.9113924 1
0.9367089 1
0.9620253 1
0.9873418 1
1.012658 1
1.037975 1
1.063291 1
1.088608 1
1.113924 1
1.139241 1
1.164557 1
1.189873 1
1.21519 1
1.240506 1
1.265823 1
1.291139 1
1.316456 1
1.341772 1
1.367089 0.9999972
1.392405 0.9998394
1.417722 0.9982242
1.443038 0.9740484
1.468354 0.5752136
1.493671 0.07153712
1.518987 0.001655104
1.544304 7.240789e-06
1.56962 5.959722e-09
1.594937 2.091728e-12
1.620253 9.193223e-15
1.64557 5.854386e-17
1.670886 6.435283e-18
1.696203 3.397578e-18
1.721519 1.645431e-18
1.746835 7.018344e-19
1.772152 2.606697e-19
1.797468 8.450317e-20
1.822785 2.413857e-20
1.848101 6.162221e-21
1.873418 1.426907e-21
1.898734 3.025584e-22
1.924051 5.917551e-23
1.949367 1.076707e-23
1.974684 1.823208e-24
2 2.962722e-25
