0.02531646 1
0.05063291 1
0.07594937 1
0.1012658 1
0.1265823 1
0.1518987 1
0.1772152 0.9999987
0.2025316 0.9999966
0.2278481 0.9999996
0.2531646 0.9999998
0.278481 0.9999602
0.3037975 0.9981403
0.3291139 0.9948135
0.3544304 0.9972518
0.3797468 0.9992472
0.4050633 0.9975498
0.4303797 0.9600381
0.4556962 0.968182
0.4810127 0.9959207
0.5063291 0.9675914
0.5316456 0.7117577
0.556962 0.1422362
0.5822785 0.07077964
0.6075949 0.07077862
0.6329114 0.1804434
0.6582278 0.830513
0.6835443 0.7735979
0.7088608 0.2160732
0.7341772 0.01127486
0.7594937 8.418849e-05
0.7848101 7.894043e-08
0.8101266 3.469476e-10
0.835443 3.469476e-10
0.8607595 4.054312e-10
0.8860759 4.238572e-10
0.9113924 3.877439e-10
0.9367089 3.518593e-10
0.9620253 3.481155e-10
0.9873418 3.490831e-10
1.012658 3.646277e-10
1.037975 4.990477e-10
1.063291 7.455203e-10
1.088608 6.903646e-10
1.113924 5.02338e-10
1.139241 3.832088e-10
1.164557 2.199672e-10
1.189873 5.313774e-11
1.21519 1.684159e-12
1.240506 5.370657e-15
1.265823 4.052067e-15
1.291139 4.013345e-15
1.316456 4.166065e-15
1.341772 4.519704e-15
1.367089 4.995559e-15
1.392405 5.415916e-15
1.417722 6.327144e-15
1.443038 9.631978e-15
1.468354 3.923979e-14
1.493671 7.955027e-13
1.518987 1.032259e-11
1.544304 6.457516e-11
1.56962 3.804186e-10
1.594937 5.895483e-09
1.620253 3.950854e-08
1.64557 3.085053e-08
1.670886 1.540445e-09
1.696203 5.499658e-10
1.721519 1.753673e-09
1.746835 6.285783e-09
1.772152 3.400888e-08
1.797468 2.697403e-07
1.822785 2.076382e-06
1.848101 3.344573e-06
1.873418 1.309341e-06
1.898734 6.920159e-08
1.924051 1.001047e-09
1.949367 1.437961e-11
1.974684 9.524665e-14
2 1.718557e-16
