0.02531646 0.9999999
0.05063291 1
0.07594937 1
0.1012658 1
0.1265823 1
0.1518987 1
0.1772152 1
0.2025316 0.9999926
0.2278481 0.9987865
0.2531646 0.9657353
0.278481 0.1765503
0.3037975 0.008420207
0.3291139 0.00561181
0.3544304 0.05769846
0.3797468 0.03124362
0.4050633 0.002429483
0.4303797 0.001507143
0.4556962 0.001279607
0.4810127 0.0009016819
0.5063291 0.0007403106
0.5316456 0.002743671
0.556962 0.005792107
0.5822785 0.005787814
0.6075949 0.001539304
0.6329114 0.000167564
0.6582278 4.413234e-05
0.6835443 6.751915e-06
0.7088608 2.82037e-06
0.7341772 1.206896e-05
0.7594937 5.087521e-05
0.7848101 8.231623e-05
0.8101266 5.056158e-05
0.835443 1.818504e-05
0.8607595 2.926849e-06
0.8860759 4.33213e-07
0.9113924 2.551183e-07
0.9367089 8.240794e-08
0.9620253 7.821139e-08
0.9873418 7.862029e-08
1.012658 7.845324e-08
1.037975 7.820905e-08
1.063291 7.820682e-08
1.088608 7.820456e-08
1.113924 7.820682e-08
1.139241 8.73747e-08
1.164557 1.834252e-07
1.189873 4.490003e-07
1.21519 1.308094e-06
1.240506 6.848844e-06
1.265823 9.156467e-06
1.291139 2.831441e-06
1.316456 3.274662e-07
1.341772 1.106573e-06
1.367089 2.467649e-05
1.392405 8.38924e-05
1.417722 7.877568e-05
1.443038 1.116729e-05
1.468354 5.427094e-07
1.493671 6.343752e-08
1.518987 1.414617e-08
1.544304 2.059619e-08
1.56962 1.552421e-08
1.594937 8.899274e-08
1.620253 1.890929e-06
1.64557 1.418111e-06
1.670886 2.095218e-07
1.696203 4.064837e-08
1.721519 9.075458e-09
1.746835 4.638575e-10
1.772152 1.7739e-10
1.797468 2.445168e-10
1.822785 2.723367e-10
1.848101 2.732208e-10
1.873418 2.586292e-10
1.898734 2.21765e-10
1.924051 1.848796e-10
1.949367 1.90279e-10
1.974684 2.58275e-10
2 7.772954e-10
