0.02531646 1
0.05063291 1
0.07594937 1
0.1012658 1
0.1265823 1
0.1518987 1
0.1772152 1
0.2025316 0.9999956
0.2278481 0.9995651
0.2531646 0.9987291
0.278481 0.9834635
0.3037975 0.09376899
0.3291139 0.01766361
0.3544304 0.001139119
0.3797468 0.01833244
0.4050633 0.01512081
0.4303797 0.002727473
0.4556962 0.008864211
0.4810127 0.01109105
0.5063291 0.006526795
0.5316456 0.002162278
0.556962 0.001498697
0.5822785 0.001464318
0.6075949 0.00147029
0.6329114 0.001991692
0.6582278 0.004937051
0.6835443 0.003708354
0.7088608 0.001197097
0.7341772 0.0007526981
0.7594937 0.003861729
0.7848101 0.003859957
0.8101266 0.001009645
0.835443 6.553715e-05
0.8607595 1.96248e-06
0.8860759 1.267531e-07
0.9113924 4.490736e-08
0.9367089 4.49049e-08
0.9620253 4.490058e-08
0.9873418 4.48963e-08
1.012658 4.488975e-08
1.037975 4.710408e-08
1.063291 3.304133e-07
1.088608 2.0598e-06
1.113924 7.958591e-06
1.139241 1.000376e-05
1.164557 5.697254e-06
1.189873 5.676231e-06
1.21519 3.063219e-06
1.240506 4.130158e-06
1.265823 7.908573e-06
1.291139 6.650482e-06
1.316456 7.266624e-07
1.341772 1.354157e-08
1.367089 5.515621e-09
1.392405 2.22325e-09
1.417722 6.815948e-10
1.443038 4.401144e-10
1.468354 4.401145e-10
1.493671 4.408221e-10
1.518987 1.030529e-09
1.544304 3.943276e-10
1.56962 2.218865e-10
1.594937 2.237305e-10
1.620253 1.324939e-10
1.64557 1.758623e-11
1.670886 8.633742e-13
1.696203 1.537156e-13
1.721519 5.374738e-14
1.746835 2.050765e-14
1.772152 1.131881e-14
1.797468 8.725514e-15
1.822785 7.687447e-15
1.848101 7.482477e-15
1.873418 7.882221e-15
1.898734 8.975749e-15
1.924051 1.206847e-14
1.949367 3.259052e-14
1.974684 2.023738e-13
2 9.43324e-13
