0.02531646 1
0.05063291 1
0.07594937 1
0.1012658 1
0.1265823 1
0.1518987 1
0.1772152 1
0.2025316 0.9999886
0.2278481 0.9982682
0.2531646 0.956323
0.278481 0.5979149
0.3037975 0.01780313
0.3291139 0.0001633598
0.3544304 3.127518e-05
0.3797468 9.444754e-06
0.4050633 1.20862e-07
0.4303797 4.644903e-09
0.4556962 4.176427e-10
0.4810127 1.39116e-10
0.5063291 6.565073e-11
0.5316456 2.216798e-11
0.556962 5.757061e-12
0.5822785 1.289178e-12
0.6075949 2.375234e-13
0.6329114 4.136173e-14
0.6582278 1.068439e-14
0.6835443 4.746324e-15
0.7088608 3.1335e-15
0.7341772 4.034813e-15
0.7594937 1.95191e-14
0.7848101 1.338358e-13
0.8101266 7.645055e-13
0.835443 3.005463e-12
0.8607595 8.082747e-12
0.8860759 1.375873e-11
0.9113924 2.94612e-11
0.9367089 4.497514e-10
0.9620253 6.039385e-09
0.9873418 4.737775e-08
1.012658 7.63738e-07
1.037975 7.885061e-06
1.063291 4.521502e-05
1.088608 5.211051e-05
1.113924 1.975823e-05
1.139241 1.916783e-06
1.164557 1.46501e-07
1.189873 1.429329e-07
1.21519 1.428996e-07
1.240506 1.428652e-07
1.265823 1.428996e-07
1.291139 1.429331e-07
1.316456 1.429622e-07
1.341772 5.202249e-07
1.367089 5.289939e-06
1.392405 3.310989e-05
1.417722 2.910782e-05
1.443038 9.986065e-06
1.468354 1.024744e-06
1.493671 2.360657e-07
1.518987 2.359384e-07
1.544304 2.360551e-07
1.56962 2.356946e-07
1.594937 2.355781e-07
1.620253 4.58294e-07
1.64557 3.543087e-06
1.670886 2.594849e-05
1.696203 0.0003002163
1.721519 0.0005228224
1.746835 0.0003550684
1.772152 0.0001009317
1.797468 1.085655e-05
1.822785 2.186468e-06
1.848101 1.082551e-05
1.873418 8.754987e-05
1.898734 0.0003231154
1.924051 0.0003520445
1.949367 0.0002846642
1.974684 8.402831e-05
2 5.770093e-06
