0.02531646 1
0.05063291 1
0.07594937 1
0.1012658 1
0.1265823 1
0.1518987 1
0.1772152 1
0.2025316 0.9999897
0.2278481 0.9984112
0.2531646 0.9805378
0.278481 0.8014218
0.3037975 0.008561492
0.3291139 0.01271033
0.3544304 0.006038828
0.3797468 0.0004734097
0.4050633 0.004701173
0.4303797 0.01690026
0.4556962 0.01689901
0.4810127 0.008255742
0.5063291 0.0005488638
0.5316456 0.0003717386
0.556962 0.001333014
0.5822785 0.00335899
0.6075949 0.00450774
0.6329114 0.004085915
0.6582278 0.001855849
0.6835443 0.0004483793
0.7088608 7.378796e-05
0.7341772 1.860011e-05
0.7594937 1.2713e-05
0.7848101 5.060746e-06
0.8101266 1.007712e-06
0.835443 7.601458e-07
0.8607595 1.207861e-06
0.8860759 9.563496e-07
0.9113924 2.831101e-07
0.9367089 7.820687e-08
0.9620253 7.820461e-08
0.9873418 7.820687e-08
1.012658 1.067944e-07
1.037975 1.135486e-07
1.063291 9.124788e-08
1.088608 7.819789e-08
1.113924 7.820012e-08
1.139241 8.377252e-08
1.164557 3.514535e-07
1.189873 2.407234e-06
1.21519 7.62318e-06
1.240506 6.692471e-06
1.265823 1.247967e-06
1.291139 9.858513e-07
1.316456 1.583283e-06
1.341772 9.239051e-07
1.367089 5.579654e-07
1.392405 1.036089e-05
1.417722 8.38924e-05
1.443038 8.38924e-05
1.468354 2.702496e-05
1.493671 2.008689e-06
1.518987 6.632267e-08
1.544304 3.179557e-09
1.56962 1.355997e-10
1.594937 1.887976e-11
1.620253 1.887976e-11
1.64557 5.167953e-11
1.670886 1.727788e-10
1.696203 2.224986e-10
1.721519 2.070807e-10
1.746835 2.129055e-10
1.772152 2.340958e-10
1.797468 2.465614e-10
1.822785 2.266393e-10
1.848101 1.842423e-10
1.873418 1.433885e-10
1.898734 1.243973e-10
1.924051 1.260907e-10
1.949367 1.396987e-10
1.974684 1.973239e-10
2 4.288563e-10
