0.02531646 1
0.05063291 1
0.07594937 1
0.1012658 1
0.1265823 1
0.1518987 1
0.1772152 1
0.2025316 1
0.2278481 0.9999997
0.2531646 0.9999524
0.278481 0.9978389
0.3037975 0.9962267
0.3291139 0.997677
0.3544304 0.9989245
0.3797468 0.9999394
0.4050633 0.9999996
0.4303797 0.9999997
0.4556962 0.9999957
0.4810127 0.9999461
0.5063291 0.999813
0.5316456 0.9982471
0.556962 0.9167745
0.5822785 0.9927228
0.6075949 0.9986705
0.6329114 0.9920504
0.6582278 0.947101
0.6835443 0.9616058
0.7088608 0.5842142
0.7341772 0.0289273
0.7594937 0.0004211753
0.7848101 5.035483e-06
0.8101266 4.442764e-07
0.835443 3.040874e-08
0.8607595 3.880234e-09
0.8860759 2.238908e-09
0.9113924 1.878306e-09
0.9367089 6.700538e-10
0.9620253 1.066322e-10
0.9873418 1.808698e-11
1.012658 7.558573e-12
1.037975 7.345281e-12
1.063291 1.376717e-11
1.088608 2.551786e-11
1.113924 3.597786e-11
1.139241 3.847378e-11
1.164557 2.857312e-11
1.189873 1.917562e-11
1.21519 2.042274e-11
1.240506 7.885706e-11
1.265823 6.732474e-10
1.291139 5.530539e-09
1.316456 1.70841e-08
1.341772 2.580185e-08
1.367089 4.459293e-08
1.392405 5.308467e-09
1.417722 2.758281e-10
1.443038 1.026435e-10
1.468354 9.002833e-11
1.493671 6.903479e-11
1.518987 4.787187e-11
1.544304 3.046575e-11
1.56962 1.596384e-11
1.594937 1.195295e-11
1.620253 6.28195e-11
1.64557 3.855142e-10
1.670886 8.049162e-10
1.696203 9.736897e-10
1.721519 1.682302e-09
1.746835 3.219134e-09
1.772152 2.655566e-09
1.797468 1.388277e-09
1.822785 1.310649e-09
1.848101 2.425584e-09
1.873418 3.268226e-09
1.898734 1.850701e-09
1.924051 3.269922e-10
1.949367 3.27577e-11
1.974684 1.659052e-12
2 9.303112e-16
