0.1518987 1
0.1772152 1
0.2025316 1
0.2278481 1
0.2531646 1
0.278481 1
0.3037975 1
0.3291139 1
0.3544304 1
0.3797468 1
0.4050633 1
0.4303797 1
0.4556962 1
0.4810127 1
0.5063291 1
0.5316456 1
0.556962 1
0.5822785 1
0.6075949 1
0.6329114 0.9999998
0.6582278 0.9999932
0.6835443 0.9998516
0.7088608 0.9952147
0.7341772 0.748208
0.7594937 0.1353908
0.7848101 0.004867093
0.8101266 2.876453e-05
0.835443 2.22794e-08
0.8607595 2.928282e-11
0.8860759 3.178879e-11
0.9113924 3.351871e-11
0.9367089 2.350274e-11
0.9620253 7.508738e-12
0.9873418 7.080968e-13
1.012658 1.492407e-14
1.037975 6.194397e-16
1.063291 3.962111e-16
1.088608 3.148695e-16
1.113924 2.190028e-16
1.139241 1.363914e-16
1.164557 7.65553e-17
1.189873 3.861942e-17
1.21519 1.735553e-17
1.240506 6.850062e-18
1.265823 2.324236e-18
1.291139 6.555081e-19
1.316456 1.445883e-19
1.341772 2.178209e-20
1.367089 1.38105e-21
1.392405 2.84823e-40
1.417722 5.702406e-42
1.443038 1.411587e-41
1.468354 2.542888e-41
1.493671 3.545082e-41
1.518987 3.965915e-41
1.544304 3.646323e-41
1.56962 2.80261e-41
1.594937 1.824127e-41
1.620253 1.015563e-41
1.64557 4.874915e-42
1.670886 2.029917e-42
1.696203 7.363636e-43
1.721519 2.332576e-43
1.746835 6.454218e-44
1.772152 1.55691e-44
1.797468 3.259223e-45
1.822785 5.875733e-46
1.848101 9.0169e-47
1.873418 1.158005e-47
1.898734 1.213875e-48
1.924051 9.99858e-50
1.949367 6.081527e-51
1.974684 2.432801e-52
2 4.808211e-54
