0.07594937 1
0.1012658 1
0.1265823 1
0.1518987 1
0.1772152 1
0.2025316 1
0.2278481 1
0.2531646 1
0.278481 1
0.3037975 1
0.3291139 1
0.3544304 1
0.3797468 1
0.4050633 1
0.4303797 1
0.4556962 1
0.4810127 1
0.5063291 1
0.5316456 1
0.556962 1
0.5822785 0.9999952
0.6075949 0.9982571
0.6329114 0.9217608
0.6582278 0.4143856
0.6835443 0.0272187
0.7088608 0.001019386
0.7341772 2.460668e-05
0.7594937 1.054237e-05
0.7848101 1.713931e-05
0.8101266 1.098225e-06
0.835443 4.88365e-09
0.8607595 1.326621e-11
0.8860759 1.16748e-11
0.9113924 1.314754e-11
0.9367089 4.238218e-12
0.9620253 7.506845e-13
0.9873418 1.271135e-13
1.012658 1.35012e-14
1.037975 1.625406e-15
1.063291 3.614284e-16
1.088608 1.150151e-16
1.113924 7.016739e-17
1.139241 3.898483e-17
1.164557 1.915089e-17
1.189873 8.220425e-18
1.21519 3.000477e-18
1.240506 8.96759e-19
1.265823 2.0974e-19
1.291139 3.598083e-20
1.316456 4.035459e-21
1.341772 2.342427e-22
1.367089 3.541748e-24
1.392405 1.784672e-31
1.417722 4.663028e-37
1.443038 3.244321e-37
1.468354 1.911494e-37
1.493671 9.435444e-38
1.518987 3.865631e-38
1.544304 1.304737e-38
1.56962 3.609808e-39
1.594937 8.16572e-40
1.620253 1.509663e-40
1.64557 2.28372e-41
1.670886 2.833057e-42
1.696203 2.893209e-43
1.721519 2.455421e-44
1.746835 1.789581e-45
1.772152 1.262074e-46
1.797468 1.147905e-47
1.822785 1.571321e-48
1.848101 2.490255e-49
1.873418 3.60763e-50
1.898734 4.326489e-51
1.924051 4.041422e-52
1.949367 2.734694e-53
1.974684 1.185008e-54
2 2.452761e-56
