0.4050633 1
0.4303797 1
0.4556962 1
0.4810127 1
0.5063291 1
0.5316456 1
0.556962 1
0.5822785 1
0.6075949 1
0.6329114 1
0.6582278 1
0.6835443 1
0.7088608 1
0.7341772 1
0.7594937 1
0.7848101 1
0.8101266 1
0.835443 1
0.8607595 1
0.8860759 1
0.9113924 1
0.9367089 1
0.9620253 1
0.9873418 1
1.012658 1
1.037975 1
1.063291 1
1.088608 1
1.113924 1
1.139241 1
1.164557 1
1.189873 1
1.21519 1
1.240506 1
1.265823 1
1.291139 1
1.316456 1
1.341772 1
1.367089 1
1.392405 0.9999973
1.417722 0.9988964
1.443038 0.9403174
1.468354 0.4553409
1.493671 0.01185392
1.518987 6.806213e-05
1.544304 9.292639e-86
1.56962 1.091396e-85
1.594937 1.707649e-85
1.620253 4.547226e-86
1.64557 3.64059e-87
1.670886 2.742402e-118
1.696203 2.882756e-121
1.721519 1.446967e-122
1.746835 4.125764e-124
1.772152 5.23137e-126
1.797468 3.333496e-128
1.822785 1.294603e-130
1.848101 3.557898e-133
1.873418 1.138487e-135
1.898734 3.280933e-138
1.924051 3.680666e-141
1.949367 6.286639e-145
1.974684 1.606997e-150
2 2.015409e-162
