0.02531646 1
0.05063291 1
0.07594937 1
0.1012658 1
0.1265823 1
0.1518987 1
0.1772152 0.9999999
0.2025316 1
0.2278481 1
0.2531646 0.9999999
0.278481 0.9999899
0.3037975 0.999451
0.3291139 0.9928098
0.3544304 0.9939163
0.3797468 0.9984097
0.4050633 0.9906357
0.4303797 0.8285646
0.4556962 0.8209119
0.4810127 0.931566
0.5063291 0.9720073
0.5316456 0.482632
0.556962 0.9216154
0.5822785 0.9916114
0.6075949 0.8851938
0.6329114 0.9906323
0.6582278 0.994834
0.6835443 0.9873101
0.7088608 0.7928097
0.7341772 0.1928641
0.7594937 0.01551104
0.7848101 0.006724292
0.8101266 0.0004354425
0.835443 0.0001060042
0.8607595 0.0001167324
0.8860759 0.0005735338
0.9113924 0.0006088904
0.9367089 0.0002835922
0.9620253 1.370881e-06
0.9873418 3.106389e-07
1.012658 3.831273e-06
1.037975 1.465793e-06
1.063291 2.071721e-08
1.088608 5.585533e-10
1.113924 1.668336e-09
1.139241 5.704103e-09
1.164557 1.335644e-08
1.189873 4.671724e-08
1.21519 2.815923e-07
1.240506 5.749085e-08
1.265823 1.912149e-09
1.291139 2.028988e-09
1.316456 2.275115e-08
1.341772 3.877417e-07
1.367089 8.749182e-07
1.392405 1.52013e-07
1.417722 6.788003e-08
1.443038 2.827079e-06
1.468354 6.448273e-06
1.493671 1.003671e-05
1.518987 1.337722e-06
1.544304 1.791428e-08
1.56962 3.316874e-09
1.594937 3.509047e-08
1.620253 3.827728e-08
1.64557 1.062344e-08
1.670886 1.361317e-09
1.696203 7.175122e-11
1.721519 1.021834e-12
1.746835 6.985571e-14
1.772152 2.102688e-14
1.797468 8.025436e-15
1.822785 3.304214e-15
1.848101 1.470804e-15
1.873418 7.585052e-16
1.898734 4.460676e-16
1.924051 2.61312e-16
1.949367 1.449743e-16
1.974684 6.988743e-17
2 2.196079e-17
