0.02531646 1
0.05063291 1
0.07594937 1
0.1012658 1
0.1265823 1
0.1518987 1
0.1772152 1
0.2025316 0.9999997
0.2278481 0.9999367
0.2531646 0.9961032
0.278481 0.8688851
0.3037975 0.1535904
0.3291139 0.00166886
0.3544304 0.0006485793
0.3797468 3.563144e-05
0.4050633 4.13107e-07
0.4303797 1.27652e-08
0.4556962 7.599067e-10
0.4810127 1.589521e-10
0.5063291 6.545301e-11
0.5316456 1.749478e-11
0.556962 3.019845e-12
0.5822785 3.99123e-13
0.6075949 5.0408e-14
0.6329114 8.100498e-15
0.6582278 2.736809e-15
0.6835443 1.463334e-15
0.7088608 7.697007e-16
0.7341772 3.846682e-16
0.7594937 1.822239e-16
0.7848101 8.220047e-17
0.8101266 3.582873e-17
0.835443 1.56156e-17
0.8607595 7.308384e-18
0.8860759 4.0917e-18
0.9113924 2.983646e-18
0.9367089 2.850468e-18
0.9620253 3.368375e-18
0.9873418 4.608841e-18
1.012658 6.942536e-18
1.037975 1.114172e-17
1.063291 1.871708e-17
1.088608 3.269492e-17
1.113924 5.918227e-17
1.139241 1.098155e-16
1.164557 2.040346e-16
1.189873 3.703134e-16
1.21519 6.483978e-16
1.240506 1.09187e-15
1.265823 1.762425e-15
1.291139 2.844387e-15
1.316456 5.280555e-15
1.341772 1.134865e-14
1.367089 2.548666e-14
1.392405 5.780114e-14
1.417722 1.460302e-13
1.443038 4.643858e-13
1.468354 1.910049e-12
1.493671 8.514501e-12
1.518987 4.880186e-11
1.544304 2.614411e-10
1.56962 9.625378e-10
1.594937 2.545479e-09
1.620253 5.457902e-09
1.64557 1.539482e-08
1.670886 7.911398e-08
1.696203 2.2804e-07
1.721519 1.399763e-07
1.746835 3.754668e-08
1.772152 7.510436e-09
1.797468 1.453831e-09
1.822785 5.636019e-10
1.848101 3.928475e-10
1.873418 2.826366e-10
1.898734 2.030239e-10
1.924051 1.303543e-10
1.949367 6.060867e-11
1.974684 2.273906e-11
2 6.404849e-12
