0.02531646 0.9999998
0.05063291 1
0.07594937 1
0.1012658 1
0.1265823 1
0.1518987 1
0.1772152 1
0.2025316 1
0.2278481 1
0.2531646 0.9999995
0.278481 0.9999995
0.3037975 1
0.3291139 1
0.3544304 1
0.3797468 1
0.4050633 1
0.4303797 0.9999999
0.4556962 0.994748
0.4810127 0.9945526
0.5063291 0.9997581
0.5316456 0.9998481
0.556962 0.9997477
0.5822785 0.997496
0.6075949 0.9499475
0.6329114 0.9188755
0.6582278 0.9954215
0.6835443 0.9944292
0.7088608 0.840882
0.7341772 0.1970119
0.7594937 0.01195546
0.7848101 0.0009864291
0.8101266 4.027675e-06
0.835443 2.857182e-09
0.8607595 1.06249e-09
0.8860759 5.876324e-08
0.9113924 6.668529e-07
0.9367089 4.005558e-06
0.9620253 1.744248e-05
0.9873418 2.110891e-05
1.012658 1.115706e-05
1.037975 1.691047e-06
1.063291 1.021301e-07
1.088608 3.102399e-09
1.113924 2.090271e-09
1.139241 9.647229e-09
1.164557 3.21629e-08
1.189873 6.208853e-08
1.21519 7.167632e-10
1.240506 4.564515e-10
1.265823 4.998559e-10
1.291139 4.699648e-10
1.316456 4.762041e-10
1.341772 5.072852e-10
1.367089 5.219539e-10
1.392405 5.116975e-10
1.417722 4.816036e-10
1.443038 4.37911e-10
1.468354 3.447559e-10
1.493671 2.316955e-10
1.518987 1.32896e-10
1.544304 5.703173e-11
1.56962 1.371378e-11
1.594937 3.396267e-12
1.620253 2.093308e-12
1.64557 3.54611e-12
1.670886 8.663549e-12
1.696203 2.112479e-11
1.721519 3.940727e-11
1.746835 8.128346e-11
1.772152 4.282479e-10
1.797468 2.415679e-09
1.822785 1.446681e-08
1.848101 1.038201e-07
1.873418 4.674412e-07
1.898734 6.520328e-07
1.924051 4.28443e-07
1.949367 4.694851e-08
1.974684 2.939466e-11
2 8.404848e-13
