0.02531646 0.9999999
0.05063291 1
0.07594937 1
0.1012658 1
0.1265823 1
0.1518987 1
0.1772152 1
0.2025316 1
0.2278481 1
0.2531646 1
0.278481 1
0.3037975 1
0.3291139 0.9999938
0.3544304 0.999854
0.3797468 0.9999604
0.4050633 0.999997
0.4303797 0.9999972
0.4556962 0.9999967
0.4810127 0.9998266
0.5063291 0.9973701
0.5316456 0.9990498
0.556962 0.999951
0.5822785 0.9999825
0.6075949 0.9999825
0.6329114 0.9999872
0.6582278 0.9999288
0.6835443 0.9940444
0.7088608 0.8255649
0.7341772 0.2004581
0.7594937 0.007253676
0.7848101 0.0001926489
0.8101266 7.764229e-06
0.835443 1.376788e-05
0.8607595 2.06671e-05
0.8860759 4.725742e-06
0.9113924 8.638715e-08
0.9367089 4.410211e-09
0.9620253 8.938162e-10
0.9873418 8.936393e-10
1.012658 8.936393e-10
1.037975 8.936393e-10
1.063291 8.936393e-10
1.088608 8.936393e-10
1.113924 9.022181e-10
1.139241 9.662016e-10
1.164557 1.208576e-09
1.189873 8.879867e-10
1.21519 1.364169e-09
1.240506 3.446791e-09
1.265823 3.665426e-09
1.291139 2.104133e-09
1.316456 3.656126e-10
1.341772 1.8173e-10
1.367089 2.326501e-10
1.392405 3.812122e-10
1.417722 4.695055e-10
1.443038 4.795626e-10
1.468354 3.765499e-10
1.493671 2.008567e-10
1.518987 1.035621e-10
1.544304 5.243133e-11
1.56962 1.959555e-11
1.594937 4.273473e-12
1.620253 4.560786e-13
1.64557 1.0261e-13
1.670886 1.195007e-13
1.696203 4.184909e-13
1.721519 2.018864e-12
1.746835 1.476126e-11
1.772152 1.157197e-10
1.797468 7.888363e-10
1.822785 3.773192e-09
1.848101 8.459607e-09
1.873418 6.220428e-09
1.898734 1.465093e-09
1.924051 8.144883e-09
1.949367 3.917808e-07
1.974684 3.421931e-06
2 4.803712e-06
