0.1012658 1
0.1265823 1
0.1518987 1
0.1772152 1
0.2025316 1
0.2278481 1
0.2531646 1
0.278481 1
0.3037975 1
0.3291139 1
0.3544304 1
0.3797468 1
0.4050633 1
0.4303797 1
0.4556962 1
0.4810127 1
0.5063291 1
0.5316456 1
0.556962 1
0.5822785 1
0.6075949 1
0.6329114 0.9999999
0.6582278 0.9999129
0.6835443 0.9883339
0.7088608 0.772739
0.7341772 0.1452487
0.7594937 0.006861474
0.7848101 0.0002128166
0.8101266 5.71645e-06
0.835443 6.736902e-07
0.8607595 3.200157e-09
0.8860759 1.315879e-11
0.9113924 1.70401e-11
0.9367089 2.058042e-11
0.9620253 7.931698e-12
0.9873418 1.888832e-12
1.012658 2.757916e-13
1.037975 1.8691e-14
1.063291 1.171219e-15
1.088608 2.169888e-16
1.113924 1.427754e-16
1.139241 8.740181e-17
1.164557 4.649439e-17
1.189873 2.167702e-17
1.21519 8.77541e-18
1.240506 2.978021e-18
1.265823 8.040627e-19
1.291139 1.61608e-19
1.316456 2.179923e-20
1.341772 1.593566e-21
1.367089 3.379009e-23
1.392405 7.225863e-32
1.417722 2.638964e-37
1.443038 2.383772e-37
1.468354 1.824467e-37
1.493671 1.172816e-37
1.518987 6.28207e-38
1.544304 2.785277e-38
1.56962 1.017123e-38
1.594937 3.050037e-39
1.620253 7.501833e-40
1.64557 1.513929e-40
1.670886 2.509701e-41
1.696203 3.422031e-42
1.721519 3.84188e-43
1.746835 3.55494e-44
1.772152 2.717681e-45
1.797468 1.73058e-46
1.822785 9.412958e-48
1.848101 4.672828e-49
1.873418 2.406172e-50
1.898734 1.436398e-51
1.924051 9.33989e-53
1.949367 5.474272e-54
1.974684 2.344949e-55
2 5.264343e-57
