0.02531646 1
0.05063291 1
0.07594937 1
0.1012658 1
0.1265823 1
0.1518987 1
0.1772152 1
0.2025316 1
0.2278481 1
0.2531646 1
0.278481 1
0.3037975 0.9999996
0.3291139 0.9871227
0.3544304 0.9938462
0.3797468 0.990632
0.4050633 0.9650681
0.4303797 0.9987901
0.4556962 0.9999916
0.4810127 0.9999978
0.5063291 0.9999936
0.5316456 0.999993
0.556962 0.9999669
0.5822785 0.999206
0.6075949 0.9995679
0.6329114 0.9965982
0.6582278 0.8488178
0.6835443 0.811662
0.7088608 0.8432055
0.7341772 0.1753276
0.7594937 0.003840323
0.7848101 2.633317e-05
0.8101266 3.775759e-07
0.835443 2.167593e-08
0.8607595 5.035443e-09
0.8860759 5.035454e-09
0.9113924 5.035455e-09
0.9367089 5.13156e-09
0.9620253 9.958706e-08
0.9873418 7.316906e-07
1.012658 1.065306e-06
1.037975 7.915232e-08
1.063291 1.209022e-07
1.088608 1.383956e-07
1.113924 7.042597e-09
1.139241 9.790982e-10
1.164557 9.790975e-10
1.189873 9.790966e-10
1.21519 1.003778e-08
1.240506 9.477749e-08
1.265823 6.768411e-08
1.291139 7.415344e-09
1.316456 3.150319e-09
1.341772 3.27183e-09
1.367089 2.120374e-09
1.392405 3.978834e-10
1.417722 1.031622e-10
1.443038 2.075759e-11
1.468354 2.878025e-12
1.493671 3.899303e-13
1.518987 4.78325e-14
1.544304 2.74452e-15
1.56962 2.757507e-16
1.594937 2.355264e-17
1.620253 5.296825e-18
1.64557 1.178556e-18
1.670886 2.154016e-19
1.696203 3.44397e-20
1.721519 4.987457e-21
1.746835 6.697979e-22
1.772152 8.541965e-23
1.797468 1.067326e-23
1.822785 1.361209e-24
1.848101 1.830501e-25
1.873418 2.641163e-26
1.898734 4.119656e-27
1.924051 6.907617e-28
1.949367 1.233517e-28
1.974684 2.335211e-29
2 4.679999e-30
