0.278481 1
0.3037975 1
0.3291139 1
0.3544304 1
0.3797468 1
0.4050633 1
0.4303797 1
0.4556962 1
0.4810127 0.9999999
0.5063291 0.9999758
0.5316456 0.9973053
0.556962 0.9411994
0.5822785 0.5203546
0.6075949 0.01816762
0.6329114 0.0003328486
0.6582278 1.495304e-05
0.6835443 1.58227e-06
0.7088608 1.209081e-07
0.7341772 3.78465e-09
0.7594937 1.378992e-10
0.7848101 9.163062e-12
0.8101266 9.365633e-13
0.835443 7.963849e-14
0.8607595 7.386388e-15
0.8860759 1.520258e-15
0.9113924 4.769005e-16
0.9367089 1.276175e-16
0.9620253 2.814075e-17
0.9873418 4.94146e-18
1.012658 6.740774e-19
1.037975 6.957184e-20
1.063291 5.188919e-21
1.088608 2.63957e-22
1.113924 8.630412e-24
1.139241 1.712049e-25
1.164557 1.903749e-27
1.189873 1.06779e-29
1.21519 2.52128e-32
1.240506 1.886915e-35
1.265823 3.967372e-39
1.291139 1.887814e-43
1.316456 1.221901e-48
1.341772 3.449562e-54
1.367089 2.487303e-59
1.392405 1.739702e-61
1.417722 3.360608e-62
1.443038 1.538559e-62
1.468354 6.396774e-63
1.493671 2.383874e-63
1.518987 8.022032e-64
1.544304 2.451534e-64
1.56962 6.829938e-65
1.594937 1.738561e-65
1.620253 4.046947e-66
1.64557 8.611693e-67
1.670886 1.672937e-67
1.696203 2.959592e-68
1.721519 4.750066e-69
1.746835 6.879788e-70
1.772152 8.929107e-71
1.797468 1.029124e-71
1.822785 1.041124e-72
1.848101 9.106457e-74
1.873418 6.749577e-75
1.898734 4.123175e-76
1.924051 1.993591e-77
1.949367 7.154589e-79
1.974684 1.694445e-80
2 1.986601e-82
