0.02531646 1
0.05063291 1
0.07594937 1
0.1012658 1
0.1265823 1
0.1518987 1
0.1772152 1
0.2025316 1
0.2278481 1
0.2531646 1
0.278481 0.9999998
0.3037975 0.9999967
0.3291139 0.9999884
0.3544304 0.9999985
0.3797468 1
0.4050633 0.9999999
0.4303797 0.9999996
0.4556962 0.999995
0.4810127 0.9996946
0.5063291 0.9993628
0.5316456 0.968991
0.556962 0.7576505
0.5822785 0.8050233
0.6075949 0.966035
0.6329114 0.9994507
0.6582278 0.9998923
0.6835443 0.9980514
0.7088608 0.9716129
0.7341772 0.4637067
0.7594937 0.06061569
0.7848101 0.00564936
0.8101266 0.0008778109
0.835443 0.0001549169
0.8607595 1.414429e-05
0.8860759 1.306381e-06
0.9113924 6.33063e-07
0.9367089 6.331719e-07
0.9620253 6.555495e-07
0.9873418 3.010909e-06
1.012658 7.831119e-05
1.037975 3.899034e-05
1.063291 3.341652e-06
1.088608 1.760125e-08
1.113924 2.646303e-09
1.139241 3.231519e-09
1.164557 7.640354e-10
1.189873 5.58549e-10
1.21519 5.711669e-10
1.240506 5.679157e-10
1.265823 5.715216e-10
1.291139 2.270829e-09
1.316456 6.583823e-09
1.341772 3.872661e-09
1.367089 1.653549e-09
1.392405 9.406577e-10
1.417722 1.032969e-09
1.443038 1.072215e-09
1.468354 8.09366e-10
1.493671 8.760262e-10
1.518987 2.87354e-09
1.544304 2.463211e-08
1.56962 5.891877e-07
1.594937 1.068189e-05
1.620253 2.06126e-05
1.64557 1.877012e-05
1.670886 4.273885e-06
1.696203 1.662442e-07
1.721519 7.153913e-10
1.746835 1.266498e-11
1.772152 5.121201e-12
1.797468 2.193392e-12
1.822785 9.566207e-13
1.848101 3.203134e-13
1.873418 3.571086e-14
1.898734 1.373485e-15
1.924051 7.993015e-16
1.949367 5.656759e-16
1.974684 3.491292e-16
2 1.44492e-16
