0.4303797 1
0.4556962 1
0.4810127 1
0.5063291 1
0.5316456 1
0.556962 1
0.5822785 1
0.6075949 1
0.6329114 1
0.6582278 1
0.6835443 1
0.7088608 1
0.7341772 1
0.7594937 1
0.7848101 1
0.8101266 1
0.835443 1
0.8607595 1
0.8860759 1
0.9113924 1
0.9367089 1
0.9620253 1
0.9873418 1
1.012658 1
1.037975 1
1.063291 1
1.088608 1
1.113924 1
1.139241 1
1.164557 1
1.189873 1
1.21519 1
1.240506 1
1.265823 1
1.291139 1
1.316456 1
1.341772 1
1.367089 0.9999949
1.392405 0.9998254
1.417722 0.9955592
1.443038 0.8790039
1.468354 0.2933304
1.493671 0.01133378
1.518987 0.0002523175
1.544304 9.391668e-07
1.56962 7.277147e-10
1.594937 2.992089e-13
1.620253 3.373062e-15
1.64557 4.140192e-17
1.670886 5.432362e-18
1.696203 2.891298e-18
1.721519 1.403288e-18
1.746835 6.045978e-19
1.772152 2.2693e-19
1.797468 7.504825e-20
1.822785 2.198877e-20
1.848101 5.814253e-21
1.873418 1.42634e-21
1.898734 3.253244e-22
1.924051 7.138285e-23
1.949367 1.560286e-23
1.974684 3.523726e-24
2 6.8195e-25
