0.4556962 1
0.4810127 1
0.5063291 1
0.5316456 1
0.556962 1
0.5822785 1
0.6075949 1
0.6329114 1
0.6582278 1
0.6835443 1
0.7088608 0.999997
0.7341772 0.9991865
0.7594937 0.964085
0.7848101 0.6486908
0.8101266 0.05018806
0.835443 0.0007898537
0.8607595 2.458355e-05
0.8860759 1.502771e-06
0.9113924 5.843713e-08
0.9367089 1.459448e-09
0.9620253 3.869136e-11
0.9873418 2.111173e-12
1.012658 1.323742e-13
1.037975 7.231445e-15
1.063291 1.068713e-15
1.088608 2.244049e-16
1.113924 3.701816e-17
1.139241 4.708277e-18
1.164557 4.502129e-19
1.189873 3.128022e-20
1.21519 1.497894e-21
1.240506 4.562326e-23
1.265823 7.920447e-25
1.291139 6.758365e-27
1.316456 2.41947e-29
1.341772 2.952695e-32
1.367089 1.054093e-35
1.392405 9.726349e-40
1.417722 2.497209e-44
1.443038 1.872288e-49
1.468354 4.932431e-55
1.493671 1.200348e-60
1.518987 5.719572e-66
1.544304 5.870496e-68
1.56962 2.68676e-69
1.594937 1.242283e-70
1.620253 6.159958e-72
1.64557 3.286481e-73
1.670886 1.797836e-74
1.696203 9.698788e-76
1.721519 5.137712e-77
1.746835 2.70782e-78
1.772152 1.421625e-79
1.797468 7.25326e-81
1.822785 3.457837e-82
1.848101 1.483596e-83
1.873418 5.553193e-85
1.898734 1.760042e-86
1.924051 4.548036e-88
1.949367 9.022462e-90
1.974684 1.226121e-91
2 8.58019e-94
