0.02531646 1
0.05063291 1
0.07594937 1
0.1012658 1
0.1265823 1
0.1518987 1
0.1772152 1
0.2025316 1
0.2278481 1
0.2531646 0.9999998
0.278481 0.999995
0.3037975 0.9999913
0.3291139 0.9999906
0.3544304 0.9999992
0.3797468 0.9999869
0.4050633 0.9998791
0.4303797 0.9996915
0.4556962 0.9991224
0.4810127 0.998656
0.5063291 0.8709815
0.5316456 0.9079516
0.556962 0.845764
0.5822785 0.9776637
0.6075949 0.9997564
0.6329114 0.9999542
0.6582278 0.9998874
0.6835443 0.9904605
0.7088608 0.8300269
0.7341772 0.2441432
0.7594937 0.02913167
0.7848101 0.007392269
0.8101266 0.003116401
0.835443 0.001020088
0.8607595 0.0001884214
0.8860759 1.94952e-05
0.9113924 1.283149e-06
0.9367089 7.433764e-07
0.9620253 4.039866e-06
0.9873418 0.0001199734
1.012658 2.244139e-05
1.037975 5.831791e-07
1.063291 2.36798e-08
1.088608 6.817383e-08
1.113924 3.222443e-08
1.139241 2.736329e-09
1.164557 5.587751e-10
1.189873 5.58549e-10
1.21519 5.58549e-10
1.240506 5.58549e-10
1.265823 2.405696e-09
1.291139 1.335948e-08
1.316456 6.086845e-09
1.341772 1.20194e-09
1.367089 7.768779e-10
1.392405 8.897379e-10
1.417722 9.143029e-10
1.443038 8.867209e-10
1.468354 7.051442e-10
1.493671 1.551026e-09
1.518987 3.229438e-08
1.544304 2.271754e-06
1.56962 1.895352e-05
1.594937 1.979115e-05
1.620253 1.044481e-05
1.64557 1.477967e-06
1.670886 2.826718e-07
1.696203 1.827872e-08
1.721519 3.18943e-10
1.746835 4.488709e-11
1.772152 6.194956e-12
1.797468 4.669024e-13
1.822785 3.306087e-14
1.848101 4.81345e-15
1.873418 1.721558e-15
1.898734 1.028785e-15
1.924051 7.29331e-16
1.949367 4.84695e-16
1.974684 2.804328e-16
2 1.066566e-16
