0.02531646 0.9999999
0.05063291 1
0.07594937 1
0.1012658 1
0.1265823 1
0.1518987 1
0.1772152 1
0.2025316 1
0.2278481 0.9999992
0.2531646 0.9999862
0.278481 0.9996696
0.3037975 0.996868
0.3291139 0.997816
0.3544304 0.9939585
0.3797468 0.8460435
0.4050633 0.07283421
0.4303797 0.6535863
0.4556962 0.9943702
0.4810127 0.99809
0.5063291 0.9967176
0.5316456 0.9990973
0.556962 0.9915636
0.5822785 0.8091279
0.6075949 0.189018
0.6329114 0.006023171
0.6582278 0.0002733465
0.6835443 1.456067e-05
0.7088608 7.824123e-07
0.7341772 4.192979e-08
0.7594937 2.117846e-09
0.7848101 4.109395e-10
0.8101266 6.081888e-10
0.835443 2.317851e-09
0.8607595 3.37857e-09
0.8860759 2.292703e-09
0.9113924 1.391427e-09
0.9367089 1.06895e-09
0.9620253 8.123115e-10
0.9873418 5.404131e-10
1.012658 4.726984e-09
1.037975 6.815219e-07
1.063291 1.382724e-05
1.088608 6.569344e-05
1.113924 0.0001314602
1.139241 9.827137e-05
1.164557 1.236387e-05
1.189873 2.680937e-06
1.21519 1.709537e-07
1.240506 1.175829e-08
1.265823 1.704189e-09
1.291139 8.488689e-10
1.316456 1.045669e-09
1.341772 1.453791e-09
1.367089 1.39262e-09
1.392405 9.528922e-10
1.417722 5.152004e-10
1.443038 1.594476e-10
1.468354 1.514153e-11
1.493671 1.859471e-13
1.518987 1.705227e-13
1.544304 3.356173e-12
1.56962 4.703415e-11
1.594937 2.791582e-10
1.620253 6.324499e-10
1.64557 8.400267e-10
1.670886 5.754626e-10
1.696203 4.649194e-10
1.721519 4.706531e-10
1.746835 4.374828e-10
1.772152 3.331504e-10
1.797468 2.109146e-10
1.822785 2.052715e-10
1.848101 2.868346e-10
1.873418 6.412242e-10
1.898734 2.377745e-09
1.924051 4.174059e-09
1.949367 2.664199e-09
1.974684 9.767084e-10
2 1.148468e-10
