0.02531646 1
0.05063291 1
0.07594937 1
0.1012658 1
0.1265823 1
0.1518987 1
0.1772152 1
0.2025316 1
0.2278481 0.9999998
0.2531646 0.9999983
0.278481 0.9999988
0.3037975 0.9999997
0.3291139 0.9999974
0.3544304 0.99996
0.3797468 0.9985804
0.4050633 0.9779987
0.4303797 0.9824127
0.4556962 0.9971538
0.4810127 0.9976982
0.5063291 0.9148844
0.5316456 0.9977576
0.556962 0.999115
0.5822785 0.9998166
0.6075949 0.9994789
0.6329114 0.9916554
0.6582278 0.9813605
0.6835443 0.9598342
0.7088608 0.8585376
0.7341772 0.2418319
0.7594937 0.01894969
0.7848101 0.001223319
0.8101266 0.0002292362
0.835443 0.0001868725
0.8607595 0.0001351068
0.8860759 3.309328e-05
0.9113924 1.158204e-06
0.9367089 1.712149e-06
0.9620253 0.0002807254
0.9873418 0.0001440129
1.012658 1.070518e-05
1.037975 3.828041e-08
1.063291 9.146109e-08
1.088608 1.399091e-07
1.113924 1.91281e-08
1.139241 6.460998e-10
1.164557 5.58549e-10
1.189873 5.58549e-10
1.21519 5.58549e-10
1.240506 1.324677e-09
1.265823 2.798839e-08
1.291139 1.020342e-08
1.316456 1.059422e-09
1.341772 7.284953e-10
1.367089 7.362594e-10
1.392405 7.54024e-10
1.417722 8.532878e-10
1.443038 1.982709e-09
1.468354 2.613535e-09
1.493671 9.669607e-09
1.518987 1.629509e-06
1.544304 1.210805e-05
1.56962 7.507986e-06
1.594937 1.70892e-06
1.620253 1.115688e-07
1.64557 1.373272e-09
1.670886 6.683679e-10
1.696203 6.670724e-10
1.721519 3.565926e-10
1.746835 6.65587e-11
1.772152 4.191619e-12
1.797468 5.490572e-14
1.822785 8.162276e-15
1.848101 3.485981e-15
1.873418 1.581772e-15
1.898734 9.146345e-16
1.924051 6.106961e-16
1.949367 3.819487e-16
1.974684 2.075898e-16
2 7.330872e-17
