0.07594937 1
0.1012658 1
0.1265823 1
0.1518987 1
0.1772152 1
0.2025316 1
0.2278481 1
0.2531646 1
0.278481 1
0.3037975 1
0.3291139 1
0.3544304 1
0.3797468 1
0.4050633 0.9999997
0.4303797 0.999812
0.4556962 0.9826025
0.4810127 0.723723
0.5063291 0.09718771
0.5316456 0.002438955
0.556962 0.0001016702
0.5822785 5.921771e-06
0.6075949 9.865295e-07
0.6329114 3.75277e-07
0.6582278 8.916585e-08
0.6835443 1.177996e-08
0.7088608 1.447262e-09
0.7341772 1.831492e-10
0.7594937 1.754508e-11
0.7848101 1.731739e-12
0.8101266 5.269485e-13
0.835443 1.705764e-13
0.8607595 2.947051e-14
0.8860759 5.620007e-15
0.9113924 2.409916e-15
0.9367089 1.278977e-15
0.9620253 5.91991e-16
0.9873418 2.368232e-16
1.012658 8.517599e-17
1.037975 3.147038e-17
1.063291 1.37042e-17
1.088608 6.548461e-18
1.113924 2.934884e-18
1.139241 1.156004e-18
1.164557 3.925588e-19
1.189873 1.123563e-19
1.21519 2.629265e-20
1.240506 4.826873e-21
1.265823 6.567763e-22
1.291139 6.102235e-23
1.316456 3.395764e-24
1.341772 8.779268e-26
1.367089 4.908505e-28
1.392405 5.513412e-32
1.417722 6.398836e-38
1.443038 1.947206e-38
1.468354 5.012324e-39
1.493671 1.116725e-39
1.518987 2.32409e-40
1.544304 5.313182e-41
1.56962 1.526165e-41
1.594937 5.09099e-42
1.620253 1.691333e-42
1.64557 5.169239e-43
1.670886 1.417331e-43
1.696203 3.464158e-44
1.721519 7.536433e-45
1.746835 1.458493e-45
1.772152 2.507965e-46
1.797468 3.821613e-47
1.822785 5.131487e-48
1.848101 6.00979e-49
1.873418 6.035256e-50
1.898734 5.060287e-51
1.924051 3.400323e-52
1.949367 1.715365e-53
1.974684 5.772871e-55
2 9.732395e-57
