0.4050633 1
0.4303797 1
0.4556962 1
0.4810127 1
0.5063291 1
0.5316456 1
0.556962 1
0.5822785 1
0.6075949 1
0.6329114 1
0.6582278 1
0.6835443 1
0.7088608 1
0.7341772 1
0.7594937 1
0.7848101 1
0.8101266 1
0.835443 1
0.8607595 1
0.8860759 1
0.9113924 1
0.9367089 1
0.9620253 1
0.9873418 1
1.012658 1
1.037975 1
1.063291 1
1.088608 1
1.113924 1
1.139241 1
1.164557 1
1.189873 1
1.21519 1
1.240506 1
1.265823 1
1.291139 1
1.316456 1
1.341772 0.9999997
1.367089 0.9999103
1.392405 0.9895304
1.417722 0.7814272
1.443038 0.153007
1.468354 0.005724532
1.493671 9.148728e-05
1.518987 1.81419e-06
1.544304 1.770059e-08
1.56962 3.453248e-11
1.594937 1.177714e-14
1.620253 1.243076e-16
1.64557 2.629451e-18
1.670886 2.42224e-19
1.696203 2.344146e-20
1.721519 3.583048e-21
1.746835 4.756233e-22
1.772152 3.152157e-23
1.797468 2.358246e-25
1.822785 4.897457e-58
1.848101 2.039293e-57
1.873418 6.306974e-57
1.898734 1.453325e-56
1.924051 2.455605e-56
1.949367 2.912195e-56
1.974684 2.194598e-56
2 8.015905e-57
