0.02531646 1
0.05063291 1
0.07594937 1
0.1012658 1
0.1265823 1
0.1518987 1
0.1772152 0.9999995
0.2025316 0.9999833
0.2278481 0.9999746
0.2531646 0.9999972
0.278481 0.9999305
0.3037975 0.9910902
0.3291139 0.7812102
0.3544304 0.02161093
0.3797468 0.4581381
0.4050633 0.9819334
0.4303797 0.9961026
0.4556962 0.9969681
0.4810127 0.9984223
0.5063291 0.9945559
0.5316456 0.9173595
0.556962 0.5254448
0.5822785 0.1083591
0.6075949 0.03515444
0.6329114 0.02808707
0.6582278 0.04588578
0.6835443 0.2146297
0.7088608 0.551147
0.7341772 0.2571835
0.7594937 0.01370694
0.7848101 0.0001530821
0.8101266 1.177147e-07
0.835443 3.469476e-10
0.8607595 3.469476e-10
0.8860759 5.900882e-09
0.9113924 1.221578e-07
0.9367089 7.185174e-07
0.9620253 2.324914e-06
0.9873418 8.633436e-06
1.012658 3.162883e-06
1.037975 2.146333e-06
1.063291 8.212507e-08
1.088608 3.812701e-10
1.113924 3.468498e-10
1.139241 3.468499e-10
1.164557 3.503761e-10
1.189873 3.790538e-10
1.21519 4.386436e-10
1.240506 4.566901e-10
1.265823 2.847914e-10
1.291139 6.714424e-11
1.316456 5.534525e-12
1.341772 1.750812e-13
1.367089 9.28404e-15
1.392405 5.509481e-15
1.417722 5.058406e-15
1.443038 6.774926e-15
1.468354 1.061033e-13
1.493671 2.480427e-12
1.518987 1.536557e-11
1.544304 3.777964e-11
1.56962 6.823388e-11
1.594937 1.806058e-10
1.620253 4.219453e-10
1.64557 8.250215e-10
1.670886 1.227817e-09
1.696203 1.128366e-09
1.721519 7.680416e-10
1.746835 1.312985e-09
1.772152 1.247316e-08
1.797468 1.731878e-08
1.822785 6.820758e-09
1.848101 5.381527e-10
1.873418 1.856632e-10
1.898734 2.447726e-10
1.924051 1.225318e-09
1.949367 1.812351e-09
1.974684 8.492126e-10
2 9.926202e-11
