0.5316456 1
0.556962 1
0.5822785 1
0.6075949 1
0.6329114 1
0.6582278 1
0.6835443 1
0.7088608 1
0.7341772 1
0.7594937 1
0.7848101 0.9999997
0.8101266 0.9998742
0.835443 0.9906043
0.8607595 0.8286323
0.8860759 0.1630165
0.9113924 0.003255594
0.9367089 0.0001296855
0.9620253 5.734112e-06
0.9873418 1.448823e-07
1.012658 3.648261e-09
1.037975 6.323316e-11
1.063291 1.937406e-12
1.088608 8.711418e-14
1.113924 3.942075e-15
1.139241 6.904302e-16
1.164557 1.312766e-16
1.189873 2.032907e-17
1.21519 2.520741e-18
1.240506 2.406229e-19
1.265823 1.679617e-20
1.291139 8.062175e-22
1.316456 2.503508e-23
1.341772 4.689136e-25
1.367089 4.781916e-27
1.392405 2.434461e-29
1.417722 6.075654e-32
1.443038 7.705918e-35
1.468354 5.241975e-38
1.493671 2.206194e-41
1.518987 6.753085e-45
1.544304 1.433079e-48
1.56962 1.782769e-52
1.594937 1.074937e-56
1.620253 2.254966e-61
1.64557 1.130284e-66
1.670886 1.225586e-70
1.696203 6.542451e-72
1.721519 3.224866e-73
1.746835 1.429331e-74
1.772152 5.702104e-76
1.797468 2.100165e-77
1.822785 7.445039e-79
1.848101 2.607482e-80
1.873418 8.812533e-82
1.898734 2.689657e-83
1.924051 6.843061e-85
1.949367 1.328234e-86
1.974684 1.729366e-88
2 1.129115e-90
