0.4050633 1
0.4303797 1
0.4556962 1
0.4810127 1
0.5063291 1
0.5316456 1
0.556962 1
0.5822785 1
0.6075949 1
0.6329114 0.9999932
0.6582278 0.997314
0.6835443 0.8770485
0.7088608 0.2029651
0.7341772 0.008587432
0.7594937 0.001285186
0.7848101 0.000332089
0.8101266 2.025947e-05
0.835443 3.757083e-07
0.8607595 1.325776e-08
0.8860759 2.365425e-10
0.9113924 7.08931e-12
0.9367089 6.675256e-13
0.9620253 5.450734e-14
0.9873418 4.112945e-15
1.012658 8.73682e-16
1.037975 1.957527e-16
1.063291 3.438925e-17
1.088608 4.631731e-18
1.113924 4.666293e-19
1.139241 3.398956e-20
1.164557 1.707434e-21
1.189873 5.545772e-23
1.21519 1.060149e-24
1.240506 1.046657e-26
1.265823 4.487589e-29
1.291139 6.827429e-32
1.316456 3.051904e-35
1.341772 2.798204e-39
1.367089 5.048001e-44
1.392405 1.284923e-49
1.417722 8.203576e-56
1.443038 1.234361e-61
1.468354 2.337605e-65
1.493671 9.958005e-67
1.518987 4.309959e-68
1.544304 1.940659e-69
1.56962 9.245106e-71
1.594937 4.551342e-72
1.620253 2.259786e-73
1.64557 1.124136e-74
1.670886 5.619249e-76
1.696203 2.836308e-77
1.721519 1.456146e-78
1.746835 7.678525e-80
1.772152 4.166139e-81
1.797468 2.278304e-82
1.822785 1.205728e-83
1.848101 5.906444e-85
1.873418 2.575264e-86
1.898734 9.630125e-88
1.924051 2.954235e-89
1.949367 6.957397e-91
1.974684 1.116276e-92
2 9.133032e-95
