0.3544304 1
0.3797468 1
0.4050633 1
0.4303797 1
0.4556962 1
0.4810127 1
0.5063291 1
0.5316456 0.9999995
0.556962 0.9999967
0.5822785 0.9999791
0.6075949 0.9998623
0.6329114 0.9979736
0.6582278 0.8979863
0.6835443 0.2366714
0.7088608 0.01498439
0.7341772 0.0002600676
0.7594937 1.069354e-06
0.7848101 8.788114e-10
0.8101266 5.241903e-11
0.835443 5.61273e-11
0.8607595 3.12765e-11
0.8860759 6.362944e-12
0.9113924 3.683376e-13
0.9367089 1.381787e-14
0.9620253 2.314366e-15
0.9873418 8.057643e-16
1.012658 5.098541e-16
1.037975 3.285481e-16
1.063291 1.949083e-16
1.088608 1.06461e-16
1.113924 5.331596e-17
1.139241 2.432464e-17
1.164557 1.002584e-17
1.189873 3.692165e-18
1.21519 1.196599e-18
1.240506 3.338716e-19
1.265823 7.744272e-20
1.291139 1.401705e-20
1.316456 1.742686e-21
1.341772 1.041538e-22
1.367089 1.28707e-26
1.392405 3.266194e-44
1.417722 7.107778e-44
1.443038 1.181115e-43
1.468354 1.567184e-43
1.493671 1.708829e-43
1.518987 1.562593e-43
1.544304 1.216802e-43
1.56962 8.167123e-44
1.594937 4.771e-44
1.620253 2.444559e-44
1.64557 1.105132e-44
1.670886 4.426399e-45
1.696203 1.574462e-45
1.721519 4.975985e-46
1.746835 1.395297e-46
1.772152 3.458985e-47
1.797468 7.535766e-48
1.822785 1.429992e-48
1.848101 2.333791e-49
1.873418 3.217703e-50
1.898734 3.652679e-51
1.924051 3.284322e-52
1.949367 2.19683e-53
1.974684 9.731399e-55
2 2.143958e-56
