0.3037975 1
0.3291139 1
0.3544304 1
0.3797468 1
0.4050633 1
0.4303797 1
0.4556962 1
0.4810127 1
0.5063291 0.9999999
0.5316456 0.9998372
0.556962 0.97963
0.5822785 0.6521167
0.6075949 0.04338195
0.6329114 0.005888618
0.6582278 0.0003610981
0.6835443 1.037131e-05
0.7088608 8.346432e-07
0.7341772 1.159375e-07
0.7594937 3.775353e-09
0.7848101 1.529975e-10
0.8101266 7.936476e-12
0.835443 5.745108e-13
0.8607595 4.614436e-14
0.8860759 4.897013e-15
0.9113924 1.262523e-15
0.9367089 3.779267e-16
0.9620253 9.396269e-17
0.9873418 1.877766e-17
1.012658 2.93119e-18
1.037975 3.516358e-19
1.063291 3.151995e-20
1.088608 2.016355e-21
1.113924 8.645338e-23
1.139241 2.301251e-24
1.164557 3.500544e-26
1.189873 2.740074e-28
1.21519 9.906185e-31
1.240506 1.327474e-33
1.265823 4.874126e-37
1.291139 4.498497e-41
1.316456 6.653734e-46
1.341772 1.452018e-51
1.367089 3.619029e-57
1.392405 1.574225e-61
1.417722 1.274532e-63
1.443038 1.6145e-65
1.468354 8.722203e-67
1.493671 1.491751e-67
1.518987 4.324679e-68
1.544304 1.249727e-68
1.56962 3.317969e-69
1.594937 8.039144e-70
1.620253 1.778203e-70
1.64557 3.590925e-71
1.670886 6.613946e-72
1.696203 1.10873e-72
1.721519 1.685739e-73
1.746835 2.312913e-74
1.772152 2.844303e-75
1.797468 3.10735e-76
1.822785 2.981422e-77
1.848101 2.475024e-78
1.873418 1.742569e-79
1.898734 1.012195e-80
1.924051 4.658897e-82
1.949367 1.593678e-83
1.974684 3.602676e-85
2 4.037957e-87
