0.02531646 1
0.05063291 1
0.07594937 1
0.1012658 1
0.1265823 1
0.1518987 1
0.1772152 1
0.2025316 0.9999953
0.2278481 0.9994834
0.2531646 0.9853462
0.278481 0.1883042
0.3037975 0.02720008
0.3291139 0.001079743
0.3544304 4.964579e-05
0.3797468 1.15496e-05
0.4050633 7.690039e-07
0.4303797 2.612948e-07
0.4556962 1.474964e-06
0.4810127 1.168114e-06
0.5063291 2.995687e-07
0.5316456 1.272028e-07
0.556962 1.276247e-07
0.5822785 2.047559e-07
0.6075949 1.710216e-06
0.6329114 3.326357e-05
0.6582278 0.0004925524
0.6835443 0.0006812861
0.7088608 0.0003013711
0.7341772 0.001035516
0.7594937 0.00459218
0.7848101 0.006293365
0.8101266 0.005454441
0.835443 0.002364424
0.8607595 0.001029621
0.8860759 0.0005285642
0.9113924 0.0003011337
0.9367089 6.207282e-05
0.9620253 6.678654e-05
0.9873418 0.0006775093
1.012658 0.002249046
1.037975 0.002281329
1.063291 0.001405522
1.088608 0.0002484338
1.113924 1.490621e-05
1.139241 3.603044e-06
1.164557 1.159309e-05
1.189873 1.11625e-05
1.21519 3.844332e-06
1.240506 6.256578e-07
1.265823 1.170265e-06
1.291139 7.724156e-06
1.316456 2.663233e-05
1.341772 0.0001084558
1.367089 0.0005064726
1.392405 0.001630982
1.417722 0.001580563
1.443038 0.0007384799
1.468354 0.0001120444
1.493671 3.88451e-06
1.518987 2.17794e-07
1.544304 2.17794e-07
1.56962 8.972151e-07
1.594937 1.137855e-05
1.620253 6.872359e-05
1.64557 0.0003970791
1.670886 0.0006694199
1.696203 0.0003070364
1.721519 5.700665e-05
1.746835 4.573747e-06
1.772152 1.96751e-06
1.797468 1.562074e-05
1.822785 6.236831e-05
1.848101 7.760896e-05
1.873418 7.760896e-05
1.898734 3.710962e-05
1.924051 4.366061e-06
1.949367 1.064389e-07
1.974684 2.061393e-07
2 3.407413e-06
