0.5822785 1
0.6075949 1
0.6329114 1
0.6582278 1
0.6835443 1
0.7088608 1
0.7341772 1
0.7594937 1
0.7848101 1
0.8101266 1
0.835443 1
0.8607595 0.9999999
0.8860759 0.9999062
0.9113924 0.9889764
0.9367089 0.7833528
0.9620253 0.1381144
0.9873418 0.003445064
1.012658 0.000151524
1.037975 6.012266e-06
1.063291 1.285727e-07
1.088608 2.570741e-09
1.113924 2.977388e-11
1.139241 7.555309e-13
1.164557 2.835562e-14
1.189873 1.901272e-15
1.21519 4.360224e-16
1.240506 9.048091e-17
1.265823 1.61348e-17
1.291139 2.390464e-18
1.316456 2.841093e-19
1.341772 2.612632e-20
1.367089 1.789292e-21
1.392405 8.777533e-23
1.417722 3.024819e-24
1.443038 7.417985e-26
1.468354 1.313288e-27
1.493671 1.630599e-29
1.518987 1.332385e-31
1.544304 6.824721e-34
1.56962 2.234721e-36
1.594937 5.203146e-39
1.620253 8.13811e-42
1.64557 7.223802e-45
1.670886 2.410485e-49
1.696203 4.149693e-54
1.721519 1.873876e-59
1.746835 3.670393e-64
1.772152 2.97567e-68
1.797468 2.271472e-71
1.822785 5.894433e-73
1.848101 2.588707e-74
1.873418 9.284588e-76
1.898734 2.531999e-77
1.924051 4.968403e-79
1.949367 6.680009e-81
1.974684 5.837799e-83
2 2.851366e-85
