0.1265823 1
0.1518987 1
0.1772152 1
0.2025316 1
0.2278481 1
0.2531646 1
0.278481 1
0.3037975 1
0.3291139 1
0.3544304 1
0.3797468 1
0.4050633 1
0.4303797 1
0.4556962 1
0.4810127 1
0.5063291 1
0.5316456 1
0.556962 1
0.5822785 1
0.6075949 1
0.6329114 1
0.6582278 1
0.6835443 0.9999993
0.7088608 0.9999831
0.7341772 0.9995989
0.7594937 0.9852394
0.7848101 0.7411228
0.8101266 0.121974
0.835443 0.003042862
0.8607595 8.989601e-06
0.8860759 3.342873e-09
0.9113924 1.618335e-11
0.9367089 2.470693e-11
0.9620253 2.697483e-11
0.9873418 2.028293e-11
1.012658 7.30668e-12
1.037975 8.037373e-13
1.063291 1.766742e-14
1.088608 4.312018e-16
1.113924 2.99612e-16
1.139241 2.355664e-16
1.164557 1.562639e-16
1.189873 8.84107e-17
1.21519 4.278345e-17
1.240506 1.745541e-17
1.265823 5.902938e-18
1.291139 1.592997e-18
1.316456 3.109225e-19
1.341772 3.64204e-20
1.367089 1.562448e-21
1.392405 1.749528e-34
1.417722 2.724978e-39
1.443038 5.119076e-39
1.468354 7.593102e-39
1.493671 9.038013e-39
1.518987 8.738426e-39
1.544304 6.926035e-39
1.56962 4.532445e-39
1.594937 2.463352e-39
1.620253 1.117557e-39
1.64557 4.251132e-40
1.670886 1.361076e-40
1.696203 3.678276e-41
1.721519 8.403234e-42
1.746835 1.622443e-42
1.772152 2.640755e-43
1.797468 3.604805e-44
1.822785 4.092795e-45
1.848101 3.818283e-46
1.873418 2.877391e-47
1.898734 1.709537e-48
1.924051 7.724442e-50
1.949367 2.503989e-51
1.974684 5.217529e-53
2 5.295429e-55
