0.5822785 1
0.6075949 1
0.6329114 1
0.6582278 1
0.6835443 1
0.7088608 1
0.7341772 1
0.7594937 1
0.7848101 1
0.8101266 1
0.835443 1
0.8607595 1
0.8860759 1
0.9113924 1
0.9367089 1
0.9620253 1
0.9873418 1
1.012658 1
1.037975 1
1.063291 1
1.088608 1
1.113924 1
1.139241 1
1.164557 1
1.189873 1
1.21519 1
1.240506 1
1.265823 1
1.291139 1
1.316456 0.9999996
1.341772 0.9998127
1.367089 0.9845723
1.392405 0.7484334
1.417722 0.1290791
1.443038 0.003561069
1.468354 7.396651e-05
1.493671 5.933321e-07
1.518987 3.360343e-09
1.544304 7.166259e-12
1.56962 2.323525e-14
1.594937 6.211454e-16
1.620253 4.362529e-17
1.64557 1.258541e-17
1.670886 2.562233e-18
1.696203 4.393443e-19
1.721519 7.793426e-20
1.746835 1.621693e-20
1.772152 3.293508e-21
1.797468 4.806962e-22
1.822785 3.867496e-23
1.848101 1.334687e-24
1.873418 1.639845e-26
1.898734 7.221404e-29
1.924051 9.405674e-32
1.949367 1.29734e-35
1.974684 2.023732e-41
2 5.98901e-45
