0.02531646 1
0.05063291 1
0.07594937 1
0.1012658 1
0.1265823 1
0.1518987 1
0.1772152 1
0.2025316 0.9999812
0.2278481 0.996695
0.2531646 0.8793755
0.278481 0.1125531
0.3037975 0.01005124
0.3291139 0.0001444723
0.3544304 1.941311e-05
0.3797468 8.114852e-06
0.4050633 1.177894e-07
0.4303797 4.6898e-09
0.4556962 4.530056e-10
0.4810127 1.756054e-10
0.5063291 8.871633e-11
0.5316456 3.284879e-11
0.556962 9.050505e-12
0.5822785 9.74976e-10
0.6075949 1.220341e-07
0.6329114 3.461099e-06
0.6582278 6.044097e-05
0.6835443 0.000305791
0.7088608 0.0005008687
0.7341772 0.0001380713
0.7594937 8.120417e-05
0.7848101 3.65924e-05
0.8101266 1.940087e-05
0.835443 7.767239e-06
0.8607595 8.666149e-07
0.8860759 9.796406e-07
0.9113924 9.134582e-06
0.9367089 8.704164e-06
0.9620253 2.444984e-06
0.9873418 8.354793e-07
1.012658 1.590644e-07
1.037975 1.322647e-08
1.063291 1.14429e-09
1.088608 1.232882e-10
1.113924 1.748352e-11
1.139241 3.659831e-11
1.164557 5.899479e-10
1.189873 2.88663e-09
1.21519 2.063665e-08
1.240506 4.477713e-07
1.265823 6.67581e-06
1.291139 4.466809e-05
1.316456 0.0001669352
1.341772 0.0001878708
1.367089 0.0001277097
1.392405 2.952277e-05
1.417722 2.333949e-06
1.443038 4.723462e-07
1.468354 8.355647e-07
1.493671 7.707244e-06
1.518987 8.707842e-05
1.544304 0.0002434511
1.56962 0.0001504667
1.594937 3.748355e-05
1.620253 2.960403e-06
1.64557 3.043987e-06
1.670886 2.4569e-05
1.696203 0.0001228932
1.721519 0.0001331471
1.746835 5.413092e-05
1.772152 5.865338e-06
1.797468 5.183318e-07
1.822785 2.486708e-06
1.848101 1.821354e-05
1.873418 1.783186e-05
1.898734 9.105525e-06
1.924051 3.960018e-06
1.949367 4.367788e-06
1.974684 7.163336e-06
2 2.64411e-05
