0.02531646 1
0.05063291 1
0.07594937 1
0.1012658 1
0.1265823 1
0.1518987 1
0.1772152 1
0.2025316 0.9999872
0.2278481 0.9981013
0.2531646 0.9507359
0.278481 0.4196286
0.3037975 0.006239823
0.3291139 0.0007979832
0.3544304 0.0002404586
0.3797468 0.00543765
0.4050633 0.04254342
0.4303797 0.05448856
0.4556962 0.01877913
0.4810127 0.006865747
0.5063291 0.003591315
0.5316456 0.0022209
0.556962 0.001006398
0.5822785 0.0008545544
0.6075949 0.001202148
0.6329114 0.001345857
0.6582278 0.0002114292
0.6835443 1.967909e-05
0.7088608 2.139707e-06
0.7341772 9.343987e-07
0.7594937 8.200872e-06
0.7848101 0.0001363195
0.8101266 0.0007487617
0.835443 0.001534105
0.8607595 0.002807745
0.8860759 0.003604739
0.9113924 0.003604739
0.9367089 0.003604739
0.9620253 0.002404851
0.9873418 0.001121546
1.012658 0.0004822972
1.037975 0.0003430183
1.063291 0.0001190942
1.088608 1.369602e-05
1.113924 1.695657e-06
1.139241 4.049105e-07
1.164557 4.056869e-07
1.189873 1.588744e-06
1.21519 2.091582e-06
1.240506 2.92334e-06
1.265823 1.043626e-06
1.291139 1.811751e-07
1.316456 4.929745e-08
1.341772 3.616614e-08
1.367089 3.616531e-08
1.392405 8.216735e-08
1.417722 6.601559e-07
1.443038 1.529944e-06
1.468354 1.584602e-06
1.493671 2.441476e-05
1.518987 4.153083e-05
1.544304 1.071201e-05
1.56962 1.846252e-06
1.594937 1.031739e-06
1.620253 2.562945e-07
1.64557 2.730764e-08
1.670886 2.469341e-08
1.696203 3.255531e-08
1.721519 7.884637e-08
1.746835 2.385729e-07
1.772152 1.662968e-07
1.797468 1.484842e-08
1.822785 2.704735e-10
1.848101 4.688654e-10
1.873418 3.135312e-09
1.898734 8.444019e-09
1.924051 9.230892e-09
1.949367 5.712972e-09
1.974684 1.281872e-09
2 2.856734e-10
