0.5316456 1
0.556962 1
0.5822785 1
0.6075949 1
0.6329114 1
0.6582278 1
0.6835443 1
0.7088608 1
0.7341772 1
0.7594937 1
0.7848101 1
0.8101266 1
0.835443 1
0.8607595 1
0.8860759 1
0.9113924 1
0.9367089 1
0.9620253 1
0.9873418 1
1.012658 1
1.037975 1
1.063291 1
1.088608 1
1.113924 1
1.139241 1
1.164557 1
1.189873 1
1.21519 1
1.240506 1
1.265823 1
1.291139 1
1.316456 1
1.341772 0.9999998
1.367089 0.9999349
1.392405 0.9951061
1.417722 0.8787423
1.443038 0.2848133
1.468354 0.01483888
1.493671 0.0002451612
1.518987 1.194896e-06
1.544304 5.721848e-09
1.56962 1.559142e-11
1.594937 1.53536e-14
1.620253 4.694763e-16
1.64557 5.377295e-17
1.670886 1.836548e-17
1.696203 4.802974e-18
1.721519 1.225414e-18
1.746835 3.485016e-19
1.772152 1.115044e-19
1.797468 3.676621e-20
1.822785 1.160367e-20
1.848101 3.379706e-21
1.873418 8.900465e-22
1.898734 2.11573e-22
1.924051 4.545651e-23
1.949367 8.750895e-24
1.974684 1.560643e-24
2 2.021039e-25
