0.4303797 1
0.4556962 1
0.4810127 1
0.5063291 1
0.5316456 1
0.556962 1
0.5822785 1
0.6075949 1
0.6329114 1
0.6582278 0.9999944
0.6835443 0.9995681
0.7088608 0.9927515
0.7341772 0.8895902
0.7594937 0.1609725
0.7848101 0.005689459
0.8101266 0.0001969035
0.835443 1.130957e-05
0.8607595 4.197176e-07
0.8860759 6.620942e-09
0.9113924 1.510287e-10
0.9367089 6.83882e-12
0.9620253 5.457415e-13
0.9873418 3.483649e-14
1.012658 2.789111e-15
1.037975 6.230419e-16
1.063291 1.271049e-16
1.088608 2.019102e-17
1.113924 2.444737e-18
1.139241 2.198567e-19
1.164557 1.412293e-20
1.189873 6.11415e-22
1.21519 1.649255e-23
1.240506 2.476831e-25
1.265823 1.791799e-27
1.291139 5.17666e-30
1.316456 4.863078e-33
1.341772 1.201893e-36
1.367089 5.926698e-41
1.392405 6.060353e-46
1.417722 1.017225e-51
1.443038 8.026793e-58
1.468354 1.636921e-63
1.493671 2.763271e-66
1.518987 1.232214e-67
1.544304 5.517938e-69
1.56962 2.607476e-70
1.594937 1.306682e-71
1.620253 6.725626e-73
1.64557 3.462924e-74
1.670886 1.771379e-75
1.696203 9.03733e-77
1.721519 4.625751e-78
1.746835 2.372472e-79
1.772152 1.19965e-80
1.797468 5.821076e-82
1.822785 2.643261e-83
1.848101 1.104683e-84
1.873418 4.195008e-86
1.898734 1.418506e-87
1.924051 4.103875e-89
1.949367 9.452837e-91
1.974684 1.522259e-92
2 1.269338e-94
