0.02531646 1
0.05063291 1
0.07594937 1
0.1012658 1
0.1265823 1
0.1518987 1
0.1772152 1
0.2025316 0.9999998
0.2278481 0.9999529
0.2531646 0.9994663
0.278481 0.9949266
0.3037975 0.9724481
0.3291139 0.8424592
0.3544304 0.1636698
0.3797468 0.03299178
0.4050633 0.03298884
0.4303797 0.04466493
0.4556962 0.6205828
0.4810127 0.3102529
0.5063291 0.03998301
0.5316456 0.001754698
0.556962 9.007613e-05
0.5822785 7.243485e-05
0.6075949 5.430289e-05
0.6329114 4.180484e-05
0.6582278 4.180484e-05
0.6835443 8.927085e-05
0.7088608 7.163534e-05
0.7341772 3.482726e-05
0.7594937 8.470134e-06
0.7848101 2.061073e-06
0.8101266 9.354081e-08
0.835443 4.409693e-09
0.8607595 6.175853e-09
0.8860759 4.442197e-09
0.9113924 2.807309e-09
0.9367089 2.459227e-09
0.9620253 2.459227e-09
0.9873418 2.459227e-09
1.012658 2.459227e-09
1.037975 2.459227e-09
1.063291 7.893697e-09
1.088608 7.615187e-09
1.113924 2.473975e-09
1.139241 1.816425e-09
1.164557 3.926223e-09
1.189873 1.253012e-07
1.21519 8.416336e-06
1.240506 7.97755e-05
1.265823 9.78891e-05
1.291139 3.993654e-05
1.316456 2.845673e-06
1.341772 4.20801e-08
1.367089 3.301232e-10
1.392405 2.377526e-10
1.417722 2.163366e-10
1.443038 1.120982e-10
1.468354 4.916414e-11
1.493671 4.021034e-11
1.518987 3.987866e-11
1.544304 4.040988e-11
1.56962 4.512974e-11
1.594937 7.406412e-11
1.620253 6.916954e-10
1.64557 2.355718e-09
1.670886 1.858262e-09
1.696203 9.163551e-10
1.721519 2.179372e-10
1.746835 2.541539e-11
1.772152 2.22188e-12
1.797468 3.476494e-12
1.822785 4.08355e-11
1.848101 8.931099e-11
1.873418 6.810529e-11
1.898734 1.865351e-11
1.924051 2.120082e-12
1.949367 1.969081e-12
1.974684 4.89718e-12
2 6.759255e-12
