0.5063291 1
0.5316456 1
0.556962 1
0.5822785 1
0.6075949 1
0.6329114 1
0.6582278 1
0.6835443 1
0.7088608 1
0.7341772 1
0.7594937 1
0.7848101 1
0.8101266 1
0.835443 1
0.8607595 1
0.8860759 1
0.9113924 1
0.9367089 1
0.9620253 1
0.9873418 1
1.012658 1
1.037975 1
1.063291 1
1.088608 1
1.113924 1
1.139241 1
1.164557 1
1.189873 1
1.21519 1
1.240506 1
1.265823 1
1.291139 1
1.316456 1
1.341772 0.9999999
1.367089 0.9999542
1.392405 0.9966885
1.417722 0.9365389
1.443038 0.3950603
1.468354 0.03459135
1.493671 0.0005976341
1.518987 3.391947e-06
1.544304 1.775271e-08
1.56962 4.672481e-11
1.594937 3.08293e-14
1.620253 5.930105e-16
1.64557 6.331772e-17
1.670886 2.088704e-17
1.696203 5.104969e-18
1.721519 1.202247e-18
1.746835 3.213092e-19
1.772152 9.746007e-20
1.797468 3.058846e-20
1.822785 9.228618e-21
1.848101 2.568801e-21
1.873418 6.480437e-22
1.898734 1.479387e-22
1.924051 3.068151e-23
1.949367 5.749979e-24
1.974684 9.435888e-25
2 1.18233e-25
