0.02531646 1
0.05063291 1
0.07594937 1
0.1012658 1
0.1265823 1
0.1518987 1
0.1772152 1
0.2025316 1
0.2278481 0.9999995
0.2531646 0.999999
0.278481 0.9999731
0.3037975 0.9990721
0.3291139 0.9995313
0.3544304 0.9993862
0.3797468 0.9874863
0.4050633 0.9982185
0.4303797 0.9978472
0.4556962 0.793244
0.4810127 0.9154586
0.5063291 0.9937093
0.5316456 0.9986745
0.556962 0.9883263
0.5822785 0.8263646
0.6075949 0.224367
0.6329114 0.01444431
0.6582278 0.0003131501
0.6835443 1.265157e-05
0.7088608 1.136061e-06
0.7341772 1.585494e-07
0.7594937 2.970063e-07
0.7848101 1.265007e-06
0.8101266 4.431585e-06
0.835443 7.542638e-06
0.8607595 8.434948e-06
0.8860759 2.771138e-06
0.9113924 2.284286e-06
0.9367089 2.998886e-06
0.9620253 5.694096e-07
0.9873418 2.356459e-06
1.012658 3.070186e-06
1.037975 3.070186e-06
1.063291 5.411221e-07
1.088608 7.570547e-08
1.113924 5.308051e-08
1.139241 5.216994e-08
1.164557 4.647802e-08
1.189873 4.645133e-08
1.21519 4.536149e-08
1.240506 2.145507e-08
1.265823 3.8508e-09
1.291139 9.638215e-10
1.316456 4.354054e-10
1.341772 3.53504e-10
1.367089 3.526235e-10
1.392405 3.595917e-10
1.417722 4.049718e-10
1.443038 5.303409e-10
1.468354 5.859688e-10
1.493671 4.983315e-10
1.518987 3.497108e-10
1.544304 1.476488e-10
1.56962 2.131257e-11
1.594937 3.314847e-12
1.620253 9.284805e-12
1.64557 6.309876e-11
1.670886 3.572382e-10
1.696203 1.633154e-09
1.721519 2.769806e-09
1.746835 2.460846e-09
1.772152 1.187876e-09
1.797468 5.000235e-10
1.822785 2.985449e-10
1.848101 1.69506e-10
1.873418 8.456198e-11
1.898734 6.046937e-11
1.924051 6.205331e-11
1.949367 8.984979e-11
1.974684 1.381473e-10
2 1.43232e-10
