0.02531646 1
0.05063291 1
0.07594937 1
0.1012658 1
0.1265823 1
0.1518987 1
0.1772152 1
0.2025316 1
0.2278481 0.9999989
0.2531646 0.9999778
0.278481 0.9999866
0.3037975 0.9999949
0.3291139 0.9994379
0.3544304 0.9989755
0.3797468 0.999881
0.4050633 0.9999882
0.4303797 0.9993209
0.4556962 0.7044896
0.4810127 0.7614397
0.5063291 0.974999
0.5316456 0.9978554
0.556962 0.9978554
0.5822785 0.9927751
0.6075949 0.9637659
0.6329114 0.6621264
0.6582278 0.1501398
0.6835443 0.01239499
0.7088608 0.0004014272
0.7341772 5.419724e-06
0.7594937 5.400361e-08
0.7848101 4.965714e-10
0.8101266 3.469476e-10
0.835443 3.948253e-10
0.8607595 5.218586e-10
0.8860759 5.301566e-10
0.9113924 5.00316e-10
0.9367089 4.950556e-10
0.9620253 4.990656e-10
0.9873418 4.905446e-10
1.012658 4.283475e-10
1.037975 2.678073e-10
1.063291 9.3583e-11
1.088608 9.527149e-12
1.113924 2.056157e-13
1.139241 9.237445e-15
1.164557 6.664509e-15
1.189873 5.502187e-15
1.21519 4.803543e-15
1.240506 4.483037e-15
1.265823 4.472876e-15
1.291139 4.66707e-15
1.316456 5.052152e-15
1.341772 7.417706e-15
1.367089 2.375472e-13
1.392405 1.163247e-11
1.417722 3.168253e-10
1.443038 1.289531e-08
1.468354 2.694305e-07
1.493671 1.885007e-06
1.518987 1.921078e-06
1.544304 4.193986e-07
1.56962 1.597435e-08
1.594937 1.533604e-10
1.620253 2.477019e-10
1.64557 3.31894e-10
1.670886 2.432743e-10
1.696203 4.229155e-10
1.721519 2.511104e-08
1.746835 5.527598e-07
1.772152 3.841259e-06
1.797468 1.085208e-05
1.822785 3.980249e-06
1.848101 9.125927e-08
1.873418 3.597721e-10
1.898734 2.341648e-12
1.924051 8.115681e-14
1.949367 2.486106e-14
1.974684 3.563163e-15
2 6.76213e-17
