0.02531646 1
0.05063291 1
0.07594937 1
0.1012658 1
0.1265823 1
0.1518987 1
0.1772152 1
0.2025316 0.9999873
0.2278481 0.9982334
0.2531646 0.9689062
0.278481 0.8368669
0.3037975 0.007641795
0.3291139 0.0009584562
0.3544304 0.0001110314
0.3797468 0.002704657
0.4050633 0.02527853
0.4303797 0.04271276
0.4556962 0.007188775
0.4810127 0.001206264
0.5063291 0.0003922661
0.5316456 0.0003225563
0.556962 0.0003103614
0.5822785 0.0003103614
0.6075949 0.0003443138
0.6329114 0.001057019
0.6582278 0.0007590152
0.6835443 9.064255e-05
0.7088608 3.474253e-06
0.7341772 1.01035e-06
0.7594937 6.127977e-05
0.7848101 0.0006867232
0.8101266 0.002362746
0.835443 0.002386506
0.8607595 0.0007220364
0.8860759 0.0026931
0.9113924 0.003604739
0.9367089 0.003604739
0.9620253 0.003604739
0.9873418 0.003604739
1.012658 0.002823641
1.037975 0.0005846633
1.063291 0.0001241726
1.088608 1.887585e-05
1.113924 3.590272e-06
1.139241 1.053302e-06
1.164557 7.397426e-07
1.189873 6.041731e-06
1.21519 1.606008e-05
1.240506 1.983642e-05
1.265823 1.359556e-05
1.291139 4.096567e-06
1.316456 4.515279e-07
1.341772 6.119169e-08
1.367089 3.616459e-08
1.392405 3.616531e-08
1.417722 4.62739e-08
1.443038 4.396506e-08
1.468354 3.761016e-08
1.493671 5.162799e-07
1.518987 1.107571e-06
1.544304 2.174843e-07
1.56962 5.516013e-08
1.594937 6.56281e-08
1.620253 2.585996e-07
1.64557 1.309049e-07
1.670886 3.877058e-08
1.696203 7.955138e-09
1.721519 2.943882e-09
1.746835 7.503189e-09
1.772152 1.356915e-08
1.797468 4.209216e-09
1.822785 2.645938e-10
1.848101 4.32921e-10
1.873418 1.678136e-09
1.898734 4.880885e-09
1.924051 5.594847e-09
1.949367 3.476802e-09
1.974684 9.140707e-10
2 3.1743e-10
