0.02531646 1
0.05063291 1
0.07594937 1
0.1012658 1
0.1265823 1
0.1518987 1
0.1772152 1
0.2025316 0.9999944
0.2278481 0.999656
0.2531646 0.9968141
0.278481 0.8675868
0.3037975 0.03589924
0.3291139 0.006185744
0.3544304 0.002798138
0.3797468 0.04451972
0.4050633 0.03902878
0.4303797 0.002059338
0.4556962 0.002546472
0.4810127 0.005574013
0.5063291 0.006073187
0.5316456 0.00429964
0.556962 0.001567375
0.5822785 0.0002373233
0.6075949 6.557389e-05
0.6329114 0.000304424
0.6582278 0.002969841
0.6835443 0.003580178
0.7088608 0.001522614
0.7341772 0.0002165723
0.7594937 2.927853e-05
0.7848101 3.166484e-05
0.8101266 2.448267e-05
0.835443 7.515124e-06
0.8607595 7.32034e-06
0.8860759 5.899222e-06
0.9113924 2.295761e-06
0.9367089 9.027777e-07
0.9620253 1.086235e-06
0.9873418 2.915597e-06
1.012658 2.668333e-06
1.037975 1.472995e-06
1.063291 8.542151e-07
1.088608 6.196146e-07
1.113924 4.573911e-07
1.139241 6.501823e-07
1.164557 2.845621e-06
1.189873 4.101555e-06
1.21519 8.420158e-06
1.240506 6.896393e-06
1.265823 1.134186e-06
1.291139 4.067709e-07
1.316456 1.080515e-05
1.341772 5.146618e-05
1.367089 5.146618e-05
1.392405 4.258687e-05
1.417722 8.617394e-06
1.443038 2.444853e-07
1.468354 4.534826e-09
1.493671 2.090986e-09
1.518987 2.092953e-09
1.544304 2.090986e-09
1.56962 2.091242e-09
1.594937 3.146102e-09
1.620253 1.287485e-10
1.64557 5.761227e-12
1.670886 6.909177e-12
1.696203 6.009144e-12
1.721519 3.677728e-12
1.746835 8.712109e-13
1.772152 8.929506e-14
1.797468 1.124979e-14
1.822785 3.802689e-15
1.848101 2.450316e-15
1.873418 2.152356e-15
1.898734 2.025801e-15
1.924051 1.941345e-15
1.949367 1.886585e-15
1.974684 1.84855e-15
2 1.852378e-15
