0.6075949 1
0.6329114 1
0.6582278 1
0.6835443 1
0.7088608 1
0.7341772 1
0.7594937 1
0.7848101 1
0.8101266 1
0.835443 1
0.8607595 1
0.8860759 1
0.9113924 0.9999999
0.9367089 0.9998885
0.9620253 0.9877326
0.9873418 0.770228
1.012658 0.1232923
1.037975 0.002762005
1.063291 9.678284e-05
1.088608 3.176087e-06
1.113924 8.100943e-08
1.139241 9.325405e-10
1.164557 1.237983e-11
1.189873 3.678688e-13
1.21519 1.320851e-14
1.240506 1.440597e-15
1.265823 3.888859e-16
1.291139 9.421681e-17
1.316456 1.960245e-17
1.341772 3.364182e-18
1.367089 4.6201e-19
1.392405 4.959557e-20
1.417722 4.101746e-21
1.443038 2.605361e-22
1.468354 1.286364e-23
1.493671 4.931193e-25
1.518987 1.37394e-26
1.544304 2.596113e-28
1.56962 3.165764e-30
1.594937 2.398737e-32
1.620253 1.158171e-34
1.64557 2.17851e-37
1.670886 2.075807e-40
1.696203 2.120062e-43
1.721519 8.497688e-47
1.746835 6.024346e-51
1.772152 6.743188e-56
1.797468 1.75604e-60
1.822785 6.808384e-65
1.848101 1.220979e-68
1.873418 2.678242e-72
1.898734 1.684577e-75
1.924051 4.656092e-77
1.949367 9.23846e-79
1.974684 1.008245e-80
2 4.90932e-83
