0.02531646 1
0.05063291 1
0.07594937 1
0.1012658 1
0.1265823 1
0.1518987 1
0.1772152 0.9999998
0.2025316 0.9999998
0.2278481 0.9999999
0.2531646 0.9999969
0.278481 0.9999409
0.3037975 0.9997362
0.3291139 0.9998628
0.3544304 0.9999437
0.3797468 0.9999844
0.4050633 0.9997713
0.4303797 0.9942956
0.4556962 0.9365885
0.4810127 0.9306369
0.5063291 0.9306369
0.5316456 0.9965428
0.556962 0.9993566
0.5822785 0.997447
0.6075949 0.9709221
0.6329114 0.4142574
0.6582278 0.5224374
0.6835443 0.9360352
0.7088608 0.9780246
0.7341772 0.7021489
0.7594937 0.0284387
0.7848101 0.0001614771
0.8101266 5.21097e-06
0.835443 1.378852e-07
0.8607595 1.879786e-08
0.8860759 3.45701e-08
0.9113924 2.514444e-08
0.9367089 6.920908e-08
0.9620253 1.426483e-08
0.9873418 2.235853e-09
1.012658 2.235853e-09
1.037975 2.398774e-09
1.063291 6.827561e-09
1.088608 8.712411e-08
1.113924 5.052076e-08
1.139241 1.168185e-08
1.164557 1.017574e-07
1.189873 4.250393e-07
1.21519 2.508535e-07
1.240506 3.298029e-08
1.265823 1.165562e-08
1.291139 9.719266e-10
1.316456 4.978629e-10
1.341772 4.923802e-10
1.367089 9.077421e-10
1.392405 1.107258e-09
1.417722 4.555284e-10
1.443038 1.88034e-10
1.468354 9.621909e-11
1.493671 2.030768e-11
1.518987 1.141665e-12
1.544304 1.230402e-14
1.56962 1.89345e-15
1.594937 5.219547e-16
1.620253 1.399575e-16
1.64557 4.732291e-17
1.670886 1.389318e-17
1.696203 3.733831e-18
1.721519 9.755163e-19
1.746835 2.536867e-19
1.772152 6.630238e-20
1.797468 1.748614e-20
1.822785 4.672851e-21
1.848101 1.272937e-21
1.873418 3.557683e-22
1.898734 1.02545e-22
1.924051 3.058987e-23
1.949367 9.480003e-24
1.974684 3.068101e-24
2 1.044638e-24
