0.05063291 1
0.07594937 1
0.1012658 1
0.1265823 1
0.1518987 1
0.1772152 1
0.2025316 1
0.2278481 0.9999989
0.2531646 0.9994024
0.278481 0.9602772
0.3037975 0.5753332
0.3291139 0.009547097
0.3544304 0.006908313
0.3797468 0.000451423
0.4050633 1.647145e-05
0.4303797 4.959419e-07
0.4556962 1.895265e-08
0.4810127 1.910779e-09
0.5063291 3.333808e-10
0.5316456 1.277698e-10
0.556962 3.516997e-11
0.5822785 6.584403e-12
0.6075949 9.505898e-13
0.6329114 1.274517e-13
0.6582278 2.282744e-14
0.6835443 6.630807e-15
0.7088608 2.861173e-15
0.7341772 1.506582e-15
0.7594937 7.46548e-16
0.7848101 3.433991e-16
0.8101266 1.46327e-16
0.835443 5.724059e-17
0.8607595 2.03611e-17
0.8860759 6.553206e-18
0.9113924 1.914826e-18
0.9367089 5.147239e-19
0.9620253 1.29666e-19
0.9873418 3.092915e-20
1.012658 6.907785e-21
1.037975 1.401404e-21
1.063291 2.496033e-22
1.088608 3.805086e-23
1.113924 4.94327e-24
1.139241 6.654233e-25
1.164557 3.303977e-25
1.189873 5.330114e-25
1.21519 9.380809e-25
1.240506 1.579834e-24
1.265823 2.531847e-24
1.291139 3.860391e-24
1.316456 5.599579e-24
1.341772 7.725743e-24
1.367089 1.013632e-23
1.392405 1.264245e-23
1.417722 1.498333e-23
1.443038 1.68647e-23
1.468354 1.801579e-23
1.493671 1.825046e-23
1.518987 1.751437e-23
1.544304 1.590234e-23
1.56962 1.363894e-23
1.594937 1.102781e-23
1.620253 8.385124e-24
1.64557 5.977253e-24
1.670886 3.97932e-24
1.696203 2.462577e-24
1.721519 1.408441e-24
1.746835 7.392394e-25
1.772152 3.529893e-25
1.797468 1.517118e-25
1.822785 5.791088e-26
1.848101 1.930293e-26
1.873418 5.495606e-27
1.898734 1.297015e-27
1.924051 2.431111e-28
1.949367 3.385025e-29
1.974684 3.104037e-30
2 1.401789e-31
