0.02531646 0.9999999
0.05063291 1
0.07594937 1
0.1012658 1
0.1265823 1
0.1518987 1
0.1772152 1
0.2025316 0.9999936
0.2278481 0.9987171
0.2531646 0.9721394
0.278481 0.6670633
0.3037975 0.03043156
0.3291139 0.0006157492
0.3544304 0.005784675
0.3797468 0.002734156
0.4050633 0.002648585
0.4303797 0.02490712
0.4556962 0.02144648
0.4810127 0.003926284
0.5063291 0.00127483
0.5316456 0.0002463838
0.556962 0.0006968281
0.5822785 0.002498926
0.6075949 0.002469101
0.6329114 0.001035104
0.6582278 0.0001915585
0.6835443 1.521542e-05
0.7088608 2.212444e-06
0.7341772 3.687558e-06
0.7594937 3.56242e-06
0.7848101 1.809753e-06
0.8101266 2.350827e-06
0.835443 1.174572e-05
0.8607595 3.579918e-05
0.8860759 0.0001481586
0.9113924 0.0002745728
0.9367089 0.0003311625
0.9620253 0.0003311625
0.9873418 0.0003311625
1.012658 0.0003311625
1.037975 0.0003311625
1.063291 0.0003119077
1.088608 0.0001761734
1.113924 3.160741e-05
1.139241 9.791399e-07
1.164557 5.757478e-07
1.189873 2.990775e-06
1.21519 1.926675e-05
1.240506 8.046828e-05
1.265823 8.201824e-05
1.291139 3.278784e-05
1.316456 2.694316e-06
1.341772 5.352316e-08
1.367089 2.80126e-08
1.392405 2.305987e-08
1.417722 8.695752e-09
1.443038 2.095608e-09
1.468354 3.375453e-09
1.493671 2.144421e-09
1.518987 2.442279e-08
1.544304 3.553049e-07
1.56962 1.322441e-07
1.594937 3.242707e-09
1.620253 1.682697e-11
1.64557 3.865261e-11
1.670886 6.011141e-11
1.696203 7.243526e-11
1.721519 7.348071e-11
1.746835 5.627363e-11
1.772152 4.056468e-11
1.797468 3.101624e-11
1.822785 2.552382e-11
1.848101 2.116772e-11
1.873418 1.691318e-11
1.898734 1.276694e-11
1.924051 8.651194e-12
1.949367 4.759496e-12
1.974684 1.671801e-12
2 2.063532e-13
