0.02531646 1
0.05063291 1
0.07594937 1
0.1012658 1
0.1265823 1
0.1518987 1
0.1772152 0.9999999
0.2025316 0.9999987
0.2278481 0.9999997
0.2531646 0.9999999
0.278481 0.9999998
0.3037975 0.9999941
0.3291139 0.9999998
0.3544304 0.9999998
0.3797468 0.9999998
0.4050633 0.9999998
0.4303797 0.9999944
0.4556962 0.9997549
0.4810127 0.9617484
0.5063291 0.8455893
0.5316456 0.8958292
0.556962 0.9949
0.5822785 0.9999614
0.6075949 0.9980881
0.6329114 0.9694492
0.6582278 0.9995625
0.6835443 0.9881943
0.7088608 0.7534144
0.7341772 0.1364338
0.7594937 0.002331095
0.7848101 0.0001052648
0.8101266 5.956665e-06
0.835443 3.510743e-07
0.8607595 4.526628e-06
0.8860759 1.663356e-05
0.9113924 4.30464e-06
0.9367089 2.593945e-07
0.9620253 8.380864e-08
0.9873418 3.817359e-07
1.012658 6.218676e-10
1.037975 5.846735e-10
1.063291 1.285143e-09
1.088608 6.456231e-09
1.113924 3.299165e-08
1.139241 1.343275e-07
1.164557 4.486713e-07
1.189873 5.04244e-07
1.21519 6.782129e-08
1.240506 3.238129e-09
1.265823 1.795371e-09
1.291139 1.467444e-09
1.316456 1.265763e-09
1.341772 1.085038e-09
1.367089 8.312496e-10
1.392405 3.848023e-10
1.417722 6.019772e-11
1.443038 1.621537e-11
1.468354 4.342964e-12
1.493671 5.614507e-13
1.518987 2.537931e-14
1.544304 8.27769e-16
1.56962 6.852793e-17
1.594937 6.960269e-18
1.620253 1.544875e-18
1.64557 2.820163e-19
1.670886 4.277689e-20
1.696203 5.714528e-21
1.721519 6.961583e-22
1.746835 7.950007e-23
1.772152 8.780971e-24
1.797468 9.77293e-25
1.822785 1.152331e-25
1.848101 1.494793e-26
1.873418 2.140572e-27
1.898734 3.300083e-28
1.924051 5.328518e-29
1.949367 8.860869e-30
1.974684 1.510085e-30
2 2.591052e-31
