0.02531646 1
0.05063291 0.9999999
0.07594937 1
0.1012658 1
0.1265823 1
0.1518987 1
0.1772152 1
0.2025316 1
0.2278481 0.9999999
0.2531646 0.9999881
0.278481 0.9996145
0.3037975 0.9994461
0.3291139 0.9999411
0.3544304 0.9998744
0.3797468 0.9984984
0.4050633 0.9776863
0.4303797 0.9755746
0.4556962 0.9953132
0.4810127 0.9996213
0.5063291 0.999834
0.5316456 0.9997124
0.556962 0.9997538
0.5822785 0.9996788
0.6075949 0.9985783
0.6329114 0.9974447
0.6582278 0.9992008
0.6835443 0.9971107
0.7088608 0.8813689
0.7341772 0.1263513
0.7594937 0.018068
0.7848101 0.006640916
0.8101266 0.001254059
0.835443 0.0003762826
0.8607595 0.000116367
0.8860759 3.649831e-05
0.9113924 1.047377e-05
0.9367089 3.100588e-06
0.9620253 2.531744e-06
0.9873418 1.254775e-05
1.012658 1.260918e-05
1.037975 1.067758e-05
1.063291 1.192663e-06
1.088608 1.670774e-08
1.113924 9.970944e-10
1.139241 7.215248e-09
1.164557 3.806148e-07
1.189873 1.002413e-05
1.21519 1.147e-05
1.240506 1.093071e-05
1.265823 5.267994e-06
1.291139 5.552692e-07
1.316456 2.740408e-06
1.341772 6.875701e-06
1.367089 8.705591e-06
1.392405 1.129884e-05
1.417722 1.008791e-05
1.443038 6.25834e-07
1.468354 1.221696e-09
1.493671 3.551692e-11
1.518987 3.424713e-11
1.544304 3.083387e-11
1.56962 1.651606e-11
1.594937 6.436625e-12
1.620253 1.41248e-12
1.64557 1.577693e-13
1.670886 1.341406e-14
1.696203 2.806404e-15
1.721519 9.510553e-16
1.746835 4.453943e-16
1.772152 2.502231e-16
1.797468 1.385518e-16
1.822785 7.555407e-17
1.848101 4.018285e-17
1.873418 2.076032e-17
1.898734 1.043098e-17
1.924051 5.102359e-18
1.949367 2.419815e-18
1.974684 1.072187e-18
2 3.637136e-19
