0.4556962 1
0.4810127 1
0.5063291 1
0.5316456 1
0.556962 1
0.5822785 1
0.6075949 1
0.6329114 1
0.6582278 1
0.6835443 1
0.7088608 0.9999995
0.7341772 0.9998639
0.7594937 0.9940012
0.7848101 0.9009472
0.8101266 0.2239003
0.835443 0.008858112
0.8607595 0.0002668942
0.8860759 1.214035e-05
0.9113924 3.678262e-07
0.9367089 8.696464e-09
0.9620253 2.053428e-10
0.9873418 7.11425e-12
1.012658 4.418479e-13
1.037975 2.351365e-14
1.063291 1.928803e-15
1.088608 4.182583e-16
1.113924 7.496201e-17
1.139241 1.047838e-17
1.164557 1.11555e-18
1.189873 8.766988e-20
1.21519 4.864572e-21
1.240506 1.77652e-22
1.265823 3.872625e-24
1.291139 4.407288e-26
1.316456 2.239492e-28
1.341772 4.274781e-31
1.367089 2.55013e-34
1.392405 4.415589e-38
1.417722 2.245368e-42
1.443038 3.936322e-47
1.468354 2.446275e-52
1.493671 8.745534e-58
1.518987 3.617798e-63
1.544304 1.515104e-67
1.56962 6.374933e-69
1.594937 2.902633e-70
1.620253 1.359935e-71
1.64557 6.95153e-73
1.670886 3.828074e-74
1.696203 2.131062e-75
1.721519 1.141827e-76
1.746835 5.81701e-78
1.772152 2.862014e-79
1.797468 1.390768e-80
1.822785 6.686717e-82
1.848101 3.081713e-83
1.873418 1.292734e-84
1.898734 4.670919e-86
1.924051 1.372959e-87
1.949367 3.053772e-89
1.974684 4.554621e-91
2 3.413512e-93
