0.556962 1
0.5822785 1
0.6075949 1
0.6329114 1
0.6582278 1
0.6835443 1
0.7088608 1
0.7341772 1
0.7594937 1
0.7848101 1
0.8101266 1
0.835443 1
0.8607595 1
0.8860759 1
0.9113924 1
0.9367089 1
0.9620253 1
0.9873418 1
1.012658 1
1.037975 1
1.063291 1
1.088608 1
1.113924 1
1.139241 1
1.164557 1
1.189873 1
1.21519 1
1.240506 1
1.265823 1
1.291139 1
1.316456 0.9999999
1.341772 0.99983
1.367089 0.9809917
1.392405 0.6931136
1.417722 0.09455596
1.443038 0.002682175
1.468354 0.0001151581
1.493671 1.581823e-06
1.518987 4.181957e-09
1.544304 1.089478e-11
1.56962 4.975031e-14
1.594937 7.889887e-16
1.620253 6.611438e-17
1.64557 1.058642e-17
1.670886 3.031458e-18
1.696203 7.279976e-19
1.721519 1.671811e-19
1.746835 3.824022e-20
1.772152 8.366949e-21
1.797468 1.691989e-21
1.822785 3.163167e-22
1.848101 5.364295e-23
1.873418 7.198761e-24
1.898734 5.796317e-25
1.924051 1.746484e-26
1.949367 7.659947e-29
1.974684 4.250951e-33
2 4.330121e-44
