0.556962 1
0.5822785 1
0.6075949 1
0.6329114 1
0.6582278 1
0.6835443 1
0.7088608 1
0.7341772 1
0.7594937 1
0.7848101 1
0.8101266 1
0.835443 1
0.8607595 0.9999706
0.8860759 0.9947512
0.9113924 0.8601911
0.9367089 0.2716157
0.9620253 0.008664731
0.9873418 0.0003135159
1.012658 1.083859e-05
1.037975 3.364823e-07
1.063291 7.213523e-09
1.088608 1.176066e-10
1.113924 2.189661e-12
1.139241 8.103164e-14
1.164557 3.524305e-15
1.189873 6.703995e-16
1.21519 1.377147e-16
1.240506 2.411751e-17
1.265823 3.526215e-18
1.291139 4.147212e-19
1.316456 3.759797e-20
1.341772 2.503136e-21
1.367089 1.162468e-22
1.392405 3.637434e-24
1.417722 7.650081e-26
1.443038 1.092528e-27
1.468354 1.067578e-29
1.493671 6.961148e-32
1.518987 2.910648e-34
1.544304 7.983797e-37
1.56962 1.587817e-39
1.594937 2.372849e-42
1.620253 2.073998e-45
1.64557 4.352567e-49
1.670886 1.614347e-54
1.696203 1.860353e-60
1.721519 1.285564e-65
1.746835 1.372609e-69
1.772152 1.392116e-71
1.797468 5.978693e-73
1.822785 2.234057e-74
1.848101 7.252057e-76
1.873418 2.20802e-77
1.898734 6.740318e-79
1.924051 1.948019e-80
1.949367 4.547838e-82
1.974684 7.104147e-84
2 5.406326e-86
