0.4556962 1
0.4810127 1
0.5063291 1
0.5316456 1
0.556962 1
0.5822785 1
0.6075949 1
0.6329114 1
0.6582278 1
0.6835443 1
0.7088608 1
0.7341772 1
0.7594937 1
0.7848101 1
0.8101266 1
0.835443 1
0.8607595 1
0.8860759 1
0.9113924 1
0.9367089 1
0.9620253 1
0.9873418 1
1.012658 1
1.037975 1
1.063291 1
1.088608 1
1.113924 1
1.139241 1
1.164557 1
1.189873 1
1.21519 1
1.240506 1
1.265823 1
1.291139 1
1.316456 1
1.341772 0.9999999
1.367089 0.9999906
1.392405 0.9986846
1.417722 0.9359586
1.443038 0.4507714
1.468354 0.0198608
1.493671 0.0006533014
1.518987 1.368779e-05
1.544304 3.961288e-08
1.56962 2.707909e-11
1.594937 1.570944e-14
1.620253 1.043786e-15
1.64557 2.056269e-17
1.670886 3.566237e-18
1.696203 1.823336e-18
1.721519 8.426704e-19
1.746835 3.429509e-19
1.772152 1.209935e-19
1.797468 3.729722e-20
1.822785 1.0082e-20
1.848101 2.468974e-21
1.873418 5.59143e-22
1.898734 1.2148e-22
1.924051 2.589947e-23
1.949367 5.045301e-24
1.974684 6.654046e-25
2 1.80997e-26
