0.4810127 1
0.5063291 1
0.5316456 1
0.556962 1
0.5822785 1
0.6075949 1
0.6329114 1
0.6582278 1
0.6835443 1
0.7088608 0.9999999
0.7341772 0.99997
0.7594937 0.9977197
0.7848101 0.9389271
0.8101266 0.4753631
0.835443 0.01187917
0.8607595 0.0002617221
0.8860759 1.184136e-05
0.9113924 5.055648e-07
0.9367089 1.202534e-08
0.9620253 2.86885e-10
0.9873418 9.186689e-12
1.012658 5.576789e-13
1.037975 2.973192e-14
1.063291 2.221034e-15
1.088608 4.726653e-16
1.113924 8.611166e-17
1.139241 1.226337e-17
1.164557 1.333805e-18
1.189873 1.074197e-19
1.21519 6.135729e-21
1.240506 2.321771e-22
1.265823 5.291494e-24
1.291139 6.374141e-26
1.316456 3.471052e-28
1.341772 7.234135e-31
1.367089 4.789539e-34
1.392405 9.374927e-38
1.417722 5.47416e-42
1.443038 1.128019e-46
1.468354 8.436146e-52
1.493671 3.43007e-57
1.518987 1.476583e-62
1.544304 2.334453e-67
1.56962 7.684202e-69
1.594937 3.503961e-70
1.620253 1.623539e-71
1.64557 8.174174e-73
1.670886 4.481463e-74
1.696203 2.51554e-75
1.721519 1.363806e-76
1.746835 6.977659e-78
1.772152 3.394032e-79
1.797468 1.605875e-80
1.822785 7.496506e-82
1.848101 3.394896e-83
1.873418 1.423507e-84
1.898734 5.210782e-86
1.924051 1.563657e-87
1.949367 3.562311e-89
1.974684 5.445397e-91
2 4.179173e-93
