0.02531646 1
0.05063291 1
0.07594937 1
0.1012658 1
0.1265823 1
0.1518987 1
0.1772152 1
0.2025316 0.9999999
0.2278481 0.9999785
0.2531646 0.9987306
0.278481 0.9476701
0.3037975 0.3554726
0.3291139 0.005778898
0.3544304 0.00143642
0.3797468 6.104059e-05
0.4050633 1.181342e-06
0.4303797 2.9153e-08
0.4556962 1.402097e-09
0.4810127 2.201258e-10
0.5063291 8.87355e-11
0.5316456 2.57853e-11
0.556962 4.656324e-12
0.5822785 6.225656e-13
0.6075949 6.839559e-14
0.6329114 9.243813e-15
0.6582278 2.973888e-15
0.6835443 1.550985e-15
0.7088608 7.810425e-16
0.7341772 3.620584e-16
0.7594937 1.549929e-16
0.7848101 6.135871e-17
0.8101266 2.243231e-17
0.835443 7.565103e-18
0.8607595 2.361869e-18
0.8860759 6.930185e-19
0.9113924 1.985194e-19
0.9367089 6.083938e-20
0.9620253 2.536265e-20
0.9873418 2.079285e-20
1.012658 3.078995e-20
1.037975 5.656625e-20
1.063291 1.085013e-19
1.088608 2.066908e-19
1.113924 3.848642e-19
1.139241 6.96217e-19
1.164557 1.220562e-18
1.189873 2.072123e-18
1.21519 3.406949e-18
1.240506 5.428954e-18
1.265823 8.39362e-18
1.291139 1.260842e-17
1.316456 1.842619e-17
1.341772 2.623173e-17
1.367089 3.64767e-17
1.392405 4.964828e-17
1.417722 6.627041e-17
1.443038 8.689679e-17
1.468354 1.120977e-16
1.493671 1.424567e-16
1.518987 1.786156e-16
1.544304 2.214261e-16
1.56962 2.722722e-16
1.594937 3.335627e-16
1.620253 4.092087e-16
1.64557 5.04557e-16
1.670886 6.248518e-16
1.696203 7.709372e-16
1.721519 9.323307e-16
1.746835 1.082138e-15
1.772152 1.192812e-15
1.797468 1.250995e-15
1.822785 1.243272e-15
1.848101 1.153497e-15
1.873418 9.671674e-16
1.898734 7.575277e-16
1.924051 6.150562e-16
1.949367 5.428135e-16
1.974684 5.04857e-16
2 4.203883e-16
