0.02531646 1
0.05063291 1
0.07594937 1
0.1012658 1
0.1265823 1
0.1518987 0.9999999
0.1772152 0.9999989
0.2025316 0.9999988
0.2278481 0.9999999
0.2531646 0.9999996
0.278481 0.9999472
0.3037975 0.998509
0.3291139 0.9981707
0.3544304 0.9999709
0.3797468 0.9999916
0.4050633 0.9999833
0.4303797 0.9999573
0.4556962 0.9995384
0.4810127 0.9970688
0.5063291 0.9882009
0.5316456 0.9566289
0.556962 0.9999053
0.5822785 0.9999116
0.6075949 0.9997156
0.6329114 0.9993608
0.6582278 0.9975845
0.6835443 0.9310698
0.7088608 0.7113544
0.7341772 0.1295517
0.7594937 0.05538236
0.7848101 0.007182091
0.8101266 0.0007609922
0.835443 3.779132e-05
0.8607595 9.591905e-07
0.8860759 1.066123e-08
0.9113924 3.129662e-09
0.9367089 8.927665e-10
0.9620253 8.847038e-10
0.9873418 7.485356e-10
1.012658 7.285582e-10
1.037975 7.285582e-10
1.063291 1.495152e-09
1.088608 8.061926e-08
1.113924 2.430761e-07
1.139241 2.335084e-08
1.164557 4.23807e-10
1.189873 8.771369e-10
1.21519 2.667241e-08
1.240506 7.606506e-08
1.265823 3.682658e-09
1.291139 1.765832e-10
1.316456 1.765832e-10
1.341772 1.945998e-10
1.367089 4.14218e-10
1.392405 2.867615e-09
1.417722 2.266509e-10
1.443038 1.271204e-10
1.468354 1.646737e-10
1.493671 8.833136e-11
1.518987 3.494959e-11
1.544304 1.047137e-11
1.56962 2.65197e-12
1.594937 3.699176e-13
1.620253 1.073341e-14
1.64557 1.09611e-15
1.670886 7.200373e-16
1.696203 3.144272e-16
1.721519 1.177343e-16
1.746835 4.602687e-17
1.772152 1.880036e-17
1.797468 7.768126e-18
1.822785 3.200596e-18
1.848101 1.311352e-18
1.873418 5.354443e-19
1.898734 2.188148e-19
1.924051 8.997578e-20
1.949367 3.747306e-20
1.974684 1.590735e-20
2 6.75947e-21
