0.4050633 1
0.4303797 1
0.4556962 1
0.4810127 1
0.5063291 1
0.5316456 1
0.556962 1
0.5822785 1
0.6075949 1
0.6329114 1
0.6582278 1
0.6835443 1
0.7088608 1
0.7341772 1
0.7594937 1
0.7848101 1
0.8101266 1
0.835443 1
0.8607595 1
0.8860759 1
0.9113924 1
0.9367089 1
0.9620253 1
0.9873418 1
1.012658 1
1.037975 1
1.063291 1
1.088608 1
1.113924 1
1.139241 1
1.164557 1
1.189873 1
1.21519 1
1.240506 1
1.265823 1
1.291139 1
1.316456 1
1.341772 0.9999991
1.367089 0.9994293
1.392405 0.9586324
1.417722 0.5395347
1.443038 0.02564367
1.468354 0.0004683123
1.493671 7.273924e-06
1.518987 1.563643e-08
1.544304 1.689808e-83
1.56962 2.778905e-83
1.594937 2.907161e-83
1.620253 7.728253e-84
1.64557 6.106443e-85
1.670886 5.674425e-116
1.696203 1.471187e-118
1.721519 1.657686e-119
1.746835 1.125395e-120
1.772152 3.355426e-122
1.797468 5.645847e-124
1.822785 7.047272e-126
1.848101 9.145395e-128
1.873418 1.991654e-129
1.898734 4.437192e-131
1.924051 5.491822e-133
1.949367 2.123241e-135
1.974684 6.288378e-139
2 2.492836e-146
