0.6329114 1
0.6582278 1
0.6835443 1
0.7088608 1
0.7341772 1
0.7594937 1
0.7848101 1
0.8101266 1
0.835443 1
0.8607595 1
0.8860759 1
0.9113924 1
0.9367089 1
0.9620253 0.9999962
0.9873418 0.9987745
1.012658 0.9410351
1.037975 0.4769404
1.063291 0.01885776
1.088608 0.0005108323
1.113924 1.691451e-05
1.139241 4.804658e-07
1.164557 6.856422e-09
1.189873 1.034159e-10
1.21519 1.555535e-12
1.240506 6.192198e-14
1.265823 3.333577e-15
1.291139 8.685031e-16
1.316456 2.534818e-16
1.341772 6.427477e-17
1.367089 1.350273e-17
1.392405 2.260094e-18
1.417722 2.947069e-19
1.443038 2.988728e-20
1.468354 2.424293e-21
1.493671 1.610285e-22
1.518987 8.214106e-24
1.544304 3.055592e-25
1.56962 8.356371e-27
1.594937 1.744035e-28
1.620253 2.811604e-30
1.64557 2.876541e-32
1.670886 1.212485e-34
1.696203 2.302921e-37
1.721519 3.104883e-40
1.746835 2.169405e-43
1.772152 3.321345e-47
1.797468 6.469231e-52
1.822785 4.156887e-57
1.848101 1.201335e-61
1.873418 3.253261e-65
1.898734 4.027914e-69
1.924051 3.483002e-74
1.949367 1.45357e-78
1.974684 1.248524e-80
2 6.647317e-83
