0.7088608 1
0.7341772 1
0.7594937 1
0.7848101 1
0.8101266 1
0.835443 1
0.8607595 1
0.8860759 1
0.9113924 1
0.9367089 1
0.9620253 1
0.9873418 1
1.012658 1
1.037975 1
1.063291 1
1.088608 1
1.113924 1
1.139241 1
1.164557 0.9999584
1.189873 0.9941061
1.21519 0.8487019
1.240506 0.1971469
1.265823 0.003399564
1.291139 0.0001123955
1.316456 4.035969e-06
1.341772 8.932589e-08
1.367089 8.865886e-10
1.392405 1.208373e-11
1.417722 5.160101e-13
1.443038 2.716724e-14
1.468354 1.499523e-15
1.493671 3.353172e-16
1.518987 6.096566e-17
1.544304 7.959793e-18
1.56962 7.561006e-19
1.594937 6.998526e-20
1.620253 9.489911e-21
1.64557 1.318293e-21
1.670886 1.403459e-22
1.696203 1.089116e-23
1.721519 5.503039e-25
1.746835 1.537072e-26
1.772152 1.923488e-28
1.797468 8.305505e-31
1.822785 8.975588e-34
1.848101 1.541801e-37
1.873418 1.867906e-42
1.898734 6.892803e-49
1.924051 1.279126e-51
1.949367 1.871728e-54
1.974684 2.871322e-59
2 3.237366e-71
