0.02531646 1
0.05063291 1
0.07594937 1
0.1012658 1
0.1265823 1
0.1518987 1
0.1772152 1
0.2025316 0.9999988
0.2278481 0.9997925
0.2531646 0.9899821
0.278481 0.8323668
0.3037975 0.03436415
0.3291139 0.002585029
0.3544304 0.0004033794
0.3797468 1.62497e-05
0.4050633 2.102202e-07
0.4303797 6.119221e-09
0.4556962 4.562499e-10
0.4810127 1.326717e-10
0.5063291 5.726446e-11
0.5316456 1.571736e-11
0.556962 3.220743e-12
0.5822785 5.698088e-13
0.6075949 8.693142e-14
0.6329114 1.387415e-14
0.6582278 4.004969e-15
0.6835443 2.105455e-15
0.7088608 1.303022e-15
0.7341772 8.71399e-16
0.7594937 5.832629e-16
0.7848101 4.05831e-16
0.8101266 3.036319e-16
0.835443 2.586429e-16
0.8607595 2.859118e-16
0.8860759 4.601702e-16
0.9113924 9.659086e-16
0.9367089 2.061152e-15
0.9620253 6.09791e-15
0.9873418 2.606035e-14
1.012658 9.114543e-14
1.037975 3.092531e-13
1.063291 2.57678e-12
1.088608 5.437258e-11
1.113924 2.291377e-09
1.139241 6.875359e-08
1.164557 1.351041e-06
1.189873 2.21678e-05
1.21519 0.0001843444
1.240506 0.0003725412
1.265823 0.0002426849
1.291139 0.0001042236
1.316456 6.046605e-05
1.341772 3.185502e-05
1.367089 1.115661e-05
1.392405 2.529323e-06
1.417722 7.599094e-07
1.443038 3.444463e-07
1.468354 4.564827e-07
1.493671 8.971988e-07
1.518987 1.676212e-06
1.544304 2.053409e-06
1.56962 1.091708e-06
1.594937 9.241349e-07
1.620253 3.229591e-06
1.64557 3.370415e-05
1.670886 0.0001340275
1.696203 0.0001478531
1.721519 0.0001366443
1.746835 5.16615e-05
1.772152 7.227604e-06
1.797468 4.130239e-06
1.822785 1.920026e-05
1.848101 9.208797e-05
1.873418 0.0001117151
1.898734 8.068317e-05
1.924051 1.776554e-05
1.949367 8.838984e-07
1.974684 8.737201e-09
2 6.8526e-10
