0.7341772 1
0.7594937 1
0.7848101 1
0.8101266 1
0.835443 1
0.8607595 1
0.8860759 1
0.9113924 1
0.9367089 1
0.9620253 1
0.9873418 1
1.012658 1
1.037975 1
1.063291 1
1.088608 1
1.113924 1
1.139241 1
1.164557 1
1.189873 0.9999703
1.21519 0.9951324
1.240506 0.8634712
1.265823 0.2364809
1.291139 0.004843154
1.316456 0.0001445732
1.341772 3.286212e-06
1.367089 7.21229e-08
1.392405 8.147697e-10
1.417722 1.405762e-11
1.443038 5.235176e-13
1.468354 1.233068e-14
1.493671 1.02014e-15
1.518987 2.066162e-16
1.544304 2.958989e-17
1.56962 2.982183e-18
1.594937 2.723925e-19
1.620253 3.889995e-20
1.64557 6.159986e-21
1.670886 7.694586e-22
1.696203 7.319433e-23
1.721519 4.774724e-24
1.746835 1.830818e-25
1.772152 3.381136e-27
1.797468 2.333849e-29
1.822785 4.377424e-32
1.848101 1.452898e-35
1.873418 4.173272e-40
1.898734 3.593961e-46
1.924051 4.280465e-50
1.949367 1.437241e-52
1.974684 9.742299e-57
2 2.812186e-67
