0.278481 1
0.3037975 1
0.3291139 1
0.3544304 1
0.3797468 1
0.4050633 1
0.4303797 1
0.4556962 1
0.4810127 0.9999987
0.5063291 0.9999571
0.5316456 0.9989199
0.556962 0.9532624
0.5822785 0.4922645
0.6075949 0.01627533
0.6329114 0.0003646961
0.6582278 2.393511e-05
0.6835443 1.724577e-06
0.7088608 4.659074e-08
0.7341772 2.355643e-09
0.7594937 8.506794e-11
0.7848101 6.621559e-12
0.8101266 6.668927e-13
0.835443 5.755572e-14
0.8607595 5.405315e-15
0.8860759 1.285503e-15
0.9113924 3.952033e-16
0.9367089 1.036526e-16
0.9620253 2.235479e-17
0.9873418 3.831397e-18
1.012658 5.090766e-19
1.037975 5.085082e-20
1.063291 3.637571e-21
1.088608 1.761097e-22
1.113924 5.46165e-24
1.139241 1.027548e-25
1.164557 1.078813e-27
1.189873 5.665826e-30
1.21519 1.215406e-32
1.240506 8.111361e-36
1.265823 1.550139e-39
1.291139 6.364777e-44
1.316456 3.67824e-49
1.341772 1.198313e-54
1.367089 1.55129e-59
1.392405 6.149322e-61
1.417722 2.72019e-61
1.443038 1.285646e-61
1.468354 5.397535e-62
1.493671 2.027324e-62
1.518987 6.865841e-63
1.544304 2.10886e-63
1.56962 5.898308e-64
1.594937 1.505826e-64
1.620253 3.51262e-65
1.64557 7.485517e-66
1.670886 1.455496e-66
1.696203 2.576188e-67
1.721519 4.135418e-68
1.746835 5.989168e-69
1.772152 7.77147e-70
1.797468 8.95422e-71
1.822785 9.055531e-72
1.848101 7.918056e-73
1.873418 5.867139e-74
1.898734 3.583419e-75
1.924051 1.732454e-76
1.949367 6.217548e-78
1.974684 1.472726e-79
2 1.727091e-81
