0.05063291 1
0.07594937 1
0.1012658 1
0.1265823 1
0.1518987 1
0.1772152 1
0.2025316 1
0.2278481 1
0.2531646 0.9999653
0.278481 0.995598
0.3037975 0.9123993
0.3291139 0.3891998
0.3544304 0.009098928
0.3797468 0.000179696
0.4050633 7.424733e-06
0.4303797 4.254689e-07
0.4556962 4.448991e-08
0.4810127 3.692464e-09
0.5063291 5.487727e-10
0.5316456 1.940066e-10
0.556962 5.85401e-11
0.5822785 1.229255e-11
0.6075949 1.880635e-12
0.6329114 2.381644e-13
0.6582278 3.309096e-14
0.6835443 8.582243e-15
0.7088608 3.814991e-15
0.7341772 2.121337e-15
0.7594937 1.157994e-15
0.7848101 5.799015e-16
0.8101266 2.675308e-16
0.835443 1.131909e-16
0.8607595 4.358386e-17
0.8860759 1.5192e-17
0.9113924 4.802112e-18
0.9367089 1.393089e-18
0.9620253 3.786951e-19
0.9873418 9.820567e-20
1.012658 2.421544e-20
1.037975 5.513027e-21
1.063291 1.113522e-21
1.088608 1.929867e-22
1.113924 2.807883e-23
1.139241 3.383411e-24
1.164557 3.381623e-25
1.189873 3.643184e-26
1.21519 1.960467e-26
1.240506 3.078484e-26
1.265823 4.997386e-26
1.291139 7.726304e-26
1.316456 1.134267e-25
1.341772 1.580149e-25
1.367089 2.087504e-25
1.392405 2.613121e-25
1.417722 3.096662e-25
1.443038 3.470292e-25
1.468354 3.673159e-25
1.493671 3.666883e-25
1.518987 3.446886e-25
1.544304 3.04516e-25
1.56962 2.52291e-25
1.594937 1.95528e-25
1.620253 1.413394e-25
1.64557 9.497014e-26
1.670886 5.908096e-26
1.696203 3.386889e-26
1.721519 1.779171e-26
1.746835 8.507112e-27
1.772152 3.672462e-27
1.797468 1.417076e-27
1.822785 4.826686e-28
1.848101 1.428139e-28
1.873418 3.59427e-29
1.898734 7.475803e-30
1.924051 1.232582e-30
1.949367 1.508668e-31
1.974684 1.216976e-32
2 4.844943e-34
