0.02531646 1
0.05063291 1
0.07594937 1
0.1012658 1
0.1265823 1
0.1518987 1
0.1772152 1
0.2025316 0.9999943
0.2278481 0.9994569
0.2531646 0.9894699
0.278481 0.8976729
0.3037975 0.01109948
0.3291139 0.006357029
0.3544304 0.0001948012
0.3797468 2.802741e-06
0.4050633 1.197715e-07
0.4303797 4.75114e-09
0.4556962 4.36698e-10
0.4810127 1.691933e-10
0.5063291 7.287566e-11
0.5316456 1.98194e-11
0.556962 3.795574e-10
0.5822785 1.005296e-06
0.6075949 0.0001491161
0.6329114 0.002204014
0.6582278 0.005394981
0.6835443 0.005396106
0.7088608 0.005397213
0.7341772 0.001768624
0.7594937 0.0001116918
0.7848101 9.774867e-06
0.8101266 1.807351e-06
0.835443 5.67097e-07
0.8607595 2.264578e-07
0.8860759 2.215745e-08
0.9113924 4.891967e-10
0.9367089 3.343184e-12
0.9620253 2.101024e-13
0.9873418 2.229367e-13
1.012658 2.822733e-13
1.037975 4.725286e-13
1.063291 9.214646e-13
1.088608 1.765949e-12
1.113924 3.208731e-12
1.139241 5.689752e-12
1.164557 9.744061e-12
1.189873 1.550805e-11
1.21519 2.398426e-11
1.240506 3.418377e-11
1.265823 4.556656e-11
1.291139 8.011525e-11
1.316456 2.930057e-10
1.341772 2.107263e-09
1.367089 8.781178e-09
1.392405 1.880765e-08
1.417722 1.867428e-07
1.443038 3.580791e-06
1.468354 5.465863e-05
1.493671 0.0001028124
1.518987 5.156879e-05
1.544304 8.670447e-06
1.56962 1.011491e-06
1.594937 2.708422e-06
1.620253 5.264752e-06
1.64557 2.557857e-06
1.670886 1.85389e-06
1.696203 6.945004e-06
1.721519 7.132614e-05
1.746835 0.0001894488
1.772152 0.0001438312
1.797468 4.018526e-05
1.822785 2.722751e-06
1.848101 9.816757e-06
1.873418 0.000189542
1.898734 0.0005582314
1.924051 0.0005591304
1.949367 0.0002790501
1.974684 0.0001317429
2 9.813536e-05
