0.02531646 1
0.05063291 1
0.07594937 1
0.1012658 1
0.1265823 1
0.1518987 1
0.1772152 1
0.2025316 0.9999976
0.2278481 0.999982
0.2531646 0.9999998
0.278481 1
0.3037975 1
0.3291139 0.9999844
0.3544304 0.9793032
0.3797468 0.9984349
0.4050633 0.9998337
0.4303797 0.9992378
0.4556962 0.9985023
0.4810127 0.9989565
0.5063291 0.9997951
0.5316456 0.9457974
0.556962 0.9044684
0.5822785 0.9949554
0.6075949 0.9998855
0.6329114 0.9999083
0.6582278 0.9997279
0.6835443 0.9923006
0.7088608 0.9300776
0.7341772 0.1854097
0.7594937 0.0187272
0.7848101 0.002443585
0.8101266 5.761022e-05
0.835443 4.091112e-06
0.8607595 1.782416e-07
0.8860759 3.203185e-07
0.9113924 3.345637e-06
0.9367089 8.244126e-06
0.9620253 6.123961e-06
0.9873418 1.459202e-06
1.012658 3.093335e-07
1.037975 7.197983e-08
1.063291 4.282215e-08
1.088608 2.777303e-08
1.113924 6.291889e-08
1.139241 8.73037e-07
1.164557 7.343964e-06
1.189873 9.495168e-06
1.21519 3.47169e-06
1.240506 3.371431e-07
1.265823 1.845025e-08
1.291139 1.966694e-09
1.316456 2.941065e-09
1.341772 7.036243e-09
1.367089 1.990946e-09
1.392405 6.294679e-10
1.417722 5.050296e-10
1.443038 1.022676e-10
1.468354 6.098305e-12
1.493671 5.92254e-13
1.518987 4.751242e-14
1.544304 5.032688e-15
1.56962 7.931736e-16
1.594937 1.046725e-16
1.620253 2.128649e-17
1.64557 5.661036e-18
1.670886 1.27168e-18
1.696203 2.540871e-19
1.721519 4.671762e-20
1.746835 8.117027e-21
1.772152 1.375784e-21
1.797468 2.364511e-22
1.822785 4.241621e-23
1.848101 7.982431e-24
1.873418 1.569788e-24
1.898734 3.211342e-25
1.924051 6.887156e-26
1.949367 1.55781e-26
1.974684 3.747633e-27
2 9.679028e-28
