0.1772152 1
0.2025316 1
0.2278481 1
0.2531646 1
0.278481 1
0.3037975 1
0.3291139 1
0.3544304 1
0.3797468 1
0.4050633 1
0.4303797 1
0.4556962 1
0.4810127 1
0.5063291 1
0.5316456 1
0.556962 1
0.5822785 0.9999994
0.6075949 0.9999908
0.6329114 0.9998976
0.6582278 0.9987389
0.6835443 0.960231
0.7088608 0.3845922
0.7341772 0.03177593
0.7594937 0.0005223785
0.7848101 1.651664e-06
0.8101266 1.25151e-09
0.835443 3.587589e-11
0.8607595 4.12101e-11
0.8860759 3.371221e-11
0.9113924 1.449671e-11
0.9367089 2.18594e-12
0.9620253 8.10031e-14
0.9873418 2.384575e-15
1.012658 6.237615e-16
1.037975 4.69147e-16
1.063291 3.330484e-16
1.088608 2.118987e-16
1.113924 1.228417e-16
1.139241 6.510472e-17
1.164557 3.141273e-17
1.189873 1.367477e-17
1.21519 5.302102e-18
1.240506 1.798902e-18
1.265823 5.206602e-19
1.291139 1.234025e-19
1.316456 2.218414e-20
1.341772 2.548153e-21
1.367089 9.730841e-23
1.392405 2.231681e-43
1.417722 5.953232e-43
1.443038 1.221887e-42
1.468354 1.914346e-42
1.493671 2.392068e-42
1.518987 2.451886e-42
1.544304 2.102744e-42
1.56962 1.53136e-42
1.594937 9.581143e-43
1.620253 5.197744e-43
1.64557 2.462667e-43
1.670886 1.024489e-43
1.696203 3.755086e-44
1.721519 1.214497e-44
1.746835 3.464146e-45
1.772152 8.689715e-46
1.797468 1.906817e-46
1.822785 3.629747e-47
1.848101 5.921133e-48
1.873418 8.134002e-49
1.898734 9.174355e-50
1.924051 8.17707e-51
1.949367 5.411535e-52
1.974684 2.36845e-53
2 5.150934e-55
