0.556962 1
0.5822785 1
0.6075949 1
0.6329114 1
0.6582278 1
0.6835443 1
0.7088608 1
0.7341772 1
0.7594937 1
0.7848101 1
0.8101266 1
0.835443 0.9999893
0.8607595 0.9977013
0.8860759 0.9203172
0.9113924 0.4223576
0.9367089 0.01373417
0.9620253 0.0005043689
0.9873418 2.333901e-05
1.012658 6.650254e-07
1.037975 1.499048e-08
1.063291 2.474007e-10
1.088608 5.098478e-12
1.113924 1.949573e-13
1.139241 7.41269e-15
1.164557 9.723912e-16
1.189873 1.992707e-16
1.21519 3.440185e-17
1.240506 4.919509e-18
1.265823 5.645512e-19
1.291139 4.948086e-20
1.316456 3.131349e-21
1.341772 1.34668e-22
1.367089 3.771955e-24
1.392405 6.695863e-26
1.417722 7.329484e-28
1.443038 4.981223e-30
1.468354 2.145665e-32
1.493671 5.821408e-35
1.518987 1.021476e-37
1.544304 1.289016e-40
1.56962 1.247849e-43
1.594937 7.591878e-47
1.620253 1.774629e-50
1.64557 4.587526e-55
1.670886 1.764976e-60
1.696203 4.835498e-68
1.721519 1.219369e-70
1.746835 5.772603e-72
1.772152 2.780575e-73
1.797468 1.359457e-74
1.822785 6.474659e-76
1.848101 2.790215e-77
1.873418 1.021673e-78
1.898734 3.034617e-80
1.924051 6.996612e-82
1.949367 1.178633e-83
1.974684 1.299626e-85
2 7.113041e-88
