0.6835443 1
0.7088608 1
0.7341772 1
0.7594937 1
0.7848101 1
0.8101266 1
0.835443 1
0.8607595 1
0.8860759 1
0.9113924 1
0.9367089 1
0.9620253 1
0.9873418 1
1.012658 1
1.037975 1
1.063291 1
1.088608 0.9999998
1.113924 0.9998932
1.139241 0.9886624
1.164557 0.7759001
1.189873 0.1094792
1.21519 0.001841923
1.240506 5.381862e-05
1.265823 1.581542e-06
1.291139 4.075844e-08
1.316456 3.222333e-10
1.341772 6.135967e-12
1.367089 2.501883e-13
1.392405 1.61897e-14
1.417722 1.768647e-15
1.443038 5.047776e-16
1.468354 1.076196e-16
1.493671 1.891348e-17
1.518987 2.672319e-18
1.544304 2.791841e-19
1.56962 2.287127e-20
1.594937 1.97664e-21
1.620253 2.106837e-22
1.64557 2.014167e-23
1.670886 1.367058e-24
1.696203 6.052049e-26
1.721519 1.513972e-27
1.746835 1.769814e-29
1.772152 7.827288e-32
1.797468 1.05512e-34
1.822785 3.321337e-38
1.848101 1.310473e-42
1.873418 2.305266e-48
1.898734 4.422728e-53
1.924051 1.059435e-55
1.949367 1.834476e-59
1.974684 7.123403e-66
2 3.547148e-79
