0.02531646 1
0.05063291 1
0.07594937 1
0.1012658 1
0.1265823 1
0.1518987 1
0.1772152 1
0.2025316 0.9999964
0.2278481 0.9993746
0.2531646 0.978069
0.278481 0.4415098
0.3037975 0.01083961
0.3291139 0.007093648
0.3544304 0.0002620704
0.3797468 3.540305e-06
0.4050633 1.434647e-07
0.4303797 5.274433e-09
0.4556962 4.355681e-10
0.4810127 1.522776e-10
0.5063291 7.900011e-11
0.5316456 3.04498e-11
0.556962 9.22549e-12
0.5822785 2.349713e-12
0.6075949 5.305073e-13
0.6329114 9.695285e-14
0.6582278 1.332261e-13
0.6835443 2.416878e-12
0.7088608 3.280084e-11
0.7341772 1.802757e-10
0.7594937 5.515863e-10
0.7848101 7.451553e-10
0.8101266 6.563044e-10
0.835443 3.555285e-09
0.8607595 1.005446e-07
0.8860759 7.855141e-07
0.9113924 4.491954e-07
0.9367089 9.71657e-07
0.9620253 7.730614e-06
0.9873418 9.083114e-05
1.012658 0.0002037733
1.037975 0.0001349907
1.063291 0.0001236408
1.088608 8.853878e-05
1.113924 3.954936e-05
1.139241 1.009203e-05
1.164557 3.563561e-06
1.189873 7.67477e-06
1.21519 3.088934e-05
1.240506 0.0001460411
1.265823 0.0001123974
1.291139 3.837535e-05
1.316456 6.621112e-06
1.341772 7.09206e-07
1.367089 5.786712e-07
1.392405 3.174699e-06
1.417722 4.062232e-05
1.443038 0.0002747377
1.468354 0.0002775575
1.493671 0.0001181917
1.518987 1.67058e-05
1.544304 6.431654e-07
1.56962 2.895702e-07
1.594937 9.625836e-07
1.620253 6.247263e-06
1.64557 5.59271e-06
1.670886 6.375419e-06
1.696203 3.604848e-05
1.721519 0.0002346003
1.746835 0.0002676431
1.772152 0.000151099
1.797468 2.710692e-05
1.822785 1.339537e-06
1.848101 7.784769e-08
1.873418 7.78514e-08
1.898734 7.785513e-08
1.924051 7.785888e-08
1.949367 1.643875e-07
1.974684 1.139345e-07
2 6.511941e-08
