0.5822785 1
0.6075949 1
0.6329114 1
0.6582278 1
0.6835443 1
0.7088608 1
0.7341772 1
0.7594937 1
0.7848101 1
0.8101266 1
0.835443 1
0.8607595 1
0.8860759 1
0.9113924 0.9999617
0.9367089 0.9938138
0.9620253 0.8445171
0.9873418 0.2237308
1.012658 0.006417325
1.037975 0.0002700027
1.063291 9.481512e-06
1.088608 1.80582e-07
1.113924 4.147856e-09
1.139241 4.284574e-11
1.164557 9.012865e-13
1.189873 3.443684e-14
1.21519 2.16478e-15
1.240506 5.313022e-16
1.265823 1.240521e-16
1.291139 2.515251e-17
1.316456 4.261889e-18
1.341772 5.836926e-19
1.367089 6.286214e-20
1.392405 5.192461e-21
1.417722 3.226862e-22
1.443038 1.50082e-23
1.468354 5.297335e-25
1.493671 1.404639e-26
1.518987 2.598612e-28
1.544304 3.119699e-30
1.56962 2.293978e-32
1.594937 1.005099e-34
1.620253 2.483372e-37
1.64557 1.93527e-40
1.670886 1.645938e-43
1.696203 6.615954e-47
1.721519 5.539029e-51
1.746835 6.948219e-56
1.772152 1.044747e-60
1.797468 6.606e-65
1.822785 7.469462e-69
1.848101 3.538149e-72
1.873418 1.562988e-74
1.898734 4.802671e-76
1.924051 1.308877e-77
1.949367 3.185229e-79
1.974684 5.77275e-81
2 5.132524e-83
