0.05063291 1
0.07594937 1
0.1012658 1
0.1265823 1
0.1518987 1
0.1772152 1
0.2025316 1
0.2278481 0.9999992
0.2531646 0.9997618
0.278481 0.9901561
0.3037975 0.8923878
0.3291139 0.04556952
0.3544304 0.005247562
0.3797468 0.0003696412
0.4050633 1.632728e-05
0.4303797 6.461788e-07
0.4556962 2.107157e-08
0.4810127 2.321392e-09
0.5063291 3.652476e-10
0.5316456 1.374415e-10
0.556962 3.90358e-11
0.5822785 7.394363e-12
0.6075949 1.07436e-12
0.6329114 1.408954e-13
0.6582278 2.420098e-14
0.6835443 7.060048e-15
0.7088608 3.057166e-15
0.7341772 1.626345e-15
0.7594937 8.192198e-16
0.7848101 3.820264e-16
0.8101266 1.649324e-16
0.835443 6.540134e-17
0.8607595 2.360158e-17
0.8860759 7.711302e-18
0.9113924 2.287805e-18
0.9367089 6.2433e-19
0.9620253 1.596984e-19
0.9873418 3.87338e-20
1.012658 8.818948e-21
1.037975 1.828424e-21
1.063291 3.332646e-22
1.088608 5.197099e-23
1.113924 6.842704e-24
1.139241 8.113467e-25
1.164557 2.037047e-25
1.189873 2.622302e-25
1.21519 4.594131e-25
1.240506 7.78596e-25
1.265823 1.254901e-24
1.291139 1.922074e-24
1.316456 2.796935e-24
1.341772 3.865512e-24
1.367089 5.071841e-24
1.392405 6.314462e-24
1.417722 7.455042e-24
1.443038 8.340348e-24
1.468354 8.833947e-24
1.493671 8.849247e-24
1.518987 8.373327e-24
1.544304 7.472866e-24
1.56962 6.279241e-24
1.594937 4.957249e-24
1.620253 3.667641e-24
1.64557 2.535238e-24
1.670886 1.631297e-24
1.696203 9.727138e-25
1.721519 5.345746e-25
1.746835 2.689729e-25
1.772152 1.228921e-25
1.797468 5.046974e-26
1.822785 1.83936e-26
1.848101 5.852004e-27
1.873418 1.590661e-27
1.898734 3.586792e-28
1.924051 6.431006e-29
1.949367 8.579117e-30
1.974684 7.552217e-31
2 3.281825e-32
