0.05063291 1
0.07594937 1
0.1012658 1
0.1265823 1
0.1518987 1
0.1772152 1
0.2025316 1
0.2278481 1
0.2531646 1
0.278481 0.9999996
0.3037975 0.9997948
0.3291139 0.9817534
0.3544304 0.7215716
0.3797468 0.1048734
0.4050633 0.002394413
0.4303797 0.0001190514
0.4556962 7.588238e-06
0.4810127 4.413944e-07
0.5063291 2.212817e-08
0.5316456 4.568293e-09
0.556962 1.249728e-09
0.5822785 3.224207e-10
0.6075949 7.138657e-11
0.6329114 1.388821e-11
0.6582278 2.200738e-12
0.6835443 3.013004e-13
0.7088608 4.666103e-14
0.7341772 1.146352e-14
0.7594937 4.571286e-15
0.7848101 2.566313e-15
0.8101266 1.485575e-15
0.835443 8.125289e-16
0.8607595 4.171958e-16
0.8860759 1.984796e-16
0.9113924 8.659588e-17
0.9367089 3.462966e-17
0.9620253 1.289049e-17
0.9873418 4.609923e-18
1.012658 1.635019e-18
1.037975 5.757841e-19
1.063291 1.934829e-19
1.088608 5.875285e-20
1.113924 1.543219e-20
1.139241 3.404657e-21
1.164557 6.163474e-22
1.189873 8.930802e-23
1.21519 1.006203e-23
1.240506 8.519255e-25
1.265823 5.205592e-26
1.291139 2.186215e-27
1.316456 5.933233e-29
1.341772 9.492597e-31
1.367089 7.232475e-33
1.392405 4.522997e-35
1.417722 3.478319e-35
1.443038 3.046219e-35
1.468354 2.504933e-35
1.493671 1.933174e-35
1.518987 1.399183e-35
1.544304 9.487382e-36
1.56962 6.017873e-36
1.594937 3.563735e-36
1.620253 1.965297e-36
1.64557 1.006073e-36
1.670886 4.762294e-37
1.696203 2.074636e-37
1.721519 8.270766e-38
1.746835 2.996874e-38
1.772152 9.788871e-39
1.797468 2.853425e-39
1.822785 7.330646e-40
1.848101 1.633682e-40
1.873418 3.09329e-41
1.898734 4.837166e-42
1.924051 5.996116e-43
1.949367 5.52267e-44
1.974684 3.358925e-45
2 1.01162e-46
