0.4556962 1
0.4810127 1
0.5063291 1
0.5316456 1
0.556962 1
0.5822785 1
0.6075949 1
0.6329114 1
0.6582278 1
0.6835443 1
0.7088608 0.9999962
0.7341772 0.9994322
0.7594937 0.9779476
0.7848101 0.7195653
0.8101266 0.04769409
0.835443 0.0006465949
0.8607595 2.490894e-05
0.8860759 1.509621e-06
0.9113924 4.24833e-08
0.9367089 1.064417e-09
0.9620253 2.889533e-11
0.9873418 1.661948e-12
1.012658 1.039884e-13
1.037975 5.870661e-15
1.063291 9.559318e-16
1.088608 1.97695e-16
1.113924 3.206736e-17
1.139241 4.001441e-18
1.164557 3.744743e-19
1.189873 2.537954e-20
1.21519 1.17941e-21
1.240506 3.461583e-23
1.265823 5.735808e-25
1.291139 4.618338e-27
1.316456 1.539294e-29
1.341772 1.717256e-32
1.367089 5.532184e-36
1.392405 4.491756e-40
1.417722 1.005991e-44
1.443038 6.322549e-50
1.468354 1.43831e-55
1.493671 3.4274e-61
1.518987 2.308872e-66
1.544304 5.021867e-68
1.56962 2.291686e-69
1.594937 1.066048e-70
1.620253 5.335758e-72
1.64557 2.855901e-73
1.670886 1.557631e-74
1.696203 8.384746e-76
1.721519 4.455126e-77
1.746835 2.359376e-78
1.772152 1.23619e-79
1.797468 6.21934e-81
1.822785 2.894244e-82
1.848101 1.206584e-83
1.873418 4.392346e-85
1.898734 1.361236e-86
1.924051 3.469425e-88
1.949367 6.861148e-90
1.974684 9.398664e-92
2 6.697495e-94
