0.02531646 1
0.05063291 0.9999998
0.07594937 1
0.1012658 1
0.1265823 1
0.1518987 1
0.1772152 1
0.2025316 1
0.2278481 0.9999997
0.2531646 0.9999975
0.278481 0.9999998
0.3037975 1
0.3291139 1
0.3544304 1
0.3797468 1
0.4050633 0.9999226
0.4303797 0.9977352
0.4556962 0.9998866
0.4810127 0.9999677
0.5063291 0.9999694
0.5316456 0.9999752
0.556962 0.9998949
0.5822785 0.9999811
0.6075949 0.9977416
0.6329114 0.9947376
0.6582278 0.94092
0.6835443 0.9603541
0.7088608 0.9402512
0.7341772 0.4479612
0.7594937 0.01625883
0.7848101 0.0006077608
0.8101266 0.000131871
0.835443 1.053626e-05
0.8607595 2.318412e-07
0.8860759 1.363352e-07
0.9113924 1.745947e-07
0.9367089 7.455986e-07
0.9620253 4.037804e-06
0.9873418 4.746538e-06
1.012658 1.117691e-05
1.037975 5.999461e-05
1.063291 7.564e-05
1.088608 5.439014e-05
1.113924 3.934265e-06
1.139241 4.718569e-08
1.164557 2.345709e-08
1.189873 1.556308e-07
1.21519 4.49183e-07
1.240506 1.330543e-07
1.265823 3.263162e-09
1.291139 9.5044e-10
1.316456 1.576225e-09
1.341772 1.907845e-09
1.367089 1.86951e-09
1.392405 5.645182e-10
1.417722 1.022862e-10
1.443038 6.514063e-12
1.468354 1.523888e-14
1.493671 3.177023e-16
1.518987 4.77464e-17
1.544304 7.998852e-18
1.56962 1.317766e-18
1.594937 1.760898e-19
1.620253 2.090069e-20
1.64557 2.449502e-21
1.670886 3.001554e-22
1.696203 3.98475e-23
1.721519 5.88701e-24
1.746835 9.506407e-25
1.772152 1.575145e-25
1.797468 2.515648e-26
1.822785 3.730841e-27
1.848101 5.058223e-28
1.873418 6.246943e-29
1.898734 7.049628e-30
1.924051 7.332389e-31
1.949367 7.114692e-32
1.974684 6.529357e-33
2 5.533813e-34
