0.2278481 1
0.2531646 1
0.278481 1
0.3037975 1
0.3291139 1
0.3544304 1
0.3797468 1
0.4050633 1
0.4303797 1
0.4556962 0.9999973
0.4810127 0.9996414
0.5063291 0.9910076
0.5316456 0.9698237
0.556962 0.2206321
0.5822785 0.005213865
0.6075949 0.0001822725
0.6329114 2.947277e-05
0.6582278 2.307253e-06
0.6835443 1.054398e-07
0.7088608 4.87579e-09
0.7341772 2.043357e-10
0.7594937 1.336964e-11
0.7848101 1.438105e-12
0.8101266 1.48629e-13
0.835443 1.282427e-14
0.8607595 1.981701e-15
0.8860759 5.861401e-16
0.9113924 2.045525e-16
0.9367089 5.557313e-17
0.9620253 1.118612e-17
0.9873418 1.644295e-18
1.012658 1.692657e-19
1.037975 1.124193e-20
1.063291 4.250279e-22
1.088608 8.357279e-24
1.113924 1.666907e-25
1.139241 1.879478e-27
1.164557 1.033735e-29
1.189873 2.259375e-32
1.21519 1.771622e-35
1.240506 4.921488e-39
1.265823 3.117366e-43
1.291139 4.177383e-48
1.316456 2.746137e-51
1.341772 2.91387e-51
1.367089 2.67988e-51
1.392405 2.122899e-51
1.417722 1.464029e-51
1.443038 8.881504e-52
1.468354 4.785179e-52
1.493671 2.308955e-52
1.518987 1.004695e-52
1.544304 3.963487e-53
1.56962 1.423005e-53
1.594937 4.660794e-54
1.620253 1.394118e-54
1.64557 3.807588e-55
1.670886 9.482544e-56
1.696203 2.148007e-56
1.721519 4.409306e-57
1.746835 8.16081e-58
1.772152 1.352779e-58
1.797468 1.990915e-59
1.822785 2.571875e-60
1.848101 2.872812e-61
1.873418 2.719661e-62
1.898734 2.122343e-63
1.924051 1.311004e-64
1.949367 6.01075e-66
1.974684 1.818346e-67
2 2.722168e-69
