0.4050633 1
0.4303797 1
0.4556962 1
0.4810127 1
0.5063291 1
0.5316456 1
0.556962 1
0.5822785 1
0.6075949 1
0.6329114 1
0.6582278 1
0.6835443 1
0.7088608 1
0.7341772 1
0.7594937 1
0.7848101 1
0.8101266 1
0.835443 1
0.8607595 1
0.8860759 1
0.9113924 1
0.9367089 1
0.9620253 1
0.9873418 1
1.012658 1
1.037975 1
1.063291 1
1.088608 1
1.113924 1
1.139241 1
1.164557 1
1.189873 1
1.21519 1
1.240506 1
1.265823 1
1.291139 1
1.316456 1
1.341772 1
1.367089 1
1.392405 1
1.417722 0.9999564
1.443038 0.9919087
1.468354 0.7954284
1.493671 0.1156016
1.518987 0.0005482967
1.544304 3.664015e-86
1.56962 4.298725e-86
1.594937 6.872083e-86
1.620253 1.769703e-86
1.64557 1.255977e-87
1.670886 8.257613e-119
1.696203 6.765616e-122
1.721519 2.792184e-123
1.746835 6.44661e-125
1.772152 6.481488e-127
1.797468 3.14092e-129
1.822785 8.716348e-132
1.848101 1.53635e-134
1.873418 2.760177e-137
1.898734 4.065927e-140
1.924051 1.960274e-143
1.949367 1.030833e-147
1.974684 3.854164e-154
2 5.868008e-169
