0.05063291 1
0.07594937 1
0.1012658 1
0.1265823 1
0.1518987 1
0.1772152 1
0.2025316 1
0.2278481 0.9999992
0.2531646 0.9998769
0.278481 0.9944942
0.3037975 0.8496754
0.3291139 0.1918333
0.3544304 0.001016655
0.3797468 3.670494e-05
0.4050633 2.706325e-06
0.4303797 2.221546e-07
0.4556962 9.097258e-09
0.4810127 1.035363e-09
0.5063291 2.329736e-10
0.5316456 8.94085e-11
0.556962 2.253117e-11
0.5822785 3.913661e-12
0.6075949 5.596574e-13
0.6329114 7.969959e-14
0.6582278 1.426492e-14
0.6835443 4.15208e-15
0.7088608 1.986362e-15
0.7341772 1.004402e-15
0.7594937 4.738929e-16
0.7848101 2.076458e-16
0.8101266 8.372493e-17
0.835443 3.074025e-17
0.8607595 1.019583e-17
0.8860759 3.049147e-18
0.9113924 8.278241e-19
0.9367089 2.071896e-19
0.9620253 4.862427e-20
0.9873418 1.075593e-20
1.012658 2.208681e-21
1.037975 4.092332e-22
1.063291 6.716536e-23
1.088608 1.111087e-23
1.113924 5.010941e-24
1.139241 7.923797e-24
1.164557 1.49236e-23
1.189873 2.729497e-23
1.21519 4.7981e-23
1.240506 8.115471e-23
1.265823 1.322798e-22
1.291139 2.080955e-22
1.316456 3.164032e-22
1.341772 4.655896e-22
1.367089 6.638362e-22
1.392405 9.179621e-22
1.417722 1.231837e-21
1.443038 1.604308e-21
1.468354 2.026679e-21
1.493671 2.480035e-21
1.518987 2.933175e-21
1.544304 3.342467e-21
1.56962 3.65526e-21
1.594937 3.818005e-21
1.620253 3.788669e-21
1.64557 3.550519e-21
1.670886 3.12213e-21
1.696203 2.558154e-21
1.721519 1.938203e-21
1.746835 1.346415e-21
1.772152 8.49318e-22
1.797468 4.810301e-22
1.822785 2.413142e-22
1.848101 1.054275e-22
1.873418 3.924509e-23
1.898734 1.208425e-23
1.924051 2.949761e-24
1.949367 5.340115e-25
1.974684 6.356793e-26
2 3.719852e-27
