0.4050633 1
0.4303797 1
0.4556962 1
0.4810127 1
0.5063291 1
0.5316456 1
0.556962 1
0.5822785 1
0.6075949 1
0.6329114 1
0.6582278 1
0.6835443 1
0.7088608 1
0.7341772 1
0.7594937 1
0.7848101 1
0.8101266 1
0.835443 1
0.8607595 1
0.8860759 1
0.9113924 1
0.9367089 1
0.9620253 1
0.9873418 1
1.012658 1
1.037975 1
1.063291 1
1.088608 1
1.113924 1
1.139241 1
1.164557 1
1.189873 1
1.21519 1
1.240506 1
1.265823 1
1.291139 1
1.316456 1
1.341772 1
1.367089 0.9999969
1.392405 0.9998193
1.417722 0.9980382
1.443038 0.9715512
1.468354 0.5471986
1.493671 0.06885637
1.518987 0.001758901
1.544304 7.904555e-06
1.56962 6.525821e-09
1.594937 2.235002e-12
1.620253 9.364923e-15
1.64557 5.648273e-17
1.670886 6.286742e-18
1.696203 3.274433e-18
1.721519 1.550839e-18
1.746835 6.403572e-19
1.772152 2.277293e-19
1.797468 6.985529e-20
1.822785 1.862293e-20
1.848101 4.362066e-21
1.873418 9.058246e-22
1.898734 1.675817e-22
1.924051 2.784101e-23
1.949367 4.209942e-24
1.974684 5.8504e-25
2 7.765363e-26
