0.02531646 1
0.05063291 1
0.07594937 1
0.1012658 1
0.1265823 1
0.1518987 1
0.1772152 1
0.2025316 0.9999972
0.2278481 0.9998803
0.2531646 0.9994041
0.278481 0.9996596
0.3037975 0.9989591
0.3291139 0.9450278
0.3544304 0.4675161
0.3797468 0.09233428
0.4050633 0.9012639
0.4303797 0.9961081
0.4556962 0.9935004
0.4810127 0.9848733
0.5063291 0.9984072
0.5316456 0.9990973
0.556962 0.9984178
0.5822785 0.9970396
0.6075949 0.9926432
0.6329114 0.909416
0.6582278 0.4011736
0.6835443 0.03253693
0.7088608 0.002994189
0.7341772 0.0005743878
0.7594937 5.612115e-05
0.7848101 2.397839e-06
0.8101266 5.264467e-08
0.835443 5.888517e-10
0.8607595 3.469476e-10
0.8860759 6.294163e-09
0.9113924 7.195098e-07
0.9367089 1.3424e-05
0.9620253 5.594517e-05
0.9873418 6.002658e-05
1.012658 3.943916e-05
1.037975 2.817107e-06
1.063291 4.439885e-08
1.088608 3.468492e-10
1.113924 3.468494e-10
1.139241 3.468496e-10
1.164557 3.468528e-10
1.189873 3.46961e-10
1.21519 3.476254e-10
1.240506 4.227512e-10
1.265823 9.755329e-10
1.291139 1.230537e-09
1.316456 7.682089e-10
1.341772 3.01909e-10
1.367089 5.469615e-11
1.392405 2.373047e-12
1.417722 1.03295e-14
1.443038 5.083116e-15
1.468354 1.290971e-14
1.493671 5.688007e-13
1.518987 1.282605e-11
1.544304 7.24842e-11
1.56962 1.7485e-10
1.594937 2.168426e-10
1.620253 2.751421e-10
1.64557 3.946516e-10
1.670886 5.233546e-10
1.696203 6.329045e-10
1.721519 6.717236e-10
1.746835 4.762681e-10
1.772152 4.297017e-10
1.797468 1.942263e-09
1.822785 1.5829e-08
1.848101 1.609298e-08
1.873418 6.004564e-09
1.898734 6.415712e-10
1.924051 5.216583e-11
1.949367 2.379226e-11
1.974684 1.711298e-11
2 7.724461e-12
