0.5822785 1
0.6075949 1
0.6329114 1
0.6582278 1
0.6835443 1
0.7088608 1
0.7341772 1
0.7594937 1
0.7848101 1
0.8101266 1
0.835443 1
0.8607595 0.9999997
0.8860759 0.9998184
0.9113924 0.9830777
0.9367089 0.7237551
0.9620253 0.09012116
0.9873418 0.002407702
1.012658 0.0001116077
1.037975 4.080823e-06
1.063291 7.84582e-08
1.088608 1.70847e-09
1.113924 2.077827e-11
1.139241 5.450583e-13
1.164557 2.026549e-14
1.189873 1.608983e-15
1.21519 3.711523e-16
1.240506 7.521026e-17
1.265823 1.304205e-17
1.291139 1.871107e-18
1.316456 2.143163e-19
1.341772 1.887841e-20
1.367089 1.228465e-21
1.392405 5.673974e-23
1.417722 1.82834e-24
1.443038 4.171506e-26
1.468354 6.824127e-28
1.493671 7.776479e-30
1.518987 5.803746e-32
1.544304 2.719784e-34
1.56962 8.293698e-37
1.594937 1.834409e-39
1.620253 2.7413e-42
1.64557 2.109672e-45
1.670886 4.886027e-50
1.696203 5.984942e-55
1.721519 2.175099e-60
1.746835 6.177514e-65
1.772152 5.680583e-69
1.797468 1.068001e-71
1.822785 4.072201e-73
1.848101 1.705581e-74
1.873418 5.705625e-76
1.898734 1.444238e-77
1.924051 2.665627e-79
1.949367 3.532229e-81
1.974684 3.373028e-83
2 2.034332e-85
