0.02531646 0.9999999
0.05063291 1
0.07594937 1
0.1012658 1
0.1265823 1
0.1518987 1
0.1772152 1
0.2025316 0.9999999
0.2278481 0.9999229
0.2531646 0.9877575
0.278481 0.7152639
0.3037975 0.02472303
0.3291139 0.009019032
0.3544304 7.712249e-05
0.3797468 3.921621e-06
0.4050633 5.664443e-07
0.4303797 2.752696e-08
0.4556962 1.945082e-09
0.4810127 2.724681e-10
0.5063291 1.036054e-10
0.5316456 3.215156e-11
0.556962 6.044173e-12
0.5822785 8.231102e-13
0.6075949 9.199438e-14
0.6329114 1.162136e-14
0.6582278 3.319495e-15
0.6835443 1.709622e-15
0.7088608 8.720998e-16
0.7341772 4.060855e-16
0.7594937 1.730629e-16
0.7848101 6.767798e-17
0.8101266 2.425801e-17
0.835443 7.948544e-18
0.8607595 2.380274e-18
0.8860759 6.558214e-19
0.9113924 1.693104e-19
0.9367089 4.242068e-20
0.9620253 1.127017e-20
0.9873418 4.555978e-21
1.012658 4.872414e-21
1.037975 9.042998e-21
1.063291 1.822067e-20
1.088608 3.601039e-20
1.113924 6.87705e-20
1.139241 1.266761e-19
1.164557 2.251917e-19
1.189873 3.867971e-19
1.21519 6.427901e-19
1.240506 1.034919e-18
1.265823 1.61652e-18
1.291139 2.452793e-18
1.316456 3.619876e-18
1.341772 5.202383e-18
1.367089 7.28925e-18
1.392405 9.967785e-18
1.417722 1.331604e-17
1.443038 1.739376e-17
1.468354 2.223216e-17
1.493671 2.782332e-17
1.518987 3.410989e-17
1.544304 4.097692e-17
1.56962 4.824768e-17
1.594937 5.56862e-17
1.620253 6.300859e-17
1.64557 6.990561e-17
1.670886 7.607641e-17
1.696203 8.127271e-17
1.721519 8.535033e-17
1.746835 8.832522e-17
1.772152 9.043114e-17
1.797468 9.217438e-17
1.822785 9.436989e-17
1.848101 9.811353e-17
1.873418 1.045512e-16
1.898734 1.140535e-16
1.924051 1.240284e-16
1.949367 1.252815e-16
1.974684 1.02011e-16
2 4.878559e-17
