0.02531646 1
0.05063291 1
0.07594937 1
0.1012658 1
0.1265823 1
0.1518987 1
0.1772152 1
0.2025316 0.9999994
0.2278481 0.9998423
0.2531646 0.9981747
0.278481 0.9842124
0.3037975 0.8982488
0.3291139 0.285938
0.3544304 0.153403
0.3797468 0.6254155
0.4050633 0.6213687
0.4303797 0.09388929
0.4556962 0.03698588
0.4810127 0.03722389
0.5063291 0.1298362
0.5316456 0.03074228
0.556962 0.004273572
0.5822785 0.001892153
0.6075949 0.00217035
0.6329114 0.0001628668
0.6582278 5.900161e-05
0.6835443 1.20249e-05
0.7088608 3.282701e-06
0.7341772 2.575805e-06
0.7594937 2.578577e-06
0.7848101 2.578384e-06
0.8101266 2.597885e-06
0.835443 1.943606e-05
0.8607595 5.409838e-05
0.8860759 4.584544e-05
0.9113924 4.059215e-05
0.9367089 6.176505e-06
0.9620253 1.000919e-07
0.9873418 1.913273e-08
1.012658 9.641463e-07
1.037975 3.540611e-05
1.063291 0.0002232622
1.088608 0.0003170253
1.113924 0.0003170253
1.139241 0.000147394
1.164557 8.519024e-06
1.189873 4.963216e-07
1.21519 2.019704e-08
1.240506 7.780736e-10
1.265823 3.981492e-10
1.291139 4.987986e-10
1.316456 5.47643e-10
1.341772 1.12622e-09
1.367089 5.595228e-10
1.392405 2.444718e-10
1.417722 5.133025e-11
1.443038 4.502109e-11
1.468354 7.523993e-10
1.493671 3.692481e-08
1.518987 2.0846e-07
1.544304 2.839879e-07
1.56962 1.332567e-07
1.594937 1.833536e-08
1.620253 1.166942e-09
1.64557 7.857419e-10
1.670886 3.04234e-09
1.696203 1.414524e-08
1.721519 4.902238e-08
1.746835 3.317875e-08
1.772152 1.128942e-08
1.797468 1.643415e-09
1.822785 4.447315e-10
1.848101 5.342578e-10
1.873418 5.915075e-10
1.898734 4.576361e-10
1.924051 1.599119e-10
1.949367 1.190418e-11
1.974684 8.957511e-13
2 1.582102e-12
