0.02531646 1
0.05063291 1
0.07594937 1
0.1012658 1
0.1265823 1
0.1518987 1
0.1772152 1
0.2025316 1
0.2278481 1
0.2531646 1
0.278481 1
0.3037975 0.9999999
0.3291139 0.9995396
0.3544304 0.9926979
0.3797468 0.9594659
0.4050633 0.9457332
0.4303797 0.9717588
0.4556962 0.9957752
0.4810127 0.9998689
0.5063291 0.9999523
0.5316456 0.9976811
0.556962 0.9999479
0.5822785 0.9977633
0.6075949 0.9920374
0.6329114 0.9944768
0.6582278 0.9981345
0.6835443 0.959971
0.7088608 0.7213607
0.7341772 0.2246251
0.7594937 0.01007429
0.7848101 0.0005418367
0.8101266 3.357162e-06
0.835443 2.505538e-08
0.8607595 5.281082e-08
0.8860759 2.972099e-08
0.9113924 5.035471e-09
0.9367089 5.035487e-09
0.9620253 7.775707e-09
0.9873418 8.344316e-08
1.012658 4.334892e-07
1.037975 1.027631e-06
1.063291 3.061766e-07
1.088608 1.14352e-06
1.113924 1.496832e-06
1.139241 5.239217e-07
1.164557 2.019458e-07
1.189873 1.256671e-08
1.21519 2.11621e-09
1.240506 1.054636e-08
1.265823 6.176937e-08
1.291139 8.983277e-09
1.316456 3.46392e-09
1.341772 2.458754e-09
1.367089 2.422608e-09
1.392405 9.005601e-10
1.417722 1.382324e-10
1.443038 2.321347e-11
1.468354 3.620163e-12
1.493671 3.765272e-13
1.518987 4.33975e-14
1.544304 3.54936e-15
1.56962 4.170674e-16
1.594937 3.874554e-17
1.620253 8.391139e-18
1.64557 1.999197e-18
1.670886 3.927403e-19
1.696203 6.767303e-20
1.721519 1.058388e-20
1.746835 1.537904e-21
1.772152 2.12826e-22
1.797468 2.902646e-23
1.822785 4.068085e-24
1.848101 6.023175e-25
1.873418 9.5343e-26
1.898734 1.612676e-26
1.924051 2.894808e-27
1.949367 5.490788e-28
1.974684 1.109969e-28
2 2.384552e-29
