0.02531646 1
0.05063291 1
0.07594937 1
0.1012658 1
0.1265823 1
0.1518987 1
0.1772152 1
0.2025316 0.9999952
0.2278481 0.9993115
0.2531646 0.9816004
0.278481 0.2673384
0.3037975 0.01297882
0.3291139 0.00225813
0.3544304 0.0001917742
0.3797468 4.158829e-06
0.4050633 1.900046e-07
0.4303797 4.388742e-09
0.4556962 4.179675e-10
0.4810127 1.595378e-10
0.5063291 6.391491e-11
0.5316456 1.621623e-11
0.556962 7.999394e-11
0.5822785 2.636278e-07
0.6075949 3.85913e-05
0.6329114 0.000458191
0.6582278 0.001375746
0.6835443 0.00268964
0.7088608 0.0009903731
0.7341772 8.852784e-05
0.7594937 1.409972e-05
0.7848101 2.647852e-06
0.8101266 5.444959e-07
0.835443 1.061216e-07
0.8607595 1.615959e-08
0.8860759 1.914658e-09
0.9113924 7.8511e-11
0.9367089 8.757937e-13
0.9620253 1.535845e-13
0.9873418 1.733591e-13
1.012658 2.504987e-13
1.037975 4.346084e-13
1.063291 8.081781e-13
1.088608 1.516846e-12
1.113924 2.810661e-12
1.139241 5.083919e-12
1.164557 8.901996e-12
1.189873 1.495847e-11
1.21519 2.387509e-11
1.240506 3.691249e-11
1.265823 5.891711e-11
1.291139 9.605856e-11
1.316456 1.217035e-10
1.341772 1.181923e-10
1.367089 1.178262e-10
1.392405 4.666188e-10
1.417722 1.610176e-08
1.443038 5.488459e-07
1.468354 1.354148e-05
1.493671 9.762568e-05
1.518987 0.0001196638
1.544304 8.157133e-05
1.56962 1.691188e-05
1.594937 9.024201e-07
1.620253 3.920626e-07
1.64557 3.920617e-07
1.670886 4.84145e-07
1.696203 8.586098e-06
1.721519 0.0002345678
1.746835 0.0006657277
1.772152 0.0004686809
1.797468 0.0001163582
1.822785 7.177713e-06
1.848101 1.88077e-06
1.873418 2.489945e-05
1.898734 0.0002951715
1.924051 0.0005555851
1.949367 0.0004142722
1.974684 0.0001276534
2 2.007962e-05
