0.4050633 1
0.4303797 1
0.4556962 1
0.4810127 1
0.5063291 1
0.5316456 1
0.556962 1
0.5822785 1
0.6075949 1
0.6329114 1
0.6582278 1
0.6835443 1
0.7088608 1
0.7341772 1
0.7594937 1
0.7848101 1
0.8101266 1
0.835443 1
0.8607595 1
0.8860759 1
0.9113924 1
0.9367089 1
0.9620253 1
0.9873418 1
1.012658 1
1.037975 1
1.063291 1
1.088608 1
1.113924 1
1.139241 1
1.164557 1
1.189873 1
1.21519 1
1.240506 1
1.265823 1
1.291139 1
1.316456 1
1.341772 1
1.367089 1
1.392405 1
1.417722 1
1.443038 0.9999998
1.468354 0.9994099
1.493671 0.8982847
1.518987 0.02989271
1.544304 5.502498e-87
1.56962 3.77298e-87
1.594937 5.024525e-87
1.620253 1.142896e-87
1.64557 6.646047e-89
1.670886 1.054491e-119
1.696203 9.964797e-120
1.721519 1.275738e-119
1.746835 1.515504e-119
1.772152 1.667801e-119
1.797468 1.699918e-119
1.822785 1.60709e-119
1.848101 1.413881e-119
1.873418 1.163531e-119
1.898734 9.03057e-120
1.924051 6.910853e-128
1.949367 3.628085e-150
1.974684 5.322839e-174
2 1.676212e-224
