0.02531646 1
0.05063291 1
0.07594937 1
0.1012658 1
0.1265823 1
0.1518987 1
0.1772152 1
0.2025316 1
0.2278481 1
0.2531646 1
0.278481 0.9999998
0.3037975 0.999992
0.3291139 0.9999399
0.3544304 0.998478
0.3797468 0.9858012
0.4050633 0.9928621
0.4303797 0.9943195
0.4556962 0.9940336
0.4810127 0.9997912
0.5063291 0.9998368
0.5316456 0.9998574
0.556962 0.9994788
0.5822785 0.997004
0.6075949 0.9654651
0.6329114 0.9995486
0.6582278 0.9995633
0.6835443 0.9884365
0.7088608 0.7842851
0.7341772 0.1634034
0.7594937 0.00485577
0.7848101 0.0003826008
0.8101266 6.359935e-05
0.835443 6.426707e-06
0.8607595 4.280806e-07
0.8860759 4.280806e-07
0.9113924 4.280806e-07
0.9367089 5.477098e-07
0.9620253 3.913669e-07
0.9873418 7.725663e-10
1.012658 3.547468e-09
1.037975 1.671768e-07
1.063291 3.14344e-06
1.088608 1.705474e-05
1.113924 1.638022e-05
1.139241 1.642458e-06
1.164557 9.219894e-08
1.189873 9.729924e-09
1.21519 1.709048e-08
1.240506 4.21453e-09
1.265823 6.915312e-09
1.291139 6.493735e-09
1.316456 3.682718e-09
1.341772 7.224483e-10
1.367089 3.679271e-10
1.392405 2.015893e-10
1.417722 1.110745e-10
1.443038 3.706874e-11
1.468354 4.413882e-12
1.493671 1.870042e-13
1.518987 7.859858e-16
1.544304 1.205395e-16
1.56962 1.25787e-17
1.594937 2.005554e-18
1.620253 3.742074e-19
1.64557 5.617541e-20
1.670886 7.254954e-21
1.696203 8.491283e-22
1.721519 9.376664e-23
1.746835 1.023228e-23
1.772152 1.171448e-24
1.797468 1.487683e-25
1.822785 2.121036e-26
1.848101 3.258251e-27
1.873418 5.121832e-28
1.898734 7.933536e-29
1.924051 1.193124e-29
1.949367 1.742053e-30
1.974684 2.495269e-31
2 3.482427e-32
