0.02531646 1
0.05063291 1
0.07594937 1
0.1012658 1
0.1265823 1
0.1518987 1
0.1772152 1
0.2025316 1
0.2278481 1
0.2531646 1
0.278481 1
0.3037975 0.9999995
0.3291139 0.999999
0.3544304 0.9999971
0.3797468 0.9999485
0.4050633 0.9999753
0.4303797 0.9999998
0.4556962 0.9999997
0.4810127 0.99994
0.5063291 0.9883561
0.5316456 0.9954523
0.556962 0.9997199
0.5822785 0.99972
0.6075949 0.999705
0.6329114 0.9955786
0.6582278 0.8425942
0.6835443 0.2140375
0.7088608 0.1806887
0.7341772 0.6593144
0.7594937 0.8477346
0.7848101 0.378417
0.8101266 0.0223899
0.835443 0.0002019836
0.8607595 3.397314e-05
0.8860759 7.519378e-05
0.9113924 0.0001129324
0.9367089 5.857026e-05
0.9620253 6.566817e-06
0.9873418 2.37784e-07
1.012658 1.359776e-07
1.037975 1.359776e-07
1.063291 1.359776e-07
1.088608 5.334783e-06
1.113924 2.157903e-06
1.139241 1.877399e-07
1.164557 1.652476e-09
1.189873 5.585512e-10
1.21519 5.585512e-10
1.240506 5.585512e-10
1.265823 5.837714e-10
1.291139 6.944192e-10
1.316456 6.110703e-10
1.341772 4.172796e-10
1.367089 3.981497e-10
1.392405 8.372334e-10
1.417722 1.740907e-09
1.443038 1.816261e-09
1.468354 1.57867e-09
1.493671 1.3988e-09
1.518987 1.152645e-09
1.544304 3.879932e-09
1.56962 3.661393e-08
1.594937 2.877992e-08
1.620253 3.113412e-09
1.64557 1.387984e-08
1.670886 1.939397e-06
1.696203 1.467695e-05
1.721519 9.344212e-06
1.746835 4.11243e-07
1.772152 4.88998e-10
1.797468 3.945736e-12
1.822785 4.20574e-12
1.848101 4.68983e-12
1.873418 5.791877e-12
1.898734 6.496554e-12
1.924051 2.361832e-12
1.949367 2.129015e-14
1.974684 4.581896e-16
2 2.360225e-16
