0.02531646 1
0.05063291 1
0.07594937 1
0.1012658 1
0.1265823 1
0.1518987 1
0.1772152 1
0.2025316 0.9999996
0.2278481 0.9996486
0.2531646 0.9583943
0.278481 0.3358357
0.3037975 0.00787978
0.3291139 0.008237444
0.3544304 6.048937e-05
0.3797468 1.111201e-05
0.4050633 3.916182e-07
0.4303797 1.365407e-08
0.4556962 8.999086e-10
0.4810127 1.847346e-10
0.5063291 7.529837e-11
0.5316456 2.104002e-11
0.556962 3.709695e-12
0.5822785 4.866818e-13
0.6075949 5.356439e-14
0.6329114 8.169471e-15
0.6582278 2.777727e-15
0.6835443 1.458846e-15
0.7088608 7.384454e-16
0.7341772 3.486784e-16
0.7594937 1.536592e-16
0.7848101 6.32164e-17
0.8101266 2.430513e-17
0.835443 8.777231e-18
0.8607595 3.024581e-18
0.8860759 1.03745e-18
0.9113924 3.923337e-19
0.9367089 1.9895e-19
0.9620253 1.617631e-19
0.9873418 1.987921e-19
1.012658 3.069123e-19
1.037975 5.248421e-19
1.063291 9.328252e-19
1.088608 1.662726e-18
1.113924 2.917701e-18
1.139241 4.998654e-18
1.164557 8.332534e-18
1.189873 1.350958e-17
1.21519 2.133671e-17
1.240506 3.29202e-17
1.265823 4.979748e-17
1.291139 7.414e-17
1.316456 1.090488e-16
1.341772 1.58948e-16
1.367089 2.300327e-16
1.392405 3.306465e-16
1.417722 4.714097e-16
1.443038 6.649326e-16
1.468354 9.250968e-16
1.493671 1.266285e-15
1.518987 1.703662e-15
1.544304 2.260521e-15
1.56962 3.092737e-15
1.594937 4.591489e-15
1.620253 7.816787e-15
1.64557 1.528486e-14
1.670886 3.43166e-14
1.696203 8.717869e-14
1.721519 2.406272e-13
1.746835 6.715232e-13
1.772152 1.733718e-12
1.797468 3.656345e-12
1.822785 5.359751e-12
1.848101 5.633433e-12
1.873418 4.964176e-12
1.898734 2.726592e-12
1.924051 5.769457e-13
1.949367 2.751506e-14
1.974684 2.207903e-15
2 1.993401e-15
