0.5822785 1
0.6075949 1
0.6329114 1
0.6582278 1
0.6835443 1
0.7088608 1
0.7341772 1
0.7594937 1
0.7848101 1
0.8101266 1
0.835443 1
0.8607595 1
0.8860759 1
0.9113924 1
0.9367089 1
0.9620253 1
0.9873418 1
1.012658 1
1.037975 1
1.063291 1
1.088608 1
1.113924 1
1.139241 1
1.164557 1
1.189873 1
1.21519 1
1.240506 1
1.265823 1
1.291139 1
1.316456 0.9999999
1.341772 0.9999381
1.367089 0.9945835
1.392405 0.8693808
1.417722 0.2694455
1.443038 0.01737607
1.468354 0.0002881416
1.493671 3.33183e-06
1.518987 2.165078e-08
1.544304 3.952059e-11
1.56962 7.360866e-14
1.594937 1.013062e-15
1.620253 6.557144e-17
1.64557 1.82314e-17
1.670886 4.022653e-18
1.696203 7.780718e-19
1.721519 1.361534e-19
1.746835 2.3863e-20
1.772152 4.550795e-21
1.797468 8.973198e-22
1.822785 1.464864e-22
1.848101 1.48971e-23
1.873418 6.960534e-25
1.898734 9.527959e-27
1.924051 1.707452e-29
1.949367 9.146633e-34
1.974684 3.660814e-41
2 6.059077e-48
