0.02531646 0.9999998
0.05063291 0.9999996
0.07594937 1
0.1012658 0.9999999
0.1265823 0.9999999
0.1518987 1
0.1772152 1
0.2025316 1
0.2278481 1
0.2531646 1
0.278481 1
0.3037975 1
0.3291139 0.9999999
0.3544304 0.9999946
0.3797468 0.9999923
0.4050633 0.9999996
0.4303797 0.9999998
0.4556962 0.9999997
0.4810127 0.9999998
0.5063291 0.999999
0.5316456 0.9999942
0.556962 0.9999622
0.5822785 0.9996096
0.6075949 0.9840885
0.6329114 0.9303571
0.6582278 0.990024
0.6835443 0.999724
0.7088608 0.9749304
0.7341772 0.5751928
0.7594937 0.03170575
0.7848101 0.01209046
0.8101266 0.001520349
0.835443 0.0002023046
0.8607595 0.0003096206
0.8860759 0.0002527128
0.9113924 3.209421e-05
0.9367089 2.934484e-06
0.9620253 5.558058e-06
0.9873418 3.583747e-06
1.012658 3.374943e-07
1.037975 4.289257e-08
1.063291 8.567043e-09
1.088608 3.233353e-09
1.113924 1.076026e-09
1.139241 1.30571e-09
1.164557 2.007785e-09
1.189873 3.852629e-09
1.21519 1.655149e-08
1.240506 1.736291e-08
1.265823 3.907325e-09
1.291139 1.259063e-08
1.316456 3.851226e-08
1.341772 4.006112e-11
1.367089 1.995094e-12
1.392405 7.07309e-13
1.417722 1.332229e-13
1.443038 8.692222e-15
1.468354 5.442925e-16
1.493671 3.28993e-17
1.518987 4.969645e-18
1.544304 7.035653e-19
1.56962 8.255313e-20
1.594937 1.121695e-20
1.620253 1.957594e-21
1.64557 3.885642e-22
1.670886 7.841143e-23
1.696203 1.503989e-23
1.721519 2.637306e-24
1.746835 4.131359e-25
1.772152 5.68717e-26
1.797468 6.792029e-27
1.822785 6.97502e-28
1.848101 6.130357e-29
1.873418 4.60494e-30
1.898734 2.957882e-31
1.924051 1.62686e-32
1.949367 7.635295e-34
1.974684 2.988911e-35
2 9.072259e-37
