0.5063291 1
0.5316456 1
0.556962 1
0.5822785 1
0.6075949 1
0.6329114 1
0.6582278 1
0.6835443 1
0.7088608 1
0.7341772 1
0.7594937 1
0.7848101 0.9999941
0.8101266 0.9976385
0.835443 0.8952667
0.8607595 0.2979165
0.8860759 0.02096692
0.9113924 0.00114376
0.9367089 5.981901e-05
0.9620253 1.709812e-06
0.9873418 4.944346e-08
1.012658 1.058497e-09
1.037975 2.272355e-11
1.063291 8.954128e-13
1.088608 3.860431e-14
1.113924 2.297401e-15
1.139241 4.636482e-16
1.164557 8.342736e-17
1.189873 1.211692e-17
1.21519 1.38944e-18
1.240506 1.205546e-19
1.265823 7.509901e-21
1.291139 3.154957e-22
1.316456 8.375741e-24
1.341772 1.284772e-25
1.367089 1.012255e-27
1.392405 3.764819e-30
1.417722 6.507089e-33
1.443038 5.415304e-36
1.468354 2.376115e-39
1.493671 6.607119e-43
1.518987 1.299817e-46
1.544304 1.670436e-50
1.56962 1.241561e-54
1.594937 4.639019e-59
1.620253 6.309359e-64
1.64557 2.743768e-69
1.670886 4.090242e-71
1.696203 2.044273e-72
1.721519 9.254036e-74
1.746835 3.814118e-75
1.772152 1.475401e-76
1.797468 5.597017e-78
1.822785 2.128365e-79
1.848101 7.89242e-81
1.873418 2.691638e-82
1.898734 7.96397e-84
1.924051 1.941113e-85
1.949367 3.669392e-87
1.974684 4.843244e-89
2 3.396015e-91
