0.02531646 1
0.05063291 1
0.07594937 1
0.1012658 1
0.1265823 1
0.1518987 1
0.1772152 0.9999995
0.2025316 0.9999937
0.2278481 0.9999984
0.2531646 0.9999998
0.278481 0.999913
0.3037975 0.9831482
0.3291139 0.6406123
0.3544304 0.01849442
0.3797468 0.233531
0.4050633 0.9567342
0.4303797 0.993885
0.4556962 0.9991207
0.4810127 0.9996351
0.5063291 0.9936194
0.5316456 0.9047438
0.556962 0.4341011
0.5822785 0.1915141
0.6075949 0.08612447
0.6329114 0.02645399
0.6582278 0.008451298
0.6835443 0.01601361
0.7088608 0.2226281
0.7341772 0.5310371
0.7594937 0.06663324
0.7848101 0.0005537985
0.8101266 2.742312e-07
0.835443 3.611423e-10
0.8607595 5.582245e-10
0.8860759 2.371103e-08
0.9113924 1.804603e-07
0.9367089 2.880934e-07
0.9620253 1.129013e-07
0.9873418 3.794777e-07
1.012658 1.323029e-07
1.037975 2.986593e-07
1.063291 4.889836e-08
1.088608 4.101834e-10
1.113924 3.468499e-10
1.139241 3.472319e-10
1.164557 3.588866e-10
1.189873 4.154721e-10
1.21519 4.801489e-10
1.240506 4.545089e-10
1.265823 2.455202e-10
1.291139 4.222959e-11
1.316456 2.518861e-12
1.341772 8.81952e-14
1.367089 8.445405e-15
1.392405 5.478052e-15
1.417722 5.076749e-15
1.443038 8.475485e-15
1.468354 1.760666e-13
1.493671 2.380934e-12
1.518987 1.089656e-11
1.544304 1.982003e-11
1.56962 7.204178e-11
1.594937 2.471924e-10
1.620253 6.729709e-10
1.64557 1.276149e-09
1.670886 1.420546e-09
1.696203 1.123455e-09
1.721519 1.024694e-09
1.746835 5.997815e-09
1.772152 1.596578e-08
1.797468 1.257742e-08
1.822785 1.384489e-09
1.848101 2.71393e-10
1.873418 2.615625e-10
1.898734 1.970058e-09
1.924051 6.15141e-09
1.949367 3.439939e-09
1.974684 6.6323e-10
2 3.534586e-11
