0.4050633 1
0.4303797 1
0.4556962 1
0.4810127 1
0.5063291 1
0.5316456 1
0.556962 1
0.5822785 1
0.6075949 1
0.6329114 1
0.6582278 1
0.6835443 1
0.7088608 1
0.7341772 1
0.7594937 1
0.7848101 1
0.8101266 1
0.835443 1
0.8607595 1
0.8860759 1
0.9113924 1
0.9367089 1
0.9620253 1
0.9873418 1
1.012658 1
1.037975 1
1.063291 1
1.088608 1
1.113924 1
1.139241 1
1.164557 1
1.189873 1
1.21519 1
1.240506 1
1.265823 1
1.291139 1
1.316456 1
1.341772 0.9999997
1.367089 0.999971
1.392405 0.9943784
1.417722 0.8399106
1.443038 0.2056448
1.468354 0.00428125
1.493671 0.0001235167
1.518987 2.969026e-06
1.544304 1.984531e-08
1.56962 1.992859e-11
1.594937 8.020102e-15
1.620253 1.668062e-16
1.64557 1.597061e-19
1.670886 6.503099e-20
1.696203 2.709238e-20
1.721519 8.270207e-21
1.746835 1.607163e-21
1.772152 1.433431e-22
1.797468 3.966573e-25
1.822785 1.550802e-66
1.848101 2.870286e-66
1.873418 4.400041e-66
1.898734 5.414064e-66
1.924051 5.121449e-66
1.949367 3.486739e-66
1.974684 1.517451e-66
2 3.164691e-67
