0.07594937 1
0.1012658 1
0.1265823 1
0.1518987 1
0.1772152 1
0.2025316 1
0.2278481 1
0.2531646 1
0.278481 1
0.3037975 1
0.3291139 0.9999999
0.3544304 0.9998579
0.3797468 0.9842204
0.4050633 0.7318844
0.4303797 0.1088494
0.4556962 0.002795174
0.4810127 0.0001106057
0.5063291 4.875473e-06
0.5316456 2.881883e-07
0.556962 1.012057e-07
0.5822785 5.794402e-08
0.6075949 1.568659e-08
0.6329114 3.523996e-09
0.6582278 7.284555e-10
0.6835443 1.372257e-10
0.7088608 1.940088e-11
0.7341772 2.145947e-12
0.7594937 3.18049e-13
0.7848101 8.737638e-14
0.8101266 2.457047e-14
0.835443 6.242675e-15
0.8607595 2.696553e-15
0.8860759 1.524466e-15
0.9113924 7.976992e-16
0.9367089 3.751102e-16
0.9620253 1.570846e-16
0.9873418 5.98282e-17
1.012658 2.222261e-17
1.037975 8.860972e-18
1.063291 3.834153e-18
1.088608 1.637023e-18
1.113924 6.312701e-19
1.139241 2.113767e-19
1.164557 6.012832e-20
1.189873 1.415168e-20
1.21519 2.665237e-21
1.240506 3.848579e-22
1.265823 4.026318e-23
1.291139 2.818313e-24
1.316456 1.168563e-25
1.341772 2.311129e-27
1.367089 1.335738e-29
1.392405 6.572104e-33
1.417722 1.131056e-38
1.443038 3.6673e-39
1.468354 1.352294e-39
1.493671 5.616273e-40
1.518987 2.395072e-40
1.544304 9.754726e-41
1.56962 3.681921e-41
1.594937 1.279005e-41
1.620253 4.096533e-42
1.64557 1.215555e-42
1.670886 3.359922e-43
1.696203 8.695918e-44
1.721519 2.115245e-44
1.746835 4.840469e-45
1.772152 1.038619e-45
1.797468 2.071297e-46
1.822785 3.782613e-47
1.848101 6.194534e-48
1.873418 8.85289e-49
1.898734 1.066339e-49
1.924051 1.033103e-50
1.949367 7.511294e-52
1.974684 3.629556e-53
2 8.718286e-55
