0.02531646 1
0.05063291 1
0.07594937 1
0.1012658 1
0.1265823 1
0.1518987 1
0.1772152 1
0.2025316 1
0.2278481 0.9999975
0.2531646 0.9999668
0.278481 0.999835
0.3037975 0.9949432
0.3291139 0.9236509
0.3544304 0.6030887
0.3797468 0.1282611
0.4050633 0.02251686
0.4303797 0.01963577
0.4556962 0.01963453
0.4810127 0.02043243
0.5063291 0.4052083
0.5316456 0.9855141
0.556962 0.9167545
0.5822785 0.3239818
0.6075949 0.01012277
0.6329114 0.006968836
0.6582278 0.02436151
0.6835443 0.03567521
0.7088608 0.01471979
0.7341772 0.0009778269
0.7594937 1.005351e-05
0.7848101 8.207507e-08
0.8101266 1.188339e-08
0.835443 1.243748e-08
0.8607595 1.908731e-08
0.8860759 1.233045e-08
0.9113924 4.604447e-09
0.9367089 9.450242e-10
0.9620253 5.4311e-10
0.9873418 5.4311e-10
1.012658 4.588309e-08
1.037975 2.340697e-06
1.063291 3.121286e-06
1.088608 2.360914e-06
1.113924 1.417862e-06
1.139241 2.96285e-07
1.164557 1.714509e-08
1.189873 1.237379e-09
1.21519 1.09826e-09
1.240506 1.178968e-09
1.265823 1.178551e-09
1.291139 1.134505e-09
1.316456 1.092187e-09
1.341772 1.087027e-09
1.367089 1.209592e-09
1.392405 1.677684e-09
1.417722 1.660309e-09
1.443038 1.178381e-09
1.468354 3.970173e-10
1.493671 1.824576e-10
1.518987 1.595475e-10
1.544304 1.614485e-10
1.56962 1.745821e-10
1.594937 2.018314e-10
1.620253 2.42935e-10
1.64557 2.835054e-10
1.670886 2.979368e-10
1.696203 2.857568e-10
1.721519 2.623575e-10
1.746835 2.256018e-10
1.772152 1.689543e-10
1.797468 9.655244e-11
1.822785 3.533399e-11
1.848101 1.890148e-11
1.873418 2.227546e-11
1.898734 4.651309e-11
1.924051 1.383278e-10
1.949367 4.58695e-10
1.974684 1.525997e-09
2 4.23857e-09
