0.6329114 1
0.6582278 1
0.6835443 1
0.7088608 1
0.7341772 1
0.7594937 1
0.7848101 1
0.8101266 1
0.835443 1
0.8607595 1
0.8860759 1
0.9113924 1
0.9367089 1
0.9620253 0.9999688
0.9873418 0.9947735
1.012658 0.8587004
1.037975 0.2383433
1.063291 0.005410613
1.088608 0.0001996896
1.113924 7.037582e-06
1.139241 1.534633e-07
1.164557 2.058363e-09
1.189873 2.581629e-11
1.21519 6.606496e-13
1.240506 2.417052e-14
1.265823 1.980453e-15
1.291139 5.904726e-16
1.316456 1.63099e-16
1.341772 3.868906e-17
1.367089 7.540774e-18
1.392405 1.166326e-18
1.417722 1.404145e-19
1.443038 1.315914e-20
1.468354 9.841905e-22
1.493671 5.975866e-23
1.518987 2.762352e-24
1.544304 9.212006e-26
1.56962 2.207563e-27
1.594937 3.878336e-29
1.620253 5.098517e-31
1.64557 4.056688e-33
1.670886 1.257829e-35
1.696203 1.941387e-38
1.721519 2.362843e-41
1.746835 1.231191e-44
1.772152 1.2216e-48
1.797468 1.530737e-53
1.822785 1.689007e-58
1.848101 5.995881e-63
1.873418 1.706398e-66
1.898734 1.565812e-70
1.924051 1.130161e-75
1.949367 1.133026e-78
1.974684 1.318384e-80
2 1.328949e-82
