0.4050633 1
0.4303797 1
0.4556962 1
0.4810127 1
0.5063291 1
0.5316456 1
0.556962 1
0.5822785 1
0.6075949 1
0.6329114 1
0.6582278 1
0.6835443 1
0.7088608 1
0.7341772 1
0.7594937 1
0.7848101 1
0.8101266 1
0.835443 1
0.8607595 1
0.8860759 1
0.9113924 1
0.9367089 1
0.9620253 1
0.9873418 1
1.012658 1
1.037975 1
1.063291 1
1.088608 1
1.113924 1
1.139241 1
1.164557 1
1.189873 1
1.21519 1
1.240506 1
1.265823 1
1.291139 1
1.316456 1
1.341772 1
1.367089 0.999988
1.392405 0.996879
1.417722 0.8889295
1.443038 0.2941658
1.468354 0.005223473
1.493671 8.848773e-05
1.518987 3.470725e-07
1.544304 1.405848e-84
1.56962 1.519282e-84
1.594937 2.14818e-84
1.620253 4.800872e-85
1.64557 5.284476e-86
1.670886 5.26035e-117
1.696203 9.749901e-120
1.721519 7.780972e-121
1.746835 3.637434e-122
1.772152 7.691725e-124
1.797468 8.783746e-126
1.822785 6.855431e-128
1.848101 4.693877e-130
1.873418 4.684221e-132
1.898734 4.626617e-134
1.924051 2.219883e-136
1.949367 2.499621e-139
1.974684 1.083671e-143
2 5.538285e-153
