0.556962 1
0.5822785 1
0.6075949 1
0.6329114 1
0.6582278 1
0.6835443 1
0.7088608 1
0.7341772 1
0.7594937 1
0.7848101 1
0.8101266 1
0.835443 1
0.8607595 1
0.8860759 1
0.9113924 1
0.9367089 1
0.9620253 1
0.9873418 1
1.012658 1
1.037975 1
1.063291 1
1.088608 1
1.113924 1
1.139241 1
1.164557 1
1.189873 1
1.21519 1
1.240506 1
1.265823 1
1.291139 1
1.316456 0.9999999
1.341772 0.9998304
1.367089 0.9810433
1.392405 0.6932035
1.417722 0.09485609
1.443038 0.002710313
1.468354 0.0001158738
1.493671 1.599298e-06
1.518987 4.205785e-09
1.544304 1.064738e-11
1.56962 4.827341e-14
1.594937 7.747343e-16
1.620253 6.441515e-17
1.64557 1.031395e-17
1.670886 2.930999e-18
1.696203 6.968003e-19
1.721519 1.578569e-19
1.746835 3.550703e-20
1.772152 7.640003e-21
1.797468 1.526703e-21
1.822785 2.836097e-22
1.848101 4.740564e-23
1.873418 6.094695e-24
1.898734 4.500761e-25
1.924051 1.167542e-26
1.949367 3.97372e-29
1.974684 1.406622e-33
2 5.15789e-45
