0.6075949 1
0.6329114 1
0.6582278 1
0.6835443 1
0.7088608 1
0.7341772 1
0.7594937 1
0.7848101 1
0.8101266 1
0.835443 1
0.8607595 1
0.8860759 1
0.9113924 1
0.9367089 0.999998
0.9620253 0.9991695
0.9873418 0.9527845
1.012658 0.5288269
1.037975 0.03079667
1.063291 0.0009552162
1.088608 3.531399e-05
1.113924 7.605929e-07
1.139241 1.5961e-08
1.164557 1.802911e-10
1.189873 3.23966e-12
1.21519 1.067742e-13
1.240506 4.598845e-15
1.265823 9.633009e-16
1.291139 2.668576e-16
1.316456 6.536756e-17
1.341772 1.347646e-17
1.367089 2.2526e-18
1.392405 2.968608e-19
1.417722 3.038651e-20
1.443038 2.416365e-21
1.468354 1.519754e-22
1.493671 7.612504e-24
1.518987 2.848476e-25
1.544304 7.500824e-27
1.56962 1.352563e-28
1.594937 1.651531e-30
1.620253 1.414431e-32
1.64557 6.380036e-35
1.670886 1.061921e-37
1.696203 1.257379e-40
1.721519 1.117444e-43
1.746835 2.730356e-47
1.772152 1.042861e-51
1.797468 8.107272e-57
1.822785 2.755572e-61
1.848101 1.59301e-65
1.873418 4.237968e-69
1.898734 2.47953e-73
1.924051 5.779488e-77
1.949367 1.332646e-78
1.974684 2.461884e-80
2 1.987081e-82
