0.4050633 1
0.4303797 1
0.4556962 1
0.4810127 1
0.5063291 1
0.5316456 1
0.556962 1
0.5822785 1
0.6075949 1
0.6329114 1
0.6582278 1
0.6835443 1
0.7088608 1
0.7341772 1
0.7594937 1
0.7848101 1
0.8101266 1
0.835443 1
0.8607595 1
0.8860759 1
0.9113924 1
0.9367089 1
0.9620253 1
0.9873418 1
1.012658 1
1.037975 1
1.063291 1
1.088608 1
1.113924 1
1.139241 1
1.164557 1
1.189873 1
1.21519 1
1.240506 1
1.265823 1
1.291139 1
1.316456 1
1.341772 0.9999997
1.367089 0.9997256
1.392405 0.9742444
1.417722 0.6336308
1.443038 0.04293751
1.468354 0.000721408
1.493671 1.186973e-05
1.518987 2.890683e-08
1.544304 8.611606e-84
1.56962 1.245905e-83
1.594937 1.434392e-83
1.620253 3.729834e-84
1.64557 3.053752e-85
1.670886 3.107018e-116
1.696203 7.533723e-119
1.721519 7.801632e-120
1.746835 4.826593e-121
1.772152 1.327761e-122
1.797468 2.039022e-124
1.822785 2.274754e-126
1.848101 2.524919e-128
1.873418 4.547803e-130
1.898734 8.322737e-132
1.924051 8.192442e-134
1.949367 2.35014e-136
1.974684 4.358262e-140
2 5.910544e-148
