0.02531646 1
0.05063291 1
0.07594937 1
0.1012658 1
0.1265823 1
0.1518987 1
0.1772152 1
0.2025316 0.9999945
0.2278481 0.9988129
0.2531646 0.9594437
0.278481 0.1194316
0.3037975 0.007728109
0.3291139 0.002267302
0.3544304 0.0002146344
0.3797468 2.011964e-06
0.4050633 1.219862e-07
0.4303797 4.95339e-09
0.4556962 4.360748e-10
0.4810127 1.569817e-10
0.5063291 8.223835e-11
0.5316456 3.257126e-11
0.556962 1.037207e-11
0.5822785 2.662955e-12
0.6075949 5.375602e-13
0.6329114 2.722279e-13
0.6582278 4.587239e-12
0.6835443 1.394693e-10
0.7088608 1.585306e-09
0.7341772 5.31682e-09
0.7594937 8.060193e-09
0.7848101 6.383484e-09
0.8101266 8.100939e-09
0.835443 5.39817e-08
0.8607595 2.420917e-06
0.8860759 1.280646e-05
0.9113924 5.643749e-06
0.9367089 1.434627e-05
0.9620253 0.0001405031
0.9873418 0.0003833994
1.012658 0.0004021234
1.037975 0.0003631139
1.063291 0.0001798189
1.088608 8.228202e-05
1.113924 2.909031e-05
1.139241 5.45049e-06
1.164557 5.279888e-06
1.189873 2.832034e-05
1.21519 0.000204213
1.240506 0.0003002118
1.265823 0.0003002118
1.291139 0.0001834356
1.316456 4.709445e-05
1.341772 4.833596e-06
1.367089 5.786712e-07
1.392405 2.019629e-06
1.417722 2.970838e-05
1.443038 0.0003062293
1.468354 0.0004682544
1.493671 0.0003442982
1.518987 9.354508e-05
1.544304 7.483964e-06
1.56962 3.463175e-07
1.594937 3.534283e-07
1.620253 2.901401e-06
1.64557 1.909185e-05
1.670886 6.117496e-05
1.696203 0.0002103592
1.721519 0.0003467088
1.746835 0.0002642695
1.772152 0.0001353101
1.797468 3.313714e-05
1.822785 3.058873e-06
1.848101 1.050027e-07
1.873418 7.785513e-08
1.898734 7.785888e-08
1.924051 7.786266e-08
1.949367 8.59678e-08
1.974684 1.921088e-07
2 1.106282e-07
