0.02531646 1
0.05063291 1
0.07594937 1
0.1012658 1
0.1265823 1
0.1518987 1
0.1772152 1
0.2025316 1
0.2278481 1
0.2531646 1
0.278481 1
0.3037975 0.999999
0.3291139 0.999994
0.3544304 0.9999966
0.3797468 0.9999646
0.4050633 0.9995317
0.4303797 0.9999707
0.4556962 0.9990703
0.4810127 0.9999678
0.5063291 0.9998592
0.5316456 0.9996157
0.556962 0.9926799
0.5822785 0.9907797
0.6075949 0.9019383
0.6329114 0.9723447
0.6582278 0.9922898
0.6835443 0.999016
0.7088608 0.995295
0.7341772 0.8492119
0.7594937 0.2343205
0.7848101 0.004954789
0.8101266 0.0001224913
0.835443 4.689795e-06
0.8607595 4.133882e-07
0.8860759 2.389503e-08
0.9113924 2.059177e-09
0.9367089 2.059177e-09
0.9620253 2.059177e-09
0.9873418 5.111318e-08
1.012658 1.295013e-06
1.037975 1.383721e-06
1.063291 1.408811e-06
1.088608 2.386448e-06
1.113924 1.639917e-08
1.139241 2.428592e-09
1.164557 4.256024e-09
1.189873 6.665464e-08
1.21519 3.15044e-09
1.240506 4.491526e-10
1.265823 5.327805e-10
1.291139 9.487825e-10
1.316456 8.879067e-10
1.341772 1.207054e-09
1.367089 1.234255e-09
1.392405 6.990809e-10
1.417722 2.750204e-10
1.443038 1.185079e-10
1.468354 8.292177e-11
1.493671 6.735877e-11
1.518987 7.549226e-11
1.544304 1.370715e-10
1.56962 3.89123e-10
1.594937 8.650252e-10
1.620253 8.150279e-10
1.64557 1.822249e-09
1.670886 8.143359e-08
1.696203 1.820772e-06
1.721519 3.316472e-06
1.746835 4.777325e-07
1.772152 5.894809e-07
1.797468 7.117662e-06
1.822785 2.861985e-05
1.848101 2.037083e-05
1.873418 1.853264e-06
1.898734 2.875568e-08
1.924051 6.095849e-11
1.949367 4.086029e-11
1.974684 3.774936e-11
2 3.912503e-12
