0.02531646 0.9999998
0.05063291 1
0.07594937 1
0.1012658 1
0.1265823 1
0.1518987 1
0.1772152 1
0.2025316 1
0.2278481 0.9999922
0.2531646 0.999897
0.278481 0.9991067
0.3037975 0.9365573
0.3291139 0.9103191
0.3544304 0.1068761
0.3797468 0.7757285
0.4050633 0.03462275
0.4303797 0.02068891
0.4556962 0.2683828
0.4810127 0.881467
0.5063291 0.9327124
0.5316456 0.3671166
0.556962 0.01139163
0.5822785 0.0004720231
0.6075949 2.872062e-05
0.6329114 2.486093e-06
0.6582278 1.221024e-07
0.6835443 9.138321e-09
0.7088608 4.268559e-09
0.7341772 4.437162e-09
0.7594937 4.700516e-09
0.7848101 4.428956e-09
0.8101266 4.430179e-09
0.835443 2.292161e-08
0.8607595 2.130785e-07
0.8860759 7.101203e-07
0.9113924 4.365213e-07
0.9367089 6.141683e-07
0.9620253 2.510853e-06
0.9873418 3.992545e-05
1.012658 0.0001542847
1.037975 0.0001104721
1.063291 2.062499e-05
1.088608 1.267195e-06
1.113924 5.343314e-08
1.139241 2.136346e-09
1.164557 1.094105e-09
1.189873 1.106305e-09
1.21519 1.16751e-09
1.240506 1.157561e-09
1.265823 1.110018e-09
1.291139 1.08708e-09
1.316456 1.086577e-09
1.341772 1.107483e-09
1.367089 1.42706e-09
1.392405 2.17588e-09
1.417722 3.223959e-09
1.443038 3.471006e-09
1.468354 1.203189e-09
1.493671 1.238449e-10
1.518987 5.76095e-11
1.544304 4.116312e-11
1.56962 2.830943e-11
1.594937 2.009534e-11
1.620253 1.802631e-11
1.64557 1.88617e-11
1.670886 2.199094e-11
1.696203 2.880716e-11
1.721519 4.106908e-11
1.746835 6.160353e-11
1.772152 9.259958e-11
1.797468 1.29566e-10
1.822785 1.550677e-10
1.848101 1.546472e-10
1.873418 1.356301e-10
1.898734 1.104315e-10
1.924051 7.85384e-11
1.949367 4.358104e-11
1.974684 1.571208e-11
2 8.794441e-12
