0.4556962 1
0.4810127 1
0.5063291 1
0.5316456 1
0.556962 1
0.5822785 1
0.6075949 1
0.6329114 1
0.6582278 1
0.6835443 1
0.7088608 1
0.7341772 1
0.7594937 1
0.7848101 1
0.8101266 1
0.835443 1
0.8607595 1
0.8860759 1
0.9113924 1
0.9367089 1
0.9620253 1
0.9873418 1
1.012658 1
1.037975 1
1.063291 1
1.088608 1
1.113924 1
1.139241 1
1.164557 1
1.189873 1
1.21519 1
1.240506 1
1.265823 1
1.291139 1
1.316456 1
1.341772 0.9999997
1.367089 0.999777
1.392405 0.9769651
1.417722 0.6572984
1.443038 0.07000724
1.468354 0.001775505
1.493671 6.551149e-05
1.518987 1.063224e-06
1.544304 2.273046e-09
1.56962 1.180221e-12
1.594937 2.560175e-15
1.620253 4.196415e-16
1.64557 9.396402e-18
1.670886 1.949627e-18
1.696203 8.998582e-19
1.721519 3.690131e-19
1.746835 1.313118e-19
1.772152 4.02769e-20
1.797468 1.073751e-20
1.822785 2.532383e-21
1.848101 5.41661e-22
1.873418 1.033954e-22
1.898734 1.615601e-23
1.924051 1.709215e-24
1.949367 8.996717e-26
1.974684 1.10154e-27
2 4.136633e-33
