0.3291139 1
0.3544304 1
0.3797468 1
0.4050633 1
0.4303797 1
0.4556962 1
0.4810127 1
0.5063291 0.9999999
0.5316456 0.999988
0.556962 0.9995775
0.5822785 0.9937543
0.6075949 0.8644062
0.6329114 0.1115179
0.6582278 0.005511389
0.6835443 0.0002088205
0.7088608 1.306877e-05
0.7341772 5.97402e-07
0.7594937 1.819769e-08
0.7848101 6.266398e-10
0.8101266 2.621072e-11
0.835443 1.650255e-12
0.8607595 1.074664e-13
0.8860759 9.895467e-15
0.9113924 1.880246e-15
0.9367089 5.883592e-16
0.9620253 1.536209e-16
0.9873418 3.231788e-17
1.012658 5.335885e-18
1.037975 6.790027e-19
1.063291 6.497871e-20
1.088608 4.49739e-21
1.113924 2.129216e-22
1.139241 6.393422e-24
1.164557 1.112568e-25
1.189873 1.008414e-27
1.21519 4.248295e-30
1.240506 7.057295e-33
1.265823 3.361531e-36
1.291139 3.92866e-40
1.316456 8.436988e-45
1.341772 2.206073e-50
1.367089 3.880557e-56
1.392405 3.120724e-61
1.417722 1.61035e-63
1.443038 2.124967e-65
1.468354 7.29804e-67
1.493671 2.806773e-68
1.518987 1.670867e-69
1.544304 2.445482e-70
1.56962 5.679007e-71
1.594937 1.352073e-71
1.620253 2.994784e-72
1.64557 6.077473e-73
1.670886 1.126015e-73
1.696203 1.89982e-74
1.721519 2.908687e-75
1.746835 4.020839e-76
1.772152 4.984614e-77
1.797468 5.492918e-78
1.822785 5.319354e-79
1.848101 4.459663e-80
1.873418 3.172919e-81
1.898734 1.863494e-82
1.924051 8.677115e-84
1.949367 3.004258e-85
1.974684 6.877047e-87
2 7.808236e-89
