0.1518987 1
0.1772152 1
0.2025316 1
0.2278481 1
0.2531646 1
0.278481 1
0.3037975 1
0.3291139 1
0.3544304 1
0.3797468 1
0.4050633 1
0.4303797 1
0.4556962 1
0.4810127 1
0.5063291 1
0.5316456 1
0.556962 1
0.5822785 1
0.6075949 1
0.6329114 0.9999996
0.6582278 0.9999919
0.6835443 0.999871
0.7088608 0.9971258
0.7341772 0.8569129
0.7594937 0.206737
0.7848101 0.009886604
0.8101266 8.004197e-05
0.835443 9.004129e-08
0.8607595 3.887291e-11
0.8860759 2.737214e-11
0.9113924 3.294677e-11
0.9367089 2.722333e-11
0.9620253 1.126273e-11
0.9873418 1.456741e-12
1.012658 4.234362e-14
1.037975 9.763266e-16
1.063291 3.984906e-16
1.088608 3.267587e-16
1.113924 2.34786e-16
1.139241 1.504942e-16
1.164557 8.666063e-17
1.189873 4.475035e-17
1.21519 2.05564e-17
1.240506 8.285872e-18
1.265823 2.869575e-18
1.291139 8.257678e-19
1.316456 1.857663e-19
1.341772 2.846332e-20
1.367089 1.767066e-21
1.392405 1.125768e-39
1.417722 8.72979e-42
1.443038 2.206718e-41
1.468354 4.037871e-41
1.493671 5.696918e-41
1.518987 6.430734e-41
1.544304 5.950179e-41
1.56962 4.59098e-41
1.594937 2.992229e-41
1.620253 1.664105e-41
1.64557 7.960264e-42
1.670886 3.295369e-42
1.696203 1.185778e-42
1.721519 3.71793e-43
1.746835 1.016215e-43
1.772152 2.416868e-44
1.797468 4.979231e-45
1.822785 8.818746e-46
1.848101 1.327231e-46
1.873418 1.668709e-47
1.898734 1.709336e-48
1.924051 1.373151e-49
1.949367 8.127874e-51
1.974684 3.156459e-52
2 6.039639e-54
