0.1012658 1
0.1265823 1
0.1518987 1
0.1772152 1
0.2025316 1
0.2278481 1
0.2531646 1
0.278481 1
0.3037975 1
0.3291139 1
0.3544304 1
0.3797468 1
0.4050633 1
0.4303797 1
0.4556962 1
0.4810127 1
0.5063291 1
0.5316456 1
0.556962 1
0.5822785 1
0.6075949 1
0.6329114 0.9999999
0.6582278 0.9998863
0.6835443 0.9845369
0.7088608 0.710634
0.7341772 0.08169961
0.7594937 0.004107637
0.7848101 0.0001821463
0.8101266 6.617376e-05
0.835443 4.880886e-06
0.8607595 8.907961e-09
0.8860759 1.795344e-11
0.9113924 1.597254e-11
0.9367089 2.244929e-11
0.9620253 1.039928e-11
0.9873418 2.68096e-12
1.012658 4.168276e-13
1.037975 2.864188e-14
1.063291 1.399483e-15
1.088608 2.358266e-16
1.113924 1.56862e-16
1.139241 9.781106e-17
1.164557 5.274803e-17
1.189873 2.486848e-17
1.21519 1.019813e-17
1.240506 3.521943e-18
1.265823 9.718786e-19
1.291139 2.002047e-19
1.316456 2.777617e-20
1.341772 2.104128e-21
1.367089 4.711426e-23
1.392405 5.879153e-32
1.417722 2.265298e-37
1.443038 2.135409e-37
1.468354 1.704212e-37
1.493671 1.141982e-37
1.518987 6.377443e-38
1.544304 2.949571e-38
1.56962 1.124476e-38
1.594937 3.523406e-39
1.620253 9.063871e-40
1.64557 1.914865e-40
1.670886 3.325959e-41
1.696203 4.755294e-42
1.721519 5.60117e-43
1.746835 5.437589e-44
1.772152 4.354759e-45
1.797468 2.889219e-46
1.822785 1.611152e-47
1.848101 7.860334e-49
1.873418 3.659369e-50
1.898734 1.820561e-51
1.924051 9.86466e-53
1.949367 5.066986e-54
1.974684 1.984539e-55
2 4.181234e-57
