0.4050633 1
0.4303797 1
0.4556962 1
0.4810127 1
0.5063291 1
0.5316456 1
0.556962 1
0.5822785 1
0.6075949 1
0.6329114 1
0.6582278 1
0.6835443 1
0.7088608 1
0.7341772 1
0.7594937 1
0.7848101 1
0.8101266 1
0.835443 1
0.8607595 1
0.8860759 1
0.9113924 1
0.9367089 1
0.9620253 1
0.9873418 1
1.012658 1
1.037975 1
1.063291 1
1.088608 1
1.113924 1
1.139241 1
1.164557 1
1.189873 1
1.21519 1
1.240506 1
1.265823 1
1.291139 1
1.316456 1
1.341772 0.9999993
1.367089 0.9998769
1.392405 0.9979321
1.417722 0.9766597
1.443038 0.5649046
1.468354 0.08254922
1.493671 0.003329544
1.518987 3.669691e-05
1.544304 1.007741e-07
1.56962 6.306537e-11
1.594937 9.742731e-15
1.620253 1.422482e-18
1.64557 2.564387e-19
1.670886 1.304733e-19
1.696203 4.943167e-20
1.721519 1.183264e-20
1.746835 8.631146e-22
1.772152 9.295977e-85
1.797468 1.276258e-112
1.822785 3.986591e-114
1.848101 3.267718e-115
1.873418 3.215565e-116
1.898734 1.765653e-117
1.924051 4.910728e-119
1.949367 9.269981e-121
1.974684 4.447572e-122
2 4.708087e-123
