0.6075949 1
0.6329114 1
0.6582278 1
0.6835443 1
0.7088608 1
0.7341772 1
0.7594937 1
0.7848101 1
0.8101266 1
0.835443 1
0.8607595 1
0.8860759 1
0.9113924 1
0.9367089 0.9999997
0.9620253 0.9998124
0.9873418 0.9822315
1.012658 0.7119678
1.037975 0.08016276
1.063291 0.002104747
1.088608 8.805044e-05
1.113924 2.630906e-06
1.139241 3.941686e-08
1.164557 7.448991e-10
1.189873 8.072471e-12
1.21519 2.439883e-13
1.240506 1.00091e-14
1.265823 1.371212e-15
1.291139 3.985611e-16
1.316456 1.038261e-16
1.341772 2.298326e-17
1.367089 4.150532e-18
1.392405 5.927721e-19
1.417722 6.584071e-20
1.443038 5.691223e-21
1.468354 3.911072e-22
1.493671 2.161747e-23
1.518987 9.012906e-25
1.544304 2.678986e-26
1.56962 5.58754e-28
1.594937 8.20764e-30
1.620253 8.73844e-32
1.64557 5.299182e-34
1.670886 1.200354e-36
1.696203 1.579911e-39
1.721519 1.686693e-42
1.746835 6.187e-46
1.772152 3.859271e-50
1.797468 3.38306e-55
1.822785 6.993721e-60
1.848101 3.052816e-64
1.873418 8.565311e-68
1.898734 6.081127e-72
1.924051 9.995582e-77
1.949367 1.11103e-78
1.974684 1.961811e-80
2 2.01823e-82
