0.02531646 1
0.05063291 1
0.07594937 1
0.1012658 1
0.1265823 1
0.1518987 0.9999998
0.1772152 0.9999994
0.2025316 0.9999999
0.2278481 1
0.2531646 0.9999982
0.278481 0.9998396
0.3037975 0.9990374
0.3291139 0.9997826
0.3544304 0.9999918
0.3797468 0.9999916
0.4050633 0.9999231
0.4303797 0.9993766
0.4556962 0.9955894
0.4810127 0.9649121
0.5063291 0.9482973
0.5316456 0.9862768
0.556962 0.9999086
0.5822785 0.9993177
0.6075949 0.9935977
0.6329114 0.9842031
0.6582278 0.9927397
0.6835443 0.9246959
0.7088608 0.7744198
0.7341772 0.3384241
0.7594937 0.03532269
0.7848101 0.005749046
0.8101266 0.0006918661
0.835443 3.704321e-05
0.8607595 8.79582e-07
0.8860759 8.780918e-09
0.9113924 5.251602e-09
0.9367089 3.35419e-09
0.9620253 2.576637e-09
0.9873418 8.278602e-10
1.012658 7.285582e-10
1.037975 8.464233e-10
1.063291 4.622743e-09
1.088608 8.766497e-08
1.113924 4.910148e-08
1.139241 9.846982e-10
1.164557 4.229967e-10
1.189873 2.425515e-09
1.21519 3.619892e-08
1.240506 2.454005e-08
1.265823 3.353748e-10
1.291139 1.797866e-10
1.316456 2.138024e-10
1.341772 4.571506e-10
1.367089 2.290166e-09
1.392405 4.152518e-09
1.417722 2.681033e-10
1.443038 1.905226e-10
1.468354 1.647524e-10
1.493671 7.866158e-11
1.518987 2.864581e-11
1.544304 8.818872e-12
1.56962 1.992911e-12
1.594937 1.606741e-13
1.620253 2.118061e-15
1.64557 8.617482e-16
1.670886 5.151667e-16
1.696203 2.117932e-16
1.721519 7.758352e-17
1.746835 2.95594e-17
1.772152 1.165416e-17
1.797468 4.63307e-18
1.822785 1.836943e-18
1.848101 7.2537e-19
1.873418 2.86107e-19
1.898734 1.132694e-19
1.924051 4.527443e-20
1.949367 1.839353e-20
1.974684 7.642562e-21
2 3.237825e-21
