0.556962 1
0.5822785 1
0.6075949 1
0.6329114 1
0.6582278 1
0.6835443 1
0.7088608 1
0.7341772 1
0.7594937 1
0.7848101 1
0.8101266 1
0.835443 1
0.8607595 1
0.8860759 1
0.9113924 1
0.9367089 1
0.9620253 1
0.9873418 1
1.012658 1
1.037975 1
1.063291 1
1.088608 1
1.113924 1
1.139241 1
1.164557 1
1.189873 1
1.21519 1
1.240506 1
1.265823 1
1.291139 1
1.316456 1
1.341772 0.9999808
1.367089 0.9954514
1.392405 0.8632958
1.417722 0.2676845
1.443038 0.008635229
1.468354 0.0003570424
1.493671 5.422807e-06
1.518987 1.773032e-08
1.544304 6.037413e-11
1.56962 2.078094e-13
1.594937 1.489907e-15
1.620253 1.298939e-16
1.64557 1.931372e-17
1.670886 6.053606e-18
1.696203 1.585121e-18
1.721519 4.103965e-19
1.746835 1.124716e-19
1.772152 3.11302e-20
1.797468 8.057801e-21
1.822785 1.861507e-21
1.848101 3.819049e-22
1.873418 7.118357e-23
1.898734 1.195366e-23
1.924051 1.565219e-24
1.949367 1.031689e-25
1.974684 1.05112e-27
2 5.452096e-33
