0.05063291 1
0.07594937 1
0.1012658 1
0.1265823 1
0.1518987 1
0.1772152 1
0.2025316 1
0.2278481 1
0.2531646 0.9999995
0.278481 0.9998234
0.3037975 0.9859086
0.3291139 0.759077
0.3544304 0.1213007
0.3797468 0.001658928
0.4050633 5.364136e-05
0.4303797 1.971267e-06
0.4556962 1.340552e-07
0.4810127 2.027837e-08
0.5063291 2.63091e-09
0.5316456 4.337253e-10
0.556962 1.611604e-10
0.5822785 4.197586e-11
0.6075949 7.736779e-12
0.6329114 1.119794e-12
0.6582278 1.396306e-13
0.6835443 2.063214e-14
0.7088608 6.21128e-15
0.7341772 3.289884e-15
0.7594937 1.982016e-15
0.7848101 1.134274e-15
0.8101266 6.055158e-16
0.835443 2.999776e-16
0.8607595 1.364281e-16
0.8860759 5.63648e-17
0.9113924 2.10471e-17
0.9367089 7.136722e-18
0.9620253 2.237245e-18
0.9873418 6.668165e-19
1.012658 1.927645e-19
1.037975 5.341806e-20
1.063291 1.360451e-20
1.088608 3.03684e-21
1.113924 5.737479e-22
1.139241 8.970396e-23
1.164557 1.140312e-23
1.189873 1.157179e-24
1.21519 9.189672e-26
1.240506 5.590478e-27
1.265823 2.5806e-28
1.291139 1.42479e-29
1.316456 7.855478e-30
1.341772 9.423243e-30
1.367089 1.096866e-29
1.392405 1.210852e-29
1.417722 1.267676e-29
1.443038 1.258546e-29
1.468354 1.184322e-29
1.493671 1.055414e-29
1.518987 8.895062e-30
1.544304 7.077316e-30
1.56962 5.303907e-30
1.594937 3.733609e-30
1.620253 2.460567e-30
1.64557 1.512278e-30
1.670886 8.628844e-31
1.696203 4.546809e-31
1.721519 2.198941e-31
1.746835 9.689835e-32
1.772152 3.857068e-32
1.797468 1.372453e-32
1.822785 4.309727e-33
1.848101 1.175081e-33
1.873418 2.723805e-34
1.898734 5.215655e-35
1.924051 7.915881e-36
1.949367 8.922283e-37
1.974684 6.635067e-38
2 2.440242e-39
