0.1265823 1
0.1518987 1
0.1772152 1
0.2025316 1
0.2278481 1
0.2531646 1
0.278481 1
0.3037975 1
0.3291139 1
0.3544304 1
0.3797468 1
0.4050633 1
0.4303797 1
0.4556962 1
0.4810127 1
0.5063291 1
0.5316456 1
0.556962 1
0.5822785 1
0.6075949 1
0.6329114 1
0.6582278 0.9999995
0.6835443 0.9999951
0.7088608 0.9999316
0.7341772 0.9987031
0.7594937 0.9406485
0.7848101 0.305568
0.8101266 0.02406318
0.835443 0.0004200648
0.8607595 1.345362e-06
0.8860759 6.737949e-10
0.9113924 1.762513e-11
0.9367089 2.651079e-11
0.9620253 2.648052e-11
0.9873418 1.752137e-11
1.012658 4.930912e-12
1.037975 3.731167e-13
1.063291 6.22796e-15
1.088608 3.795551e-16
1.113924 2.981173e-16
1.139241 2.313011e-16
1.164557 1.540673e-16
1.189873 8.926406e-17
1.21519 4.48464e-17
1.240506 1.92425e-17
1.265823 6.814209e-18
1.291139 1.902458e-18
1.316456 3.891298e-19
1.341772 4.880703e-20
1.367089 2.270351e-21
1.392405 7.405442e-36
1.417722 3.77122e-40
1.443038 8.621298e-40
1.468354 1.483626e-39
1.493671 1.994975e-39
1.518987 2.148421e-39
1.544304 1.884994e-39
1.56962 1.364426e-39
1.594937 8.226806e-40
1.620253 4.164235e-40
1.64557 1.780942e-40
1.670886 6.468889e-41
1.696203 2.003307e-41
1.721519 5.301243e-42
1.746835 1.199083e-42
1.772152 2.313545e-43
1.797468 3.789448e-44
1.822785 5.226397e-45
1.848101 5.995195e-46
1.873418 5.618518e-47
1.898734 4.192227e-48
1.924051 2.396229e-49
1.949367 9.862949e-51
1.974684 2.608304e-52
2 3.341586e-54
