0.02531646 1
0.05063291 1
0.07594937 1
0.1012658 1
0.1265823 1
0.1518987 1
0.1772152 1
0.2025316 1
0.2278481 0.9999992
0.2531646 0.9999987
0.278481 0.9999998
0.3037975 0.9999995
0.3291139 0.999986
0.3544304 0.9995864
0.3797468 0.9863769
0.4050633 0.974529
0.4303797 0.9903171
0.4556962 0.9954927
0.4810127 0.9739765
0.5063291 0.987056
0.5316456 0.9997715
0.556962 0.9997715
0.5822785 0.9997478
0.6075949 0.9982616
0.6329114 0.8889439
0.6582278 0.8413052
0.6835443 0.9637131
0.7088608 0.8563683
0.7341772 0.2190347
0.7594937 0.01999546
0.7848101 0.001076104
0.8101266 4.738646e-05
0.835443 1.496141e-05
0.8607595 2.374498e-05
0.8860759 1.214051e-05
0.9113924 1.61781e-06
0.9367089 4.115458e-06
0.9620253 0.0002933161
0.9873418 6.885613e-05
1.012658 1.614011e-06
1.037975 1.797964e-08
1.063291 4.885771e-07
1.088608 9.291888e-08
1.113924 4.9881e-09
1.139241 5.58549e-10
1.164557 5.58549e-10
1.189873 5.58549e-10
1.21519 5.681577e-10
1.240506 9.844259e-09
1.265823 2.87054e-08
1.291139 5.288842e-09
1.316456 7.302049e-10
1.341772 7.284951e-10
1.367089 7.284953e-10
1.392405 7.284955e-10
1.417722 8.145761e-10
1.443038 1.440732e-09
1.468354 2.773297e-09
1.493671 1.903509e-08
1.518987 6.327131e-06
1.544304 6.604551e-06
1.56962 1.355153e-06
1.594937 8.436776e-08
1.620253 1.880965e-09
1.64557 9.421598e-10
1.670886 1.066356e-09
1.696203 8.94889e-10
1.721519 3.363305e-10
1.746835 5.075488e-11
1.772152 1.893262e-12
1.797468 2.782752e-14
1.822785 7.807104e-15
1.848101 3.270827e-15
1.873418 1.438808e-15
1.898734 8.305572e-16
1.924051 5.401897e-16
1.949367 3.285252e-16
1.974684 1.734795e-16
2 5.935719e-17
