0.02531646 0.9999999
0.05063291 1
0.07594937 1
0.1012658 1
0.1265823 1
0.1518987 1
0.1772152 1
0.2025316 1
0.2278481 1
0.2531646 1
0.278481 1
0.3037975 1
0.3291139 0.9999993
0.3544304 0.9998655
0.3797468 0.9997987
0.4050633 0.9999795
0.4303797 0.9999965
0.4556962 0.9999979
0.4810127 0.9999878
0.5063291 0.9983615
0.5316456 0.9971157
0.556962 0.999341
0.5822785 0.9997686
0.6075949 0.9999487
0.6329114 0.9999872
0.6582278 0.9999587
0.6835443 0.9971041
0.7088608 0.8434696
0.7341772 0.2123587
0.7594937 0.006781147
0.7848101 0.0002052374
0.8101266 3.906357e-06
0.835443 2.905494e-06
0.8607595 1.052018e-05
0.8860759 1.353552e-06
0.9113924 3.75366e-08
0.9367089 2.880881e-09
0.9620253 2.145187e-09
0.9873418 9.671338e-10
1.012658 8.936393e-10
1.037975 8.936393e-10
1.063291 8.936393e-10
1.088608 8.936393e-10
1.113924 8.936393e-10
1.139241 1.392254e-09
1.164557 1.55892e-09
1.189873 8.178966e-10
1.21519 3.672709e-10
1.240506 3.729397e-10
1.265823 4.951273e-10
1.291139 5.732715e-10
1.316456 2.789178e-10
1.341772 1.738622e-10
1.367089 2.675814e-10
1.392405 4.695798e-10
1.417722 5.615132e-10
1.443038 5.563759e-10
1.468354 3.796843e-10
1.493671 1.892414e-10
1.518987 9.283203e-11
1.544304 4.582491e-11
1.56962 1.699599e-11
1.594937 3.756259e-12
1.620253 4.264347e-13
1.64557 7.782802e-14
1.670886 8.044593e-14
1.696203 2.91579e-13
1.721519 1.420754e-12
1.746835 8.751173e-12
1.772152 4.697492e-11
1.797468 1.849481e-10
1.822785 5.383387e-10
1.848101 1.110112e-09
1.873418 1.598499e-09
1.898734 2.07649e-09
1.924051 4.423339e-08
1.949367 7.791919e-07
1.974684 3.709818e-06
2 3.794115e-06
