0.02531646 1
0.05063291 1
0.07594937 1
0.1012658 1
0.1265823 1
0.1518987 1
0.1772152 1
0.2025316 1
0.2278481 0.9999999
0.2531646 0.9999966
0.278481 0.9998581
0.3037975 0.9998389
0.3291139 0.9989429
0.3544304 0.9772672
0.3797468 0.9836342
0.4050633 0.9600474
0.4303797 0.3938015
0.4556962 0.9626857
0.4810127 0.9986303
0.5063291 0.9952341
0.5316456 0.9763139
0.556962 0.9589875
0.5822785 0.6387703
0.6075949 0.07593727
0.6329114 0.002809976
0.6582278 0.0001624068
0.6835443 1.111713e-05
0.7088608 7.847021e-07
0.7341772 1.185135e-07
0.7594937 1.719647e-07
0.7848101 2.880748e-07
0.8101266 1.182631e-07
0.835443 2.039838e-08
0.8607595 7.829617e-09
0.8860759 7.709483e-10
0.9113924 1.719192e-08
0.9367089 1.671894e-07
0.9620253 6.612886e-07
0.9873418 1.083753e-06
1.012658 1.907136e-06
1.037975 1.401515e-06
1.063291 7.712885e-07
1.088608 1.319189e-06
1.113924 4.341818e-06
1.139241 8.449932e-06
1.164557 5.003831e-06
1.189873 2.921561e-06
1.21519 3.990242e-07
1.240506 3.772469e-08
1.265823 3.325421e-09
1.291139 4.852346e-10
1.316456 3.548479e-10
1.341772 3.578182e-10
1.367089 3.813172e-10
1.392405 4.824726e-10
1.417722 6.889019e-10
1.443038 6.768569e-10
1.468354 5.484304e-10
1.493671 3.292252e-10
1.518987 1.008354e-10
1.544304 7.579542e-12
1.56962 1.783074e-12
1.594937 8.702036e-12
1.620253 7.166385e-11
1.64557 3.903078e-10
1.670886 1.331125e-09
1.696203 1.927544e-09
1.721519 1.441011e-09
1.746835 6.975845e-10
1.772152 4.521683e-10
1.797468 3.28111e-10
1.822785 1.895322e-10
1.848101 1.078099e-10
1.873418 9.733922e-11
1.898734 1.303392e-10
1.924051 2.262275e-10
1.949367 3.963046e-10
1.974684 5.062969e-10
2 4.257531e-10
