0.4050633 1
0.4303797 1
0.4556962 1
0.4810127 1
0.5063291 1
0.5316456 1
0.556962 1
0.5822785 1
0.6075949 1
0.6329114 1
0.6582278 1
0.6835443 1
0.7088608 1
0.7341772 1
0.7594937 1
0.7848101 1
0.8101266 1
0.835443 1
0.8607595 1
0.8860759 1
0.9113924 1
0.9367089 1
0.9620253 1
0.9873418 1
1.012658 1
1.037975 1
1.063291 1
1.088608 1
1.113924 1
1.139241 1
1.164557 1
1.189873 1
1.21519 1
1.240506 1
1.265823 1
1.291139 1
1.316456 1
1.341772 0.9999918
1.367089 0.9972861
1.392405 0.8931125
1.417722 0.3152048
1.443038 0.008827449
1.468354 0.000200615
1.493671 2.830396e-06
1.518987 4.367413e-09
1.544304 2.428346e-37
1.56962 4.142501e-58
1.594937 2.058438e-77
1.620253 7.632481e-82
1.64557 1.520983e-82
1.670886 8.962205e-113
1.696203 2.097834e-117
1.721519 3.190236e-118
1.746835 3.146758e-119
1.772152 1.228114e-120
1.797468 2.860452e-122
1.822785 5.430947e-124
1.848101 1.296528e-125
1.873418 5.899485e-127
1.898734 2.815419e-128
1.924051 8.450406e-130
1.949367 1.031967e-131
1.974684 1.860448e-134
2 4.903759e-140
