0.5822785 1
0.6075949 1
0.6329114 1
0.6582278 1
0.6835443 1
0.7088608 1
0.7341772 1
0.7594937 1
0.7848101 1
0.8101266 1
0.835443 1
0.8607595 1
0.8860759 1
0.9113924 1
0.9367089 1
0.9620253 1
0.9873418 1
1.012658 1
1.037975 1
1.063291 1
1.088608 1
1.113924 1
1.139241 1
1.164557 1
1.189873 1
1.21519 1
1.240506 1
1.265823 1
1.291139 1
1.316456 0.9999999
1.341772 0.9999456
1.367089 0.9953463
1.392405 0.9005937
1.417722 0.2682996
1.443038 0.02056377
1.468354 0.0003273494
1.493671 2.869247e-06
1.518987 1.773948e-08
1.544304 3.837038e-11
1.56962 7.083555e-14
1.594937 1.002849e-15
1.620253 6.213579e-17
1.64557 1.907176e-17
1.670886 4.137174e-18
1.696203 7.341496e-19
1.721519 1.223865e-19
1.746835 2.319363e-20
1.772152 4.994567e-21
1.797468 9.252527e-22
1.822785 1.072894e-22
1.848101 5.673506e-24
1.873418 9.069633e-26
1.898734 2.994038e-28
1.924051 6.524863e-31
1.949367 1.091548e-33
1.974684 1.329363e-37
2 1.129066e-44
