0.02531646 1
0.05063291 1
0.07594937 1
0.1012658 1
0.1265823 1
0.1518987 1
0.1772152 1
0.2025316 0.9999934
0.2278481 0.9991152
0.2531646 0.9674735
0.278481 0.121931
0.3037975 0.01415442
0.3291139 0.000702676
0.3544304 9.598912e-05
0.3797468 1.328414e-05
0.4050633 9.395342e-07
0.4303797 1.856551e-06
0.4556962 3.155852e-06
0.4810127 1.250766e-06
0.5063291 8.949854e-07
0.5316456 1.480915e-06
0.556962 1.825436e-06
0.5822785 3.508635e-06
0.6075949 4.394943e-05
0.6329114 0.0007265141
0.6582278 0.00159946
0.6835443 0.0007560435
0.7088608 0.0001034933
0.7341772 0.0002750123
0.7594937 0.001371819
0.7848101 0.003632705
0.8101266 0.00279084
0.835443 0.001315285
0.8607595 0.0004380474
0.8860759 0.0009519854
0.9113924 0.0007491351
0.9367089 0.000236548
0.9620253 0.0001343952
0.9873418 0.0006258118
1.012658 0.002274681
1.037975 0.002281329
1.063291 0.001285946
1.088608 0.0001996659
1.113924 7.236083e-06
1.139241 4.132524e-07
1.164557 5.46035e-07
1.189873 3.668595e-07
1.21519 3.110339e-07
1.240506 3.534352e-07
1.265823 4.854835e-06
1.291139 9.156113e-05
1.316456 0.0003805747
1.341772 0.001276894
1.367089 0.001861273
1.392405 0.0018871
1.417722 0.0018871
1.443038 0.0007352117
1.468354 9.182644e-05
1.493671 2.656928e-06
1.518987 2.17794e-07
1.544304 2.17794e-07
1.56962 3.27489e-07
1.594937 1.351031e-06
1.620253 4.126606e-06
1.64557 5.326051e-05
1.670886 8.975168e-05
1.696203 3.458113e-05
1.721519 4.333554e-06
1.746835 9.038484e-07
1.772152 2.057746e-06
1.797468 2.687516e-05
1.822785 7.760896e-05
1.848101 7.760896e-05
1.873418 6.901663e-05
1.898734 2.459341e-05
1.924051 2.72339e-06
1.949367 5.180549e-08
1.974684 6.429909e-08
2 6.277534e-06
