0.02531646 1
0.05063291 1
0.07594937 1
0.1012658 1
0.1265823 1
0.1518987 1
0.1772152 1
0.2025316 0.9999999
0.2278481 0.9999957
0.2531646 0.9999203
0.278481 0.9999128
0.3037975 0.9999871
0.3291139 0.9998762
0.3544304 0.9938351
0.3797468 0.9394305
0.4050633 0.9279034
0.4303797 0.934647
0.4556962 0.9997632
0.4810127 0.9999049
0.5063291 0.9998111
0.5316456 0.9948871
0.556962 0.9626886
0.5822785 0.9835726
0.6075949 0.9971126
0.6329114 0.9999105
0.6582278 0.9998634
0.6835443 0.9916315
0.7088608 0.788796
0.7341772 0.09943042
0.7594937 0.0328025
0.7848101 0.006281849
0.8101266 0.0009814355
0.835443 0.0001370458
0.8607595 1.531779e-05
0.8860759 2.635583e-06
0.9113924 1.014225e-06
0.9367089 7.992558e-07
0.9620253 2.767626e-06
0.9873418 9.198997e-07
1.012658 5.652141e-07
1.037975 1.963167e-07
1.063291 1.338046e-09
1.088608 7.285588e-10
1.113924 2.438756e-09
1.139241 1.597875e-07
1.164557 3.490489e-06
1.189873 2.125314e-06
1.21519 6.915069e-08
1.240506 3.659445e-08
1.265823 6.554103e-08
1.291139 1.338724e-06
1.316456 1.253268e-06
1.341772 3.596765e-07
1.367089 1.985907e-07
1.392405 7.692341e-07
1.417722 3.479559e-07
1.443038 4.328428e-09
1.468354 4.79254e-11
1.493671 4.843651e-11
1.518987 4.665112e-11
1.544304 3.007572e-11
1.56962 1.239029e-11
1.594937 2.892902e-12
1.620253 4.43777e-13
1.64557 5.221886e-14
1.670886 5.714937e-15
1.696203 1.719084e-15
1.721519 6.001847e-16
1.746835 2.73709e-16
1.772152 1.369213e-16
1.797468 6.924406e-17
1.822785 3.472334e-17
1.848101 1.712079e-17
1.873418 8.280848e-18
1.898734 3.932988e-18
1.924051 1.836962e-18
1.949367 8.433249e-19
1.974684 3.724359e-19
2 1.367283e-19
