0.02531646 1
0.05063291 1
0.07594937 1
0.1012658 1
0.1265823 1
0.1518987 1
0.1772152 1
0.2025316 1
0.2278481 1
0.2531646 1
0.278481 0.9999942
0.3037975 0.9982671
0.3291139 0.9718073
0.3544304 0.9717507
0.3797468 0.9918047
0.4050633 0.9991418
0.4303797 0.999658
0.4556962 0.9995702
0.4810127 0.9964181
0.5063291 0.9277325
0.5316456 0.9192322
0.556962 0.9662975
0.5822785 0.9763231
0.6075949 0.9995655
0.6329114 0.9995655
0.6582278 0.9995655
0.6835443 0.9940589
0.7088608 0.8235639
0.7341772 0.1827273
0.7594937 0.01210731
0.7848101 0.002876049
0.8101266 3.981615e-05
0.835443 8.164865e-07
0.8607595 4.276812e-07
0.8860759 6.583269e-07
0.9113924 1.858004e-06
0.9367089 5.083005e-07
0.9620253 1.112019e-09
0.9873418 8.357833e-08
1.012658 2.55814e-06
1.037975 1.252888e-05
1.063291 1.299682e-05
1.088608 2.772292e-06
1.113924 2.256888e-07
1.139241 2.090399e-07
1.164557 1.123802e-06
1.189873 3.170463e-07
1.21519 3.651188e-08
1.240506 3.121314e-08
1.265823 7.369945e-08
1.291139 2.782274e-08
1.316456 4.285316e-10
1.341772 4.245412e-10
1.367089 4.690833e-10
1.392405 3.867569e-10
1.417722 1.968573e-10
1.443038 3.035058e-11
1.468354 2.335646e-12
1.493671 1.932791e-14
1.518987 2.856044e-16
1.544304 3.883181e-17
1.56962 5.244846e-18
1.594937 9.410452e-19
1.620253 1.52459e-19
1.64557 2.059395e-20
1.670886 2.485098e-21
1.696203 2.819369e-22
1.721519 3.160969e-23
1.746835 3.727299e-24
1.772152 4.89292e-25
1.797468 7.194472e-26
1.822785 1.125689e-26
1.848101 1.764569e-27
1.873418 2.674791e-28
1.898734 3.85866e-29
1.924051 5.291615e-30
1.949367 6.947655e-31
1.974684 8.832161e-32
2 1.0752e-32
