0.02531646 1
0.05063291 1
0.07594937 1
0.1012658 1
0.1265823 1
0.1518987 1
0.1772152 1
0.2025316 1
0.2278481 1
0.2531646 1
0.278481 1
0.3037975 0.9999999
0.3291139 0.999999
0.3544304 0.9999921
0.3797468 0.9999581
0.4050633 0.9999155
0.4303797 0.9998157
0.4556962 0.9815152
0.4810127 0.9780387
0.5063291 0.9523204
0.5316456 0.9989895
0.556962 0.9999235
0.5822785 0.9943501
0.6075949 0.9611721
0.6329114 0.9987661
0.6582278 0.9995633
0.6835443 0.9877314
0.7088608 0.7402072
0.7341772 0.1066294
0.7594937 0.005751248
0.7848101 0.0004251251
0.8101266 7.212774e-05
0.835443 2.692995e-05
0.8607595 2.572078e-05
0.8860759 2.838985e-05
0.9113924 6.800284e-06
0.9367089 1.826301e-06
0.9620253 1.701509e-06
0.9873418 3.824447e-09
1.012658 4.533507e-10
1.037975 2.24733e-09
1.063291 1.34251e-07
1.088608 2.59404e-06
1.113924 1.947124e-05
1.139241 1.765654e-05
1.164557 1.662455e-06
1.189873 3.760896e-08
1.21519 3.551332e-09
1.240506 3.549627e-09
1.265823 5.837509e-09
1.291139 1.095467e-08
1.316456 1.011631e-08
1.341772 1.054287e-09
1.367089 5.500903e-10
1.392405 1.962893e-10
1.417722 6.920419e-11
1.443038 2.865603e-11
1.468354 5.314518e-12
1.493671 3.636915e-13
1.518987 3.729761e-15
1.544304 2.683079e-16
1.56962 2.473848e-17
1.594937 3.321784e-18
1.620253 6.729024e-19
1.64557 1.089669e-19
1.670886 1.492445e-20
1.696203 1.824839e-21
1.721519 2.06619e-22
1.746835 2.246078e-23
1.772152 2.456938e-24
1.797468 2.863986e-25
1.822785 3.721773e-26
1.848101 5.385733e-27
1.873418 8.34239e-28
1.898734 1.319412e-28
1.924051 2.075128e-29
1.949367 3.221892e-30
1.974684 4.979541e-31
2 7.588183e-32
