0.6329114 1
0.6582278 1
0.6835443 1
0.7088608 1
0.7341772 1
0.7594937 1
0.7848101 1
0.8101266 1
0.835443 1
0.8607595 1
0.8860759 1
0.9113924 1
0.9367089 1
0.9620253 0.9999996
0.9873418 0.9997523
1.012658 0.9787322
1.037975 0.6836095
1.063291 0.06734028
1.088608 0.00153656
1.113924 5.038873e-05
1.139241 1.257067e-06
1.164557 2.844548e-08
1.189873 2.956938e-10
1.21519 4.968815e-12
1.240506 1.710272e-13
1.265823 7.172827e-15
1.291139 1.269924e-15
1.316456 3.899797e-16
1.341772 1.054028e-16
1.367089 2.38286e-17
1.392405 4.312353e-18
1.417722 6.08724e-19
1.443038 6.67157e-20
1.468354 5.851312e-21
1.493671 4.23514e-22
1.518987 2.373319e-23
1.544304 9.793188e-25
1.56962 3.035253e-26
1.594937 7.469371e-28
1.620253 1.465866e-29
1.64557 1.895907e-31
1.670886 1.072089e-33
1.696203 2.598137e-36
1.721519 3.873282e-39
1.746835 3.418687e-42
1.772152 7.805158e-46
1.797468 2.401102e-50
1.822785 1.17621e-55
1.848101 2.447412e-60
1.873418 5.823815e-64
1.898734 9.967244e-68
1.924051 1.215225e-72
1.949367 2.165446e-78
1.974684 1.674367e-80
2 5.71594e-83
