0.02531646 1
0.05063291 1
0.07594937 1
0.1012658 1
0.1265823 1
0.1518987 1
0.1772152 1
0.2025316 0.9999999
0.2278481 0.9999687
0.2531646 0.9982379
0.278481 0.9696197
0.3037975 0.6824789
0.3291139 0.005872098
0.3544304 0.0001447818
0.3797468 7.991909e-06
0.4050633 1.09338e-06
0.4303797 2.665932e-08
0.4556962 1.545592e-09
0.4810127 2.469369e-10
0.5063291 9.624283e-11
0.5316456 2.869638e-11
0.556962 5.282161e-12
0.5822785 7.124217e-13
0.6075949 7.936443e-14
0.6329114 1.027476e-14
0.6582278 3.127225e-15
0.6835443 1.622643e-15
0.7088608 8.208784e-16
0.7341772 3.80379e-16
0.7594937 1.619884e-16
0.7848101 6.3537e-17
0.8101266 2.292195e-17
0.835443 7.589175e-18
0.8607595 2.308414e-18
0.8860759 6.513749e-19
0.9113924 1.748581e-19
0.9367089 4.717965e-20
0.9620253 1.498683e-20
0.9873418 8.757423e-21
1.012658 1.171928e-20
1.037975 2.202171e-20
1.063291 4.354352e-20
1.088608 8.479884e-20
1.113924 1.603635e-19
1.139241 2.934594e-19
1.164557 5.193106e-19
1.189873 8.889885e-19
1.21519 1.47336e-18
1.240506 2.366596e-18
1.265823 3.688585e-18
1.291139 5.585596e-18
1.316456 8.228872e-18
1.341772 1.181071e-17
1.367089 1.653792e-17
1.392405 2.262289e-17
1.417722 3.02722e-17
1.443038 3.967182e-17
1.468354 5.096828e-17
1.493671 6.424565e-17
1.518987 7.950161e-17
1.544304 9.662996e-17
1.56962 1.154174e-16
1.594937 1.355571e-16
1.620253 1.566631e-16
1.64557 1.782462e-16
1.670886 1.996327e-16
1.696203 2.198919e-16
1.721519 2.378581e-16
1.746835 2.522354e-16
1.772152 2.617341e-16
1.797468 2.652497e-16
1.822785 2.624872e-16
1.848101 2.548244e-16
1.873418 2.454007e-16
1.898734 2.380779e-16
1.924051 2.357564e-16
1.949367 2.368373e-16
1.974684 2.241832e-16
2 1.499994e-16
