0.5822785 1
0.6075949 1
0.6329114 1
0.6582278 1
0.6835443 1
0.7088608 1
0.7341772 1
0.7594937 1
0.7848101 1
0.8101266 1
0.835443 1
0.8607595 1
0.8860759 1
0.9113924 1
0.9367089 1
0.9620253 1
0.9873418 1
1.012658 1
1.037975 1
1.063291 1
1.088608 1
1.113924 1
1.139241 1
1.164557 1
1.189873 1
1.21519 1
1.240506 1
1.265823 1
1.291139 1
1.316456 0.9999999
1.341772 0.9999094
1.367089 0.9911935
1.392405 0.8012137
1.417722 0.1945546
1.443038 0.00942551
1.468354 0.0001755256
1.493671 2.706547e-06
1.518987 1.475412e-08
1.544304 2.047644e-11
1.56962 5.928798e-14
1.594937 8.793593e-16
1.620253 6.261538e-17
1.64557 1.320518e-17
1.670886 2.9562e-18
1.696203 5.963798e-19
1.721519 1.103241e-19
1.746835 2.062897e-20
1.772152 4.041419e-21
1.797468 8.13805e-22
1.822785 1.452577e-22
1.848101 1.828997e-23
1.873418 1.21552e-24
1.898734 2.812597e-26
1.924051 1.113788e-28
1.949367 1.911068e-32
1.974684 5.051599e-39
2 4.683895e-50
