0.02531646 1
0.05063291 1
0.07594937 1
0.1012658 1
0.1265823 1
0.1518987 1
0.1772152 1
0.2025316 0.9999999
0.2278481 0.999938
0.2531646 0.9936356
0.278481 0.8833066
0.3037975 0.21197
0.3291139 0.006423504
0.3544304 8.063722e-05
0.3797468 3.840025e-06
0.4050633 7.67065e-07
0.4303797 2.624525e-08
0.4556962 1.740911e-09
0.4810127 2.615748e-10
0.5063291 9.973365e-11
0.5316456 3.033759e-11
0.556962 5.642069e-12
0.5822785 7.643858e-13
0.6075949 8.545884e-14
0.6329114 1.091606e-14
0.6582278 3.218414e-15
0.6835443 1.664266e-15
0.7088608 8.450895e-16
0.7341772 3.923124e-16
0.7594937 1.670114e-16
0.7848101 6.535898e-17
0.8101266 2.348366e-17
0.835443 7.727696e-18
0.8607595 2.329582e-18
0.8860759 6.485169e-19
0.9113924 1.702871e-19
0.9367089 4.404808e-20
0.9620253 1.265541e-20
0.9873418 6.14378e-21
1.012658 7.493193e-21
1.037975 1.407919e-20
1.063291 2.814613e-20
1.088608 5.526252e-20
1.113924 1.050789e-19
1.139241 1.930092e-19
1.164557 3.424761e-19
1.189873 5.875213e-19
1.21519 9.755208e-19
1.240506 1.569642e-18
1.265823 2.450575e-18
1.291139 3.717038e-18
1.316456 5.484621e-18
1.341772 7.882599e-18
1.367089 1.104855e-17
1.392405 1.51207e-17
1.417722 2.022817e-17
1.443038 2.647894e-17
1.468354 3.39455e-17
1.493671 4.264859e-17
1.518987 5.254004e-17
1.544304 6.348764e-17
1.56962 7.526524e-17
1.594937 8.755167e-17
1.620253 9.993993e-17
1.64557 1.119561e-16
1.670886 1.23089e-16
1.696203 1.328306e-16
1.721519 1.407296e-16
1.746835 1.464537e-16
1.772152 1.498708e-16
1.797468 1.511679e-16
1.822785 1.509949e-16
1.848101 1.50556e-16
1.873418 1.515299e-16
1.898734 1.556135e-16
1.924051 1.629765e-16
1.949367 1.677919e-16
1.974684 1.507911e-16
2 8.613699e-17
