0.3037975 1
0.3291139 1
0.3544304 1
0.3797468 1
0.4050633 1
0.4303797 1
0.4556962 1
0.4810127 0.9999999
0.5063291 0.9999033
0.5316456 0.9851035
0.556962 0.6978153
0.5822785 0.05679028
0.6075949 0.003725205
0.6329114 0.0004747047
0.6582278 6.786606e-05
0.6835443 3.862573e-06
0.7088608 1.759524e-07
0.7341772 1.17727e-08
0.7594937 3.798349e-10
0.7848101 1.765094e-11
0.8101266 1.562029e-12
0.835443 1.437522e-13
0.8607595 1.241866e-14
0.8860759 2.029392e-15
0.9113924 6.366714e-16
0.9367089 1.758259e-16
0.9620253 4.013174e-17
0.9873418 7.317833e-18
1.012658 1.038448e-18
1.037975 1.123149e-19
1.063291 8.890076e-21
1.088608 4.864793e-22
1.113924 1.726411e-23
1.139241 3.724463e-25
1.164557 4.52913e-27
1.189873 2.799555e-29
1.21519 7.58454e-32
1.240506 6.770836e-35
1.265823 1.656439e-38
1.291139 9.759185e-43
1.316456 7.809383e-48
1.341772 1.85384e-53
1.367089 8.42523e-59
1.392405 1.1867e-61
1.417722 2.477493e-63
1.443038 7.227397e-64
1.468354 2.86963e-64
1.493671 1.032054e-64
1.518987 3.357885e-65
1.544304 9.939131e-66
1.56962 2.687671e-66
1.594937 6.656113e-67
1.620253 1.511125e-67
1.64557 3.143992e-68
1.670886 5.986164e-69
1.696203 1.040386e-69
1.721519 1.644088e-70
1.746835 2.349488e-71
1.772152 3.01457e-72
1.797468 3.440988e-73
1.822785 3.453248e-74
1.848101 3.000749e-75
1.873418 2.212552e-76
1.898734 1.346194e-77
1.924051 6.489899e-79
1.949367 2.324498e-80
1.974684 5.499039e-82
2 6.444919e-84
