0.5063291 1
0.5316456 1
0.556962 1
0.5822785 1
0.6075949 1
0.6329114 1
0.6582278 1
0.6835443 1
0.7088608 1
0.7341772 1
0.7594937 0.9999999
0.7848101 0.9999068
0.8101266 0.9919273
0.835443 0.8555837
0.8607595 0.1928784
0.8860759 0.007494206
0.9113924 0.0002725693
0.9367089 1.111127e-05
0.9620253 3.476361e-07
0.9873418 8.060929e-09
1.012658 1.760543e-10
1.037975 4.848021e-12
1.063291 2.344728e-13
1.088608 1.017894e-14
1.113924 1.156618e-15
1.139241 2.347069e-16
1.164557 3.842783e-17
1.189873 4.993447e-18
1.21519 5.001044e-19
1.240506 3.691644e-20
1.265823 1.901036e-21
1.291139 6.383398e-23
1.316456 1.285618e-24
1.341772 1.374427e-26
1.367089 6.861797e-29
1.392405 1.47529e-31
1.417722 1.330871e-34
1.443038 5.366619e-38
1.468354 1.138413e-41
1.493671 1.514784e-45
1.518987 1.296937e-49
1.544304 6.904553e-54
1.56962 2.22375e-58
1.594937 3.922108e-63
1.620253 2.841038e-68
1.64557 1.41745e-70
1.670886 6.851292e-72
1.696203 3.024014e-73
1.721519 1.245891e-74
1.746835 5.014227e-76
1.772152 2.063436e-77
1.797468 8.799228e-79
1.822785 3.814935e-80
1.848101 1.6366e-81
1.873418 6.730714e-83
1.898734 2.526453e-84
1.924051 8.064801e-86
1.949367 1.995481e-87
1.974684 3.334801e-89
2 2.79018e-91
