0.02531646 1
0.05063291 1
0.07594937 1
0.1012658 1
0.1265823 1
0.1518987 1
0.1772152 1
0.2025316 0.9999969
0.2278481 0.9995467
0.2531646 0.9838537
0.278481 0.7974223
0.3037975 0.01593658
0.3291139 0.009188128
0.3544304 0.0002568957
0.3797468 5.777021e-06
0.4050633 1.669172e-07
0.4303797 5.449073e-09
0.4556962 4.380282e-10
0.4810127 1.487573e-10
0.5063291 7.546526e-11
0.5316456 2.83084e-11
0.556962 8.239581e-12
0.5822785 2.018194e-12
0.6075949 4.232376e-13
0.6329114 8.429193e-14
0.6582278 2.211729e-14
0.6835443 7.80205e-14
0.7088608 1.128914e-12
0.7341772 9.56203e-12
0.7594937 3.94721e-11
0.7848101 1.064128e-10
0.8101266 1.350052e-10
0.835443 2.713834e-10
0.8607595 2.259074e-09
0.8860759 4.461534e-08
0.9113924 4.327582e-08
0.9367089 5.604578e-08
0.9620253 4.369211e-07
0.9873418 4.266858e-06
1.012658 1.067418e-05
1.037975 1.162784e-05
1.063291 1.173425e-05
1.088608 1.511488e-05
1.113924 1.61449e-05
1.139241 7.385031e-06
1.164557 7.123894e-07
1.189873 7.678538e-07
1.21519 3.044419e-06
1.240506 6.084546e-06
1.265823 6.893067e-06
1.291139 4.940247e-06
1.316456 2.238604e-06
1.341772 1.106886e-06
1.367089 1.517591e-06
1.392405 6.231133e-06
1.417722 4.868292e-05
1.443038 0.0001026254
1.468354 8.225742e-05
1.493671 3.408782e-05
1.518987 5.086405e-06
1.544304 4.839644e-07
1.56962 3.93304e-07
1.594937 7.202191e-07
1.620253 4.76013e-07
1.64557 1.12508e-06
1.670886 2.447717e-05
1.696203 0.000255003
1.721519 0.0002421693
1.746835 9.141562e-05
1.772152 1.310767e-05
1.797468 7.067804e-07
1.822785 7.785513e-08
1.848101 7.78514e-08
1.873418 8.091091e-08
1.898734 4.612892e-07
1.924051 1.057948e-06
1.949367 1.071441e-06
1.974684 5.680641e-07
2 8.853653e-08
