0.4050633 1
0.4303797 1
0.4556962 1
0.4810127 1
0.5063291 1
0.5316456 1
0.556962 1
0.5822785 1
0.6075949 1
0.6329114 1
0.6582278 1
0.6835443 1
0.7088608 1
0.7341772 1
0.7594937 1
0.7848101 1
0.8101266 1
0.835443 1
0.8607595 1
0.8860759 1
0.9113924 1
0.9367089 1
0.9620253 1
0.9873418 1
1.012658 1
1.037975 1
1.063291 1
1.088608 1
1.113924 1
1.139241 1
1.164557 1
1.189873 1
1.21519 1
1.240506 1
1.265823 1
1.291139 1
1.316456 1
1.341772 0.9999999
1.367089 0.9999804
1.392405 0.9984464
1.417722 0.9772551
1.443038 0.5951142
1.468354 0.09107522
1.493671 0.003318863
1.518987 2.726684e-05
1.544304 7.462245e-08
1.56962 2.607645e-10
1.594937 9.1131e-13
1.620253 1.997536e-15
1.64557 6.511793e-18
1.670886 2.627333e-18
1.696203 1.024544e-18
1.721519 2.983537e-19
1.746835 6.698817e-20
1.772152 1.155467e-20
1.797468 1.473817e-21
1.822785 1.274112e-22
1.848101 6.026907e-24
1.873418 5.801457e-26
1.898734 4.800226e-49
1.924051 3.942058e-48
1.949367 1.83287e-47
1.974684 4.86112e-47
2 5.992737e-47
