0.4303797 1
0.4556962 1
0.4810127 1
0.5063291 1
0.5316456 1
0.556962 1
0.5822785 1
0.6075949 1
0.6329114 1
0.6582278 1
0.6835443 1
0.7088608 1
0.7341772 1
0.7594937 1
0.7848101 1
0.8101266 1
0.835443 1
0.8607595 1
0.8860759 1
0.9113924 1
0.9367089 1
0.9620253 1
0.9873418 1
1.012658 1
1.037975 1
1.063291 1
1.088608 1
1.113924 1
1.139241 1
1.164557 1
1.189873 1
1.21519 1
1.240506 1
1.265823 1
1.291139 1
1.316456 1
1.341772 1
1.367089 0.9999945
1.392405 0.9998119
1.417722 0.9935582
1.443038 0.8437561
1.468354 0.2232465
1.493671 0.007333196
1.518987 0.0001670324
1.544304 6.016126e-07
1.56962 4.599749e-10
1.594937 1.945374e-13
1.620253 2.779305e-15
1.64557 3.782671e-17
1.670886 5.170014e-18
1.696203 2.744586e-18
1.721519 1.327441e-18
1.746835 5.696507e-19
1.772152 2.128212e-19
1.797468 7.002432e-20
1.822785 2.036698e-20
1.848101 5.350776e-21
1.873418 1.301797e-21
1.898734 2.953808e-22
1.924051 6.515693e-23
1.949367 1.450035e-23
1.974684 3.333793e-24
2 6.223224e-25
