0.4050633 1
0.4303797 1
0.4556962 1
0.4810127 1
0.5063291 1
0.5316456 1
0.556962 1
0.5822785 1
0.6075949 1
0.6329114 1
0.6582278 1
0.6835443 1
0.7088608 1
0.7341772 1
0.7594937 1
0.7848101 1
0.8101266 1
0.835443 1
0.8607595 1
0.8860759 1
0.9113924 1
0.9367089 1
0.9620253 1
0.9873418 1
1.012658 1
1.037975 1
1.063291 1
1.088608 1
1.113924 1
1.139241 1
1.164557 1
1.189873 1
1.21519 1
1.240506 1
1.265823 1
1.291139 1
1.316456 1
1.341772 0.9999921
1.367089 0.9977337
1.392405 0.9175469
1.417722 0.3590815
1.443038 0.02488855
1.468354 0.0003916368
1.493671 3.898935e-06
1.518987 1.539077e-08
1.544304 9.026436e-12
1.56962 8.221911e-16
1.594937 1.586696e-20
1.620253 4.74389e-32
1.64557 5.301867e-58
1.670886 1.888462e-94
1.696203 2.343118e-110
1.721519 7.702856e-116
1.746835 1.413963e-117
1.772152 4.126344e-119
1.797468 1.152981e-120
1.822785 3.101006e-122
1.848101 1.307767e-123
1.873418 1.20017e-124
1.898734 1.199403e-125
1.924051 8.513782e-127
1.949367 3.13648e-128
1.974684 3.086716e-130
2 4.434991e-134
