0.02531646 1
0.05063291 1
0.07594937 1
0.1012658 1
0.1265823 1
0.1518987 1
0.1772152 1
0.2025316 0.9999994
0.2278481 0.9999998
0.2531646 0.9999994
0.278481 0.9999677
0.3037975 0.9986624
0.3291139 0.9969513
0.3544304 0.9996899
0.3797468 0.9997143
0.4050633 0.9999323
0.4303797 0.9997189
0.4556962 0.9259716
0.4810127 0.9881375
0.5063291 0.9837946
0.5316456 0.9993701
0.556962 0.9996639
0.5822785 0.9998204
0.6075949 0.9995731
0.6329114 0.9847473
0.6582278 0.9458195
0.6835443 0.9342165
0.7088608 0.9086686
0.7341772 0.3879144
0.7594937 0.007708683
0.7848101 0.0002661357
0.8101266 9.530826e-05
0.835443 4.286015e-05
0.8607595 2.966847e-05
0.8860759 1.493484e-05
0.9113924 3.736363e-06
0.9367089 4.15043e-07
0.9620253 2.66433e-08
0.9873418 5.848181e-07
1.012658 7.563985e-06
1.037975 1.263947e-05
1.063291 1.213621e-05
1.088608 3.752985e-06
1.113924 1.544289e-07
1.139241 4.290795e-09
1.164557 1.790526e-08
1.189873 6.990486e-07
1.21519 1.848446e-05
1.240506 2.989067e-05
1.265823 2.989067e-05
1.291139 1.458686e-06
1.316456 8.725991e-08
1.341772 6.870289e-07
1.367089 5.446453e-06
1.392405 8.934875e-06
1.417722 1.08494e-05
1.443038 8.634903e-06
1.468354 8.356763e-07
1.493671 1.09995e-07
1.518987 1.118081e-08
1.544304 6.933095e-11
1.56962 1.589001e-11
1.594937 8.347885e-12
1.620253 3.414893e-12
1.64557 7.771688e-13
1.670886 6.790202e-14
1.696203 4.193127e-15
1.721519 1.333912e-15
1.746835 6.613235e-16
1.772152 4.145392e-16
1.797468 2.518577e-16
1.822785 1.502189e-16
1.848101 8.62797e-17
1.873418 4.747696e-17
1.898734 2.514388e-17
1.924051 1.284748e-17
1.949367 6.283266e-18
1.974684 2.79636e-18
2 9.04245e-19
