0.02531646 1
0.05063291 1
0.07594937 1
0.1012658 1
0.1265823 1
0.1518987 1
0.1772152 1
0.2025316 1
0.2278481 1
0.2531646 1
0.278481 1
0.3037975 0.9999999
0.3291139 1
0.3544304 1
0.3797468 1
0.4050633 0.9999997
0.4303797 0.9999902
0.4556962 0.9982823
0.4810127 0.9996139
0.5063291 0.9944493
0.5316456 0.9910603
0.556962 0.9971985
0.5822785 0.9949501
0.6075949 0.9663279
0.6329114 0.9966572
0.6582278 0.9939206
0.6835443 0.9768685
0.7088608 0.9498813
0.7341772 0.5830625
0.7594937 0.02208884
0.7848101 0.0007227659
0.8101266 2.048939e-06
0.835443 4.758798e-09
0.8607595 1.65686e-08
0.8860759 1.929868e-06
0.9113924 2.746804e-05
0.9367089 9.312912e-05
0.9620253 0.0001203247
0.9873418 7.3285e-05
1.012658 1.22218e-05
1.037975 5.158509e-07
1.063291 2.397209e-07
1.088608 1.655229e-06
1.113924 4.455295e-06
1.139241 9.46474e-06
1.164557 8.805811e-07
1.189873 1.205841e-08
1.21519 1.735059e-09
1.240506 7.926556e-09
1.265823 2.856616e-09
1.291139 5.374963e-10
1.316456 4.494955e-10
1.341772 4.948748e-10
1.367089 5.965681e-10
1.392405 6.87088e-10
1.417722 7.566342e-10
1.443038 5.735172e-10
1.468354 3.369111e-10
1.493671 1.812607e-10
1.518987 7.148034e-11
1.544304 2.051051e-11
1.56962 9.805363e-12
1.594937 7.556436e-12
1.620253 1.310404e-11
1.64557 3.156424e-11
1.670886 6.858616e-11
1.696203 1.032908e-10
1.721519 4.027283e-10
1.746835 1.006963e-08
1.772152 5.552256e-07
1.797468 7.955888e-06
1.822785 1.948206e-05
1.848101 7.402948e-06
1.873418 5.088038e-07
1.898734 2.961463e-08
1.924051 5.367946e-09
1.949367 1.358526e-11
1.974684 1.206771e-11
2 1.030935e-11
