0.6835443 1
0.7088608 1
0.7341772 1
0.7594937 1
0.7848101 1
0.8101266 1
0.835443 1
0.8607595 1
0.8860759 1
0.9113924 1
0.9367089 1
0.9620253 1
0.9873418 1
1.012658 1
1.037975 1
1.063291 0.9999999
1.088608 0.9999243
1.113924 0.9906458
1.139241 0.79957
1.164557 0.1394855
1.189873 0.002759212
1.21519 9.592977e-05
1.240506 2.634457e-06
1.265823 3.046273e-08
1.291139 5.508514e-10
1.316456 6.870633e-12
1.341772 2.651131e-13
1.367089 1.653281e-14
1.392405 2.004779e-15
1.417722 6.323392e-16
1.443038 1.560717e-16
1.468354 2.906283e-17
1.493671 4.536472e-18
1.518987 5.693318e-19
1.544304 5.341386e-20
1.56962 4.025952e-21
1.594937 3.197834e-22
1.620253 2.910943e-23
1.64557 2.265852e-24
1.670886 1.198491e-25
1.696203 3.885249e-27
1.721519 6.584547e-29
1.746835 4.822612e-31
1.772152 1.28153e-33
1.797468 1.069073e-36
1.822785 2.066318e-40
1.848101 4.038434e-45
1.873418 4.04651e-51
1.898734 6.81364e-55
1.924051 8.223089e-58
1.949367 4.915506e-62
1.974684 3.377288e-69
2 7.615003e-81
