0.02531646 1
0.05063291 1
0.07594937 1
0.1012658 1
0.1265823 1
0.1518987 0.9999999
0.1772152 1
0.2025316 1
0.2278481 1
0.2531646 1
0.278481 1
0.3037975 0.9999999
0.3291139 0.9999993
0.3544304 0.9999995
0.3797468 0.9999992
0.4050633 0.9999944
0.4303797 0.9999836
0.4556962 0.9998939
0.4810127 0.9987135
0.5063291 0.9879991
0.5316456 0.953392
0.556962 0.95527
0.5822785 0.9903285
0.6075949 0.9863171
0.6329114 0.9887762
0.6582278 0.9979295
0.6835443 0.998376
0.7088608 0.9403873
0.7341772 0.5882064
0.7594937 0.18486
0.7848101 0.002048703
0.8101266 4.228851e-05
0.835443 4.906044e-06
0.8607595 9.210764e-07
0.8860759 7.084411e-08
0.9113924 7.557887e-08
0.9367089 3.936526e-07
0.9620253 8.771849e-07
0.9873418 2.887643e-07
1.012658 1.613442e-07
1.037975 5.737479e-07
1.063291 3.82261e-07
1.088608 2.441349e-08
1.113924 4.638557e-09
1.139241 5.696653e-09
1.164557 1.326337e-08
1.189873 2.419906e-08
1.21519 2.271399e-08
1.240506 1.692374e-08
1.265823 4.709297e-08
1.291139 6.343106e-08
1.316456 1.728062e-10
1.341772 1.516623e-11
1.367089 1.037198e-11
1.392405 2.495544e-12
1.417722 2.132656e-13
1.443038 6.955032e-15
1.468354 3.146388e-16
1.493671 2.25401e-17
1.518987 4.501067e-18
1.544304 6.653532e-19
1.56962 7.831948e-20
1.594937 1.066384e-20
1.620253 1.961538e-21
1.64557 4.105114e-22
1.670886 8.437094e-23
1.696203 1.600771e-23
1.721519 2.725382e-24
1.746835 4.089641e-25
1.772152 5.334712e-26
1.797468 5.987691e-27
1.822785 5.744057e-28
1.848101 4.690522e-29
1.873418 3.25231e-30
1.898734 1.912427e-31
1.924051 9.533901e-33
1.949367 4.008226e-34
1.974684 1.395016e-35
2 4.033506e-37
