0.02531646 1
0.05063291 1
0.07594937 1
0.1012658 1
0.1265823 1
0.1518987 1
0.1772152 0.9999999
0.2025316 0.9999997
0.2278481 1
0.2531646 1
0.278481 0.9999998
0.3037975 0.9999988
0.3291139 0.9999998
0.3544304 0.9999998
0.3797468 0.9999998
0.4050633 0.9999995
0.4303797 0.9999806
0.4556962 0.9986015
0.4810127 0.8783261
0.5063291 0.8455893
0.5316456 0.9536471
0.556962 0.9975677
0.5822785 0.9996004
0.6075949 0.9982646
0.6329114 0.9722058
0.6582278 0.9995627
0.6835443 0.9880514
0.7088608 0.7594763
0.7341772 0.1359639
0.7594937 0.002773467
0.7848101 0.000246927
0.8101266 1.402186e-05
0.835443 2.51477e-06
0.8607595 4.715562e-05
0.8860759 6.812508e-05
0.9113924 1.030768e-05
0.9367089 5.403127e-07
0.9620253 1.166216e-07
0.9873418 9.323037e-08
1.012658 4.533507e-10
1.037975 4.533507e-10
1.063291 4.232503e-09
1.088608 8.114761e-08
1.113924 5.163353e-07
1.139241 1.69958e-06
1.164557 2.317935e-06
1.189873 3.498135e-07
1.21519 1.744429e-08
1.240506 3.423822e-09
1.265823 4.755418e-09
1.291139 4.239239e-09
1.316456 1.676028e-09
1.341772 1.143999e-09
1.367089 8.198606e-10
1.392405 3.425594e-10
1.417722 5.791876e-11
1.443038 1.874926e-11
1.468354 5.258108e-12
1.493671 5.153374e-13
1.518987 1.641435e-14
1.544304 5.817113e-16
1.56962 4.918889e-17
1.594937 5.452342e-18
1.620253 1.180368e-18
1.64557 2.069104e-19
1.670886 3.028963e-20
1.696203 3.919218e-21
1.721519 4.642215e-22
1.746835 5.184844e-23
1.772152 5.657307e-24
1.797468 6.317381e-25
1.822785 7.608287e-26
1.848101 1.019162e-26
1.873418 1.503515e-27
1.898734 2.353423e-28
1.924051 3.789036e-29
1.949367 6.183499e-30
1.974684 1.023714e-30
2 1.692651e-31
