0.02531646 0.9999999
0.05063291 1
0.07594937 1
0.1012658 1
0.1265823 1
0.1518987 1
0.1772152 1
0.2025316 0.9999999
0.2278481 0.9999867
0.2531646 0.9998811
0.278481 0.9994071
0.3037975 0.9920138
0.3291139 0.9483175
0.3544304 0.6159156
0.3797468 0.1605404
0.4050633 0.42879
0.4303797 0.9243248
0.4556962 0.9441252
0.4810127 0.6859268
0.5063291 0.1542857
0.5316456 0.01370924
0.556962 0.0006405537
0.5822785 3.219329e-05
0.6075949 0.0001118202
0.6329114 0.0001038281
0.6582278 5.510462e-05
0.6835443 7.270855e-06
0.7088608 1.416847e-07
0.7341772 4.202431e-08
0.7594937 3.334208e-07
0.7848101 8.269709e-07
0.8101266 1.105509e-06
0.835443 4.508224e-06
0.8607595 1.617165e-05
0.8860759 1.475643e-05
0.9113924 9.830121e-06
0.9367089 2.554166e-06
0.9620253 2.32004e-06
0.9873418 7.977111e-06
1.012658 2.603356e-05
1.037975 3.016851e-05
1.063291 1.542488e-05
1.088608 2.448127e-06
1.113924 8.81109e-08
1.139241 7.77233e-09
1.164557 1.853382e-08
1.189873 1.864265e-08
1.21519 1.116155e-08
1.240506 1.951623e-09
1.265823 1.022167e-08
1.291139 3.906076e-07
1.316456 2.825903e-06
1.341772 3.97508e-06
1.367089 3.485716e-06
1.392405 6.693619e-07
1.417722 2.016357e-08
1.443038 1.565808e-10
1.468354 8.324617e-11
1.493671 7.663053e-11
1.518987 5.758052e-11
1.544304 3.989093e-11
1.56962 2.796172e-11
1.594937 1.749793e-11
1.620253 1.36772e-11
1.64557 1.572765e-11
1.670886 2.480383e-11
1.696203 3.346821e-11
1.721519 3.277031e-11
1.746835 2.686044e-11
1.772152 1.528615e-11
1.797468 6.999853e-12
1.822785 6.566676e-12
1.848101 8.783249e-12
1.873418 1.496321e-11
1.898734 2.590482e-11
1.924051 4.049379e-11
1.949367 5.001728e-11
1.974684 4.914371e-11
2 3.201562e-11
