0.556962 1
0.5822785 1
0.6075949 1
0.6329114 1
0.6582278 1
0.6835443 1
0.7088608 1
0.7341772 1
0.7594937 1
0.7848101 1
0.8101266 1
0.835443 1
0.8607595 1
0.8860759 1
0.9113924 1
0.9367089 1
0.9620253 1
0.9873418 1
1.012658 1
1.037975 1
1.063291 1
1.088608 1
1.113924 1
1.139241 1
1.164557 1
1.189873 1
1.21519 1
1.240506 1
1.265823 1
1.291139 1
1.316456 0.9999999
1.341772 0.9998722
1.367089 0.9842955
1.392405 0.7274064
1.417722 0.1084433
1.443038 0.00304627
1.468354 0.0001307755
1.493671 1.80363e-06
1.518987 5.061624e-09
1.544304 1.430237e-11
1.56962 6.377614e-14
1.594937 8.927987e-16
1.620253 7.696056e-17
1.64557 1.22198e-17
1.670886 3.608697e-18
1.696203 8.991881e-19
1.721519 2.17215e-19
1.746835 5.316466e-20
1.772152 1.25504e-20
1.797468 2.712071e-21
1.822785 5.294847e-22
1.848101 9.464221e-23
1.873418 1.467528e-23
1.898734 1.620554e-24
1.924051 8.637056e-26
1.949367 1.020999e-27
1.974684 3.479203e-31
2 2.699167e-40
