0.5822785 1
0.6075949 1
0.6329114 1
0.6582278 1
0.6835443 1
0.7088608 1
0.7341772 1
0.7594937 1
0.7848101 1
0.8101266 1
0.835443 1
0.8607595 1
0.8860759 1
0.9113924 1
0.9367089 1
0.9620253 1
0.9873418 1
1.012658 1
1.037975 1
1.063291 1
1.088608 1
1.113924 1
1.139241 1
1.164557 1
1.189873 1
1.21519 1
1.240506 1
1.265823 1
1.291139 1
1.316456 0.9999991
1.341772 0.9995631
1.367089 0.9680207
1.392405 0.599696
1.417722 0.04210965
1.443038 0.002868946
1.468354 3.871861e-05
1.493671 2.570356e-07
1.518987 1.231241e-09
1.544304 2.535682e-12
1.56962 1.198922e-14
1.594937 4.528409e-16
1.620253 3.426895e-17
1.64557 9.523381e-18
1.670886 1.886815e-18
1.696203 3.248129e-19
1.721519 5.994303e-20
1.746835 1.246589e-20
1.772152 2.321031e-21
1.797468 2.921357e-22
1.822785 1.954318e-23
1.848101 5.542891e-25
1.873418 5.620163e-27
1.898734 1.755052e-29
1.924051 1.039919e-32
1.949367 3.939294e-37
1.974684 9.528932e-44
2 2.217122e-45
