0.3797468 1
0.4050633 1
0.4303797 1
0.4556962 1
0.4810127 1
0.5063291 1
0.5316456 1
0.556962 1
0.5822785 1
0.6075949 0.9999989
0.6329114 0.9998845
0.6582278 0.9942521
0.6835443 0.8755625
0.7088608 0.2345147
0.7341772 0.002318825
0.7594937 6.448533e-05
0.7848101 5.300685e-06
0.8101266 5.236124e-07
0.835443 1.208918e-08
0.8607595 2.707964e-10
0.8860759 8.254454e-12
0.9113924 7.012164e-13
0.9367089 5.871392e-14
0.9620253 4.880443e-15
0.9873418 1.028417e-15
1.012658 2.464644e-16
1.037975 4.66835e-17
1.063291 6.845751e-18
1.088608 7.596752e-19
1.113924 6.18087e-20
1.139241 3.538857e-21
1.164557 1.351225e-22
1.189873 3.176179e-24
1.21519 4.085547e-26
1.240506 2.450784e-28
1.265823 5.69464e-31
1.291139 4.3608e-34
1.316456 7.672156e-38
1.341772 2.695109e-42
1.367089 1.364313e-47
1.392405 1.050669e-53
1.417722 1.289767e-59
1.443038 2.855405e-64
1.468354 8.320825e-66
1.493671 3.45519e-67
1.518987 1.464372e-68
1.544304 6.529175e-70
1.56962 3.026327e-71
1.594937 1.425142e-72
1.620253 6.772056e-74
1.64557 3.269699e-75
1.670886 1.622986e-76
1.696203 8.362401e-78
1.721519 4.473288e-79
1.746835 2.453756e-80
1.772152 1.351112e-81
1.797468 7.270376e-83
1.822785 3.704063e-84
1.848101 1.72555e-85
1.873418 7.091964e-87
1.898734 2.476605e-88
1.924051 7.02307e-90
1.949367 1.514303e-91
1.974684 2.207731e-93
2 1.633926e-95
