0.02531646 1
0.05063291 1
0.07594937 1
0.1012658 1
0.1265823 1
0.1518987 1
0.1772152 0.9999999
0.2025316 0.9999999
0.2278481 1
0.2531646 1
0.278481 0.9999988
0.3037975 0.9999107
0.3291139 0.9952754
0.3544304 0.983538
0.3797468 0.9906047
0.4050633 0.995914
0.4303797 0.9581367
0.4556962 0.8298729
0.4810127 0.8298542
0.5063291 0.9693988
0.5316456 0.7836577
0.556962 0.9588001
0.5822785 0.99262
0.6075949 0.8835851
0.6329114 0.940611
0.6582278 0.9933464
0.6835443 0.9855645
0.7088608 0.733383
0.7341772 0.2182156
0.7594937 0.02326182
0.7848101 0.004180324
0.8101266 0.0003360757
0.835443 2.380463e-05
0.8607595 1.491958e-05
0.8860759 0.0001488538
0.9113924 0.000569833
0.9367089 0.0005674437
0.9620253 4.211576e-06
0.9873418 2.279206e-07
1.012658 2.180743e-06
1.037975 1.511547e-06
1.063291 1.285906e-07
1.088608 7.862692e-10
1.113924 6.139232e-10
1.139241 5.973028e-10
1.164557 9.787153e-10
1.189873 3.907736e-09
1.21519 1.399987e-07
1.240506 8.461426e-08
1.265823 6.914648e-09
1.291139 8.21765e-10
1.316456 2.048299e-09
1.341772 1.890807e-08
1.367089 3.797099e-08
1.392405 1.406654e-08
1.417722 1.312291e-08
1.443038 1.669359e-07
1.468354 4.038889e-07
1.493671 1.896693e-06
1.518987 1.047982e-06
1.544304 5.259026e-08
1.56962 2.232595e-09
1.594937 4.71983e-09
1.620253 1.848345e-08
1.64557 1.331834e-08
1.670886 3.030229e-09
1.696203 3.657316e-10
1.721519 1.55999e-11
1.746835 2.879542e-13
1.772152 2.711736e-14
1.797468 1.210488e-14
1.822785 4.997209e-15
1.848101 1.944988e-15
1.873418 9.120641e-16
1.898734 5.435597e-16
1.924051 3.250524e-16
1.949367 1.838202e-16
1.974684 9.030967e-17
2 2.885596e-17
