0.07594937 1
0.1012658 1
0.1265823 1
0.1518987 1
0.1772152 1
0.2025316 1
0.2278481 1
0.2531646 1
0.278481 1
0.3037975 1
0.3291139 1
0.3544304 1
0.3797468 1
0.4050633 1
0.4303797 1
0.4556962 1
0.4810127 1
0.5063291 1
0.5316456 1
0.556962 1
0.5822785 0.9999961
0.6075949 0.9991226
0.6329114 0.9718244
0.6582278 0.7753512
0.6835443 0.2643617
0.7088608 0.02750243
0.7341772 0.001376339
0.7594937 0.0005062635
0.7848101 0.0001158534
0.8101266 2.617919e-06
0.835443 2.204102e-08
0.8607595 2.623018e-11
0.8860759 1.094642e-11
0.9113924 1.506499e-11
0.9367089 6.462786e-12
0.9620253 1.209685e-12
0.9873418 2.16778e-13
1.012658 2.371628e-14
1.037975 2.127573e-15
1.063291 4.427676e-16
1.088608 1.298601e-16
1.113924 8.026183e-17
1.139241 4.526667e-17
1.164557 2.255269e-17
1.189873 9.841379e-18
1.21519 3.665613e-18
1.240506 1.121251e-18
1.265823 2.689172e-19
1.291139 4.743251e-20
1.316456 5.497024e-21
1.341772 3.322157e-22
1.367089 5.320242e-24
1.392405 1.597853e-31
1.417722 4.42515e-37
1.443038 3.218584e-37
1.468354 1.983706e-37
1.493671 1.025157e-37
1.518987 4.401146e-38
1.544304 1.557967e-38
1.56962 4.523919e-39
1.594937 1.074568e-39
1.620253 2.086632e-40
1.64557 3.315566e-41
1.670886 4.319061e-42
1.696203 4.625375e-43
1.721519 4.09435e-44
1.746835 3.044182e-45
1.772152 2.012805e-46
1.797468 1.416746e-47
1.822785 1.408523e-48
1.848101 1.919597e-49
1.873418 2.690194e-50
1.898734 3.260073e-51
1.924051 3.135163e-52
1.949367 2.209592e-53
1.974684 1.006669e-54
2 2.209709e-56
