0.02531646 1
0.05063291 1
0.07594937 1
0.1012658 1
0.1265823 1
0.1518987 1
0.1772152 1
0.2025316 0.9999973
0.2278481 0.9999981
0.2531646 1
0.278481 1
0.3037975 1
0.3291139 0.9999804
0.3544304 0.9788894
0.3797468 0.9988223
0.4050633 0.9995208
0.4303797 0.9857146
0.4556962 0.9874307
0.4810127 0.9986169
0.5063291 0.9997925
0.5316456 0.8936407
0.556962 0.9752467
0.5822785 0.9995879
0.6075949 0.9996785
0.6329114 0.9991589
0.6582278 0.9993124
0.6835443 0.9875795
0.7088608 0.8760942
0.7341772 0.1806805
0.7594937 0.02117706
0.7848101 0.00290167
0.8101266 5.599017e-05
0.835443 2.525999e-06
0.8607595 5.766658e-08
0.8860759 4.343804e-07
0.9113924 1.86989e-06
0.9367089 1.123623e-06
0.9620253 5.984609e-07
0.9873418 9.30183e-08
1.012658 6.224549e-08
1.037975 7.112472e-08
1.063291 6.269986e-08
1.088608 3.914185e-08
1.113924 6.369646e-07
1.139241 7.071555e-06
1.164557 9.573204e-06
1.189873 8.401682e-06
1.21519 2.367465e-06
1.240506 1.836886e-07
1.265823 4.51603e-09
1.291139 2.096635e-09
1.316456 7.576296e-09
1.341772 6.0884e-09
1.367089 1.235912e-09
1.392405 8.06007e-10
1.417722 4.70717e-10
1.443038 5.711813e-11
1.468354 4.764755e-12
1.493671 5.179241e-13
1.518987 4.257073e-14
1.544304 4.621891e-15
1.56962 6.864456e-16
1.594937 8.181747e-17
1.620253 1.677709e-17
1.64557 4.352369e-18
1.670886 9.462664e-19
1.696203 1.821782e-19
1.721519 3.211958e-20
1.746835 5.317822e-21
1.772152 8.518467e-22
1.797468 1.373204e-22
1.822785 2.307567e-23
1.848101 4.088758e-24
1.873418 7.626349e-25
1.898734 1.487753e-25
1.924051 3.038267e-26
1.949367 6.557438e-27
1.974684 1.503301e-27
2 3.698747e-28
