0.02531646 0.9999998
0.05063291 0.9999999
0.07594937 1
0.1012658 1
0.1265823 1
0.1518987 1
0.1772152 1
0.2025316 1
0.2278481 1
0.2531646 1
0.278481 1
0.3037975 0.9999997
0.3291139 0.9999955
0.3544304 0.9999883
0.3797468 1
0.4050633 1
0.4303797 1
0.4556962 0.9999983
0.4810127 0.9999401
0.5063291 0.9999338
0.5316456 0.9903926
0.556962 0.9678223
0.5822785 0.798415
0.6075949 0.8837861
0.6329114 0.9919296
0.6582278 0.9998788
0.6835443 0.999238
0.7088608 0.9912582
0.7341772 0.7174814
0.7594937 0.0962515
0.7848101 0.004124146
0.8101266 0.0001531554
0.835443 2.141368e-05
0.8607595 2.837301e-06
0.8860759 6.328428e-07
0.9113924 6.329571e-07
0.9367089 6.330625e-07
0.9620253 6.331688e-07
0.9873418 2.811357e-06
1.012658 0.0001326412
1.037975 7.701051e-05
1.063291 8.621877e-06
1.088608 9.174621e-08
1.113924 1.041997e-09
1.139241 1.998474e-09
1.164557 7.943919e-10
1.189873 5.58706e-10
1.21519 5.763537e-10
1.240506 6.091659e-10
1.265823 5.704318e-10
1.291139 7.440467e-10
1.316456 2.521063e-09
1.341772 4.083674e-09
1.367089 2.740405e-09
1.392405 1.396047e-09
1.417722 1.06354e-09
1.443038 1.17307e-09
1.468354 1.001213e-09
1.493671 1.002935e-09
1.518987 2.292299e-09
1.544304 5.166059e-09
1.56962 4.912875e-08
1.594937 9.425648e-07
1.620253 9.23979e-06
1.64557 1.730034e-05
1.670886 4.643178e-06
1.696203 2.075922e-07
1.721519 9.608019e-10
1.746835 7.690126e-12
1.772152 4.543653e-12
1.797468 3.053939e-12
1.822785 2.03566e-12
1.848101 1.157741e-12
1.873418 3.252614e-13
1.898734 1.32628e-14
1.924051 8.423206e-16
1.949367 5.913071e-16
1.974684 3.78032e-16
2 1.641791e-16
