0.3544304 1
0.3797468 1
0.4050633 1
0.4303797 1
0.4556962 1
0.4810127 1
0.5063291 1
0.5316456 1
0.556962 1
0.5822785 0.9999977
0.6075949 0.9999231
0.6329114 0.9965606
0.6582278 0.8993292
0.6835443 0.2745833
0.7088608 0.004338092
0.7341772 0.0001191627
0.7594937 9.961233e-06
0.7848101 6.804523e-07
0.8101266 1.577337e-08
0.835443 4.650808e-10
0.8607595 1.651118e-11
0.8860759 1.034511e-12
0.9113924 7.446335e-14
0.9367089 6.91332e-15
0.9620253 1.346049e-15
0.9873418 3.526994e-16
1.012658 7.421784e-17
1.037975 1.228039e-17
1.063291 1.562942e-18
1.088608 1.485893e-19
1.113924 1.017116e-20
1.139241 4.792178e-22
1.164557 1.454804e-23
1.189873 2.569933e-25
1.21519 2.30857e-27
1.240506 8.884445e-30
1.265823 1.283114e-32
1.291139 5.195162e-36
1.316456 4.464707e-40
1.341772 6.960778e-45
1.367089 1.218088e-50
1.392405 1.11523e-56
1.417722 3.396456e-62
1.443038 1.049302e-64
1.468354 3.696461e-66
1.493671 1.475627e-67
1.518987 6.092924e-69
1.544304 2.630798e-70
1.56962 1.1656e-71
1.594937 5.238352e-73
1.620253 2.401647e-74
1.64557 1.138084e-75
1.670886 5.638316e-77
1.696203 2.932801e-78
1.721519 1.594377e-79
1.746835 8.956319e-81
1.772152 5.120134e-82
1.797468 2.925494e-83
1.822785 1.631747e-84
1.848101 8.603217e-86
1.873418 4.118759e-87
1.898734 1.709902e-88
1.924051 5.83224e-90
1.949367 1.519611e-91
1.974684 2.675871e-93
2 2.382296e-95
