0.05063291 1
0.07594937 1
0.1012658 1
0.1265823 1
0.1518987 1
0.1772152 1
0.2025316 1
0.2278481 1
0.2531646 0.9999991
0.278481 0.9994258
0.3037975 0.9608413
0.3291139 0.5850933
0.3544304 0.06302031
0.3797468 0.002569725
0.4050633 0.0001476008
0.4303797 8.808844e-06
0.4556962 4.440739e-07
0.4810127 2.06436e-08
0.5063291 3.800937e-09
0.5316456 8.204197e-10
0.556962 2.043056e-10
0.5822785 5.843811e-11
0.6075949 1.192648e-11
0.6329114 1.830362e-12
0.6582278 2.345246e-13
0.6835443 3.211795e-14
0.7088608 7.857402e-15
0.7341772 3.804935e-15
0.7594937 2.269283e-15
0.7848101 1.322751e-15
0.8101266 7.225291e-16
0.835443 3.685818e-16
0.8607595 1.737118e-16
0.8860759 7.475983e-17
0.9113924 2.91796e-17
0.9367089 1.035506e-17
0.9620253 3.393973e-18
0.9873418 1.055919e-18
1.012658 3.191002e-19
1.037975 9.307511e-20
1.063291 2.518107e-20
1.088608 6.015415e-21
1.113924 1.221474e-21
1.139241 2.056692e-22
1.164557 2.816739e-23
1.189873 3.075961e-24
1.21519 2.620166e-25
1.240506 1.699197e-26
1.265823 8.165496e-28
1.291139 2.852323e-29
1.316456 1.198031e-30
1.341772 6.50211e-31
1.367089 7.190217e-31
1.392405 7.611156e-31
1.417722 7.603626e-31
1.443038 7.169211e-31
1.468354 6.378851e-31
1.493671 5.353451e-31
1.518987 4.234342e-31
1.544304 3.152537e-31
1.56962 2.205574e-31
1.594937 1.446829e-31
1.620253 8.874718e-32
1.64557 5.073071e-32
1.670886 2.691527e-32
1.696203 1.318918e-32
1.721519 5.934605e-33
1.746835 2.43491e-33
1.772152 9.032946e-34
1.797468 2.99895e-34
1.822785 8.797886e-35
1.848101 2.244204e-35
1.873418 4.874078e-36
1.898734 8.758859e-37
1.924051 1.249698e-37
1.949367 1.326606e-38
1.974684 9.309303e-40
2 3.23754e-41
