0.4050633 1
0.4303797 1
0.4556962 1
0.4810127 1
0.5063291 1
0.5316456 1
0.556962 1
0.5822785 1
0.6075949 1
0.6329114 1
0.6582278 1
0.6835443 1
0.7088608 1
0.7341772 1
0.7594937 1
0.7848101 1
0.8101266 1
0.835443 1
0.8607595 1
0.8860759 1
0.9113924 1
0.9367089 1
0.9620253 1
0.9873418 1
1.012658 1
1.037975 1
1.063291 1
1.088608 1
1.113924 1
1.139241 1
1.164557 1
1.189873 1
1.21519 1
1.240506 1
1.265823 1
1.291139 1
1.316456 1
1.341772 0.9999933
1.367089 0.9981616
1.392405 0.9366963
1.417722 0.4102367
1.443038 0.03739028
1.468354 0.0007082446
1.493671 5.354838e-06
1.518987 2.127467e-08
1.544304 2.154222e-11
1.56962 3.738531e-15
1.594937 1.612399e-19
1.620253 3.957044e-21
1.64557 1.114502e-38
1.670886 4.959889e-75
1.696203 4.163027e-108
1.721519 9.670951e-115
1.746835 3.892951e-116
1.772152 1.147952e-118
1.797468 2.880108e-120
1.822785 8.188099e-122
1.848101 3.914712e-123
1.873418 4.244869e-124
1.898734 5.093223e-125
1.924051 4.481268e-126
1.949367 2.169181e-127
1.974684 3.20912e-129
2 1.196947e-132
