0.4050633 1
0.4303797 1
0.4556962 1
0.4810127 1
0.5063291 1
0.5316456 1
0.556962 1
0.5822785 1
0.6075949 1
0.6329114 1
0.6582278 1
0.6835443 1
0.7088608 1
0.7341772 1
0.7594937 1
0.7848101 1
0.8101266 1
0.835443 1
0.8607595 1
0.8860759 1
0.9113924 1
0.9367089 1
0.9620253 1
0.9873418 1
1.012658 1
1.037975 1
1.063291 1
1.088608 1
1.113924 1
1.139241 1
1.164557 1
1.189873 1
1.21519 1
1.240506 1
1.265823 1
1.291139 1
1.316456 1
1.341772 0.9999999
1.367089 0.9999909
1.392405 0.9998867
1.417722 0.9991762
1.443038 0.9936871
1.468354 0.8230103
1.493671 0.1849312
1.518987 0.009410839
1.544304 0.0001017699
1.56962 2.146747e-07
1.594937 8.64456e-11
1.620253 7.734335e-15
1.64557 8.247512e-19
1.670886 3.22802e-19
1.696203 2.093803e-19
1.721519 1.086509e-19
1.746835 4.122729e-20
1.772152 8.563758e-21
1.797468 1.595685e-22
1.822785 4.792665e-100
1.848101 1.7871e-99
1.873418 3.518312e-99
1.898734 4.1081e-99
1.924051 2.982233e-99
1.949367 1.347097e-99
1.974684 3.551809e-100
2 4.296384e-101
