0.7341772 1
0.7594937 1
0.7848101 1
0.8101266 1
0.835443 1
0.8607595 1
0.8860759 1
0.9113924 1
0.9367089 1
0.9620253 1
0.9873418 1
1.012658 1
1.037975 1
1.063291 1
1.088608 1
1.113924 1
1.139241 1
1.164557 1
1.189873 1
1.21519 0.9999793
1.240506 0.9960412
1.265823 0.8795236
1.291139 0.2761955
1.316456 0.005961667
1.341772 0.0002274258
1.367089 7.987758e-06
1.392405 1.132844e-07
1.417722 2.332053e-09
1.443038 3.035934e-11
1.468354 3.631742e-13
1.493671 6.84888e-15
1.518987 8.130563e-16
1.544304 1.294432e-16
1.56962 1.406669e-17
1.594937 1.240527e-18
1.620253 1.79499e-19
1.64557 3.245883e-20
1.670886 4.780934e-21
1.696203 5.674858e-22
1.721519 4.921224e-23
1.746835 2.686659e-24
1.772152 7.649567e-26
1.797468 8.941549e-28
1.822785 3.170056e-30
1.848101 2.302091e-33
1.873418 1.845117e-37
1.898734 6.152281e-43
1.924051 1.986165e-48
1.949367 1.695235e-50
1.974684 6.265391e-54
2 1.114304e-62
