0.02531646 1
0.05063291 1
0.07594937 1
0.1012658 1
0.1265823 1
0.1518987 1
0.1772152 1
0.2025316 0.999986
0.2278481 0.9979148
0.2531646 0.9270766
0.278481 0.09370121
0.3037975 0.00539288
0.3291139 0.0006637607
0.3544304 0.0001573092
0.3797468 1.411361e-05
0.4050633 1.221299e-05
0.4303797 7.087967e-06
0.4556962 1.755551e-06
0.4810127 2.901073e-06
0.5063291 7.44661e-05
0.5316456 0.0005057369
0.556962 0.002620643
0.5822785 0.003243224
0.6075949 0.003000122
0.6329114 0.001531004
0.6582278 0.0004902831
0.6835443 5.508406e-05
0.7088608 2.145958e-06
0.7341772 1.533178e-06
0.7594937 7.310793e-06
0.7848101 2.10576e-05
0.8101266 1.900371e-05
0.835443 1.365688e-05
0.8607595 5.900422e-06
0.8860759 6.645586e-06
0.9113924 7.553683e-05
0.9367089 0.000403083
0.9620253 0.0001671745
0.9873418 0.0001726293
1.012658 0.0009368776
1.037975 0.002281329
1.063291 0.002268507
1.088608 0.00058809
1.113924 2.814345e-05
1.139241 4.605031e-07
1.164557 3.108571e-07
1.189873 3.109459e-07
1.21519 3.110339e-07
1.240506 5.785636e-07
1.265823 2.051204e-05
1.291139 0.0003705113
1.316456 0.001585681
1.341772 0.0018871
1.367089 0.001551677
1.392405 0.0007298254
1.417722 0.000161625
1.443038 3.886018e-05
1.468354 6.062271e-06
1.493671 3.917732e-07
1.518987 2.310438e-07
1.544304 3.692585e-07
1.56962 8.950224e-07
1.594937 5.699134e-06
1.620253 9.438676e-06
1.64557 1.125795e-05
1.670886 1.218794e-05
1.696203 6.759052e-06
1.721519 1.036747e-06
1.746835 9.038484e-07
1.772152 9.038484e-07
1.797468 2.667684e-06
1.822785 1.214747e-05
1.848101 1.2193e-05
1.873418 3.831173e-06
1.898734 4.321832e-07
1.924051 3.107664e-08
1.949367 2.491898e-09
1.974684 9.618159e-09
2 7.040259e-07
