0.1012658 1
0.1265823 1
0.1518987 1
0.1772152 1
0.2025316 1
0.2278481 1
0.2531646 1
0.278481 1
0.3037975 1
0.3291139 1
0.3544304 1
0.3797468 1
0.4050633 1
0.4303797 1
0.4556962 1
0.4810127 1
0.5063291 1
0.5316456 1
0.556962 1
0.5822785 1
0.6075949 1
0.6329114 1
0.6582278 0.9999999
0.6835443 0.9999984
0.7088608 0.9997425
0.7341772 0.9718141
0.7594937 0.6321406
0.7848101 0.07838558
0.8101266 0.01268818
0.835443 0.000580202
0.8607595 1.680819e-06
0.8860759 7.550836e-10
0.9113924 1.522606e-11
0.9367089 2.5706e-11
0.9620253 2.610134e-11
0.9873418 1.457779e-11
1.012658 3.905935e-12
1.037975 3.689309e-13
1.063291 8.28168e-15
1.088608 3.732242e-16
1.113924 2.573318e-16
1.139241 1.861339e-16
1.164557 1.134264e-16
1.189873 5.882607e-17
1.21519 2.619296e-17
1.240506 9.962442e-18
1.265823 3.144411e-18
1.291139 7.690148e-19
1.316456 1.30404e-19
1.341772 1.270337e-20
1.367089 4.209064e-22
1.392405 6.164304e-33
1.417722 3.845352e-38
1.443038 5.101344e-38
1.468354 5.620173e-38
1.493671 5.134848e-38
1.518987 3.88606e-38
1.544304 2.433845e-38
1.56962 1.260847e-38
1.594937 5.403557e-39
1.620253 1.917445e-39
1.64557 5.642013e-40
1.670886 1.378994e-40
1.696203 2.803691e-41
1.721519 4.744347e-42
1.746835 6.676209e-43
1.772152 7.792021e-44
1.797468 7.508529e-45
1.822785 5.935341e-46
1.848101 3.818004e-47
1.873418 1.980486e-48
1.898734 8.204691e-50
1.924051 2.686818e-51
1.949367 6.837366e-53
1.974684 1.275332e-54
2 1.367503e-56
