0.4050633 1
0.4303797 1
0.4556962 1
0.4810127 1
0.5063291 1
0.5316456 1
0.556962 1
0.5822785 1
0.6075949 1
0.6329114 1
0.6582278 1
0.6835443 1
0.7088608 1
0.7341772 1
0.7594937 1
0.7848101 1
0.8101266 1
0.835443 1
0.8607595 1
0.8860759 1
0.9113924 1
0.9367089 1
0.9620253 1
0.9873418 1
1.012658 1
1.037975 1
1.063291 1
1.088608 1
1.113924 1
1.139241 1
1.164557 1
1.189873 1
1.21519 1
1.240506 1
1.265823 1
1.291139 1
1.316456 1
1.341772 0.9999995
1.367089 0.9999239
1.392405 0.9987901
1.417722 0.9888952
1.443038 0.7440547
1.468354 0.1472463
1.493671 0.007857771
1.518987 0.0001168288
1.544304 4.40761e-07
1.56962 3.846931e-10
1.594937 7.392803e-14
1.620253 8.784631e-18
1.64557 2.964727e-19
1.670886 1.71203e-19
1.696203 7.676678e-20
1.721519 2.403738e-20
1.746835 3.693104e-21
1.772152 1.051692e-30
1.797468 6.527657e-112
1.822785 1.101302e-112
1.848101 4.04048e-113
1.873418 9.039636e-114
1.898734 1.112307e-114
1.924051 7.427464e-116
1.949367 2.584154e-117
1.974684 4.132635e-119
2 1.897256e-121
