0.4050633 1
0.4303797 1
0.4556962 1
0.4810127 1
0.5063291 1
0.5316456 1
0.556962 1
0.5822785 1
0.6075949 1
0.6329114 0.9999949
0.6582278 0.9984089
0.6835443 0.9378428
0.7088608 0.5289873
0.7341772 0.04889929
0.7594937 0.001032022
0.7848101 2.886098e-05
0.8101266 2.297473e-06
0.835443 2.39738e-07
0.8607595 6.018303e-09
0.8860759 1.239521e-10
0.9113924 4.515913e-12
0.9367089 4.379081e-13
0.9620253 3.495926e-14
0.9873418 3.034954e-15
1.012658 7.038621e-16
1.037975 1.532221e-16
1.063291 2.606934e-17
1.088608 3.390515e-18
1.113924 3.286059e-19
1.139241 2.290863e-20
1.164557 1.094592e-21
1.189873 3.354689e-23
1.21519 5.97638e-25
1.240506 5.415738e-27
1.265823 2.077257e-29
1.291139 2.791835e-32
1.316456 1.062482e-35
1.341772 8.058606e-40
1.367089 1.180635e-44
1.392405 2.274211e-50
1.417722 1.45388e-56
1.443038 2.55433e-62
1.468354 1.912919e-65
1.493671 8.187196e-67
1.518987 3.52927e-68
1.544304 1.589407e-69
1.56962 7.554021e-71
1.594937 3.694302e-72
1.620253 1.82002e-73
1.64557 8.997295e-75
1.670886 4.484219e-76
1.696203 2.271139e-77
1.721519 1.181777e-78
1.746835 6.368161e-80
1.772152 3.522144e-81
1.797468 1.938993e-82
1.822785 1.020962e-83
1.848101 4.959684e-85
1.873418 2.154059e-86
1.898734 8.085992e-88
1.924051 2.507334e-89
1.949367 5.991727e-91
1.974684 9.757557e-93
2 8.081184e-95
