0.5316456 1
0.556962 1
0.5822785 1
0.6075949 1
0.6329114 1
0.6582278 1
0.6835443 1
0.7088608 1
0.7341772 1
0.7594937 1
0.7848101 1
0.8101266 0.9999737
0.835443 0.9939123
0.8607595 0.8221645
0.8860759 0.1760323
0.9113924 0.00956283
0.9367089 0.000456945
0.9620253 1.881277e-05
0.9873418 6.526645e-07
1.012658 1.437489e-08
1.037975 3.084904e-10
1.063291 6.53041e-12
1.088608 2.681159e-13
1.113924 1.065244e-14
1.139241 1.159229e-15
1.164557 2.369664e-16
1.189873 3.986503e-17
1.21519 5.462964e-18
1.240506 5.900513e-19
1.265823 4.784695e-20
1.291139 2.74335e-21
1.316456 1.045773e-22
1.341772 2.509817e-24
1.367089 3.525855e-26
1.392405 2.668846e-28
1.417722 1.059087e-30
1.443038 2.28092e-33
1.468354 2.761146e-36
1.493671 2.011054e-39
1.518987 1.044737e-42
1.544304 4.062214e-46
1.56962 9.906324e-50
1.594937 1.166044e-53
1.620253 4.453182e-58
1.64557 3.662692e-63
1.670886 5.968347e-69
1.696203 3.077884e-71
1.721519 1.667997e-72
1.746835 8.368416e-74
1.772152 3.757577e-75
1.797468 1.485458e-76
1.822785 5.184456e-78
1.848101 1.630641e-79
1.873418 4.755051e-81
1.898734 1.296955e-82
1.924051 3.176106e-84
1.949367 6.345845e-86
1.974684 8.871261e-88
2 6.344236e-90
