0.1518987 1
0.1772152 1
0.2025316 1
0.2278481 1
0.2531646 1
0.278481 1
0.3037975 1
0.3291139 1
0.3544304 1
0.3797468 1
0.4050633 1
0.4303797 1
0.4556962 1
0.4810127 1
0.5063291 1
0.5316456 1
0.556962 1
0.5822785 1
0.6075949 0.9999999
0.6329114 0.9999992
0.6582278 0.999992
0.6835443 0.9999209
0.7088608 0.9988017
0.7341772 0.9591778
0.7594937 0.3724552
0.7848101 0.02990201
0.8101266 0.000480816
0.835443 1.469474e-06
0.8607595 8.777832e-10
0.8860759 2.737214e-11
0.9113924 3.141929e-11
0.9367089 2.986958e-11
0.9620253 1.760069e-11
0.9873418 4.107883e-12
1.012658 2.627581e-13
1.037975 4.737003e-15
1.063291 4.334485e-16
1.088608 3.367536e-16
1.113924 2.603579e-16
1.139241 1.763556e-16
1.164557 1.06372e-16
1.189873 5.721427e-17
1.21519 2.726846e-17
1.240506 1.136983e-17
1.265823 4.061366e-18
1.291139 1.201182e-18
1.316456 2.759039e-19
1.341772 4.222393e-20
1.367089 2.171042e-21
1.392405 1.295646e-38
1.417722 2.028136e-41
1.443038 5.23835e-41
1.468354 9.752203e-41
1.493671 1.394121e-40
1.518987 1.588089e-40
1.544304 1.476791e-40
1.56962 1.140332e-40
1.594937 7.405437e-41
1.620253 4.085137e-41
1.64557 1.929474e-41
1.670886 7.851064e-42
1.696203 2.76446e-42
1.721519 8.445449e-43
1.746835 2.239859e-43
1.772152 5.148238e-44
1.797468 1.021014e-44
1.822785 1.733963e-45
1.848101 2.492355e-46
1.873418 2.98034e-47
1.898734 2.890697e-48
1.924051 2.188175e-49
1.949367 1.213995e-50
1.974684 4.393001e-52
2 7.781885e-54
