0.6075949 1
0.6329114 1
0.6582278 1
0.6835443 1
0.7088608 1
0.7341772 1
0.7594937 1
0.7848101 1
0.8101266 1
0.835443 1
0.8607595 1
0.8860759 1
0.9113924 1
0.9367089 0.9999999
0.9620253 0.9999203
0.9873418 0.9901113
1.012658 0.7938966
1.037975 0.1392184
1.063291 0.003246209
1.088608 0.0001323689
1.113924 4.455292e-06
1.139241 7.582826e-08
1.164557 1.292054e-09
1.189873 1.304531e-11
1.21519 3.998621e-13
1.240506 1.55405e-14
1.265823 1.632494e-15
1.291139 4.855839e-16
1.316456 1.303082e-16
1.341772 2.986858e-17
1.367089 5.604529e-18
1.392405 8.330482e-19
1.417722 9.634252e-20
1.443038 8.673664e-21
1.468354 6.221213e-22
1.493671 3.605998e-23
1.518987 1.584003e-24
1.544304 4.990765e-26
1.56962 1.1167e-27
1.594937 1.795336e-29
1.620253 2.125782e-31
1.64557 1.480707e-33
1.670886 3.925152e-36
1.696203 5.557845e-39
1.721519 6.368197e-42
1.746835 2.80377e-45
1.772152 2.213684e-49
1.797468 2.279136e-54
1.822785 3.449003e-59
1.848101 1.349345e-63
1.873418 3.838011e-67
1.898734 3.077509e-71
1.924051 2.627773e-76
1.949367 1.078727e-78
1.974684 1.59947e-80
2 1.726341e-82
