0.4303797 1
0.4556962 1
0.4810127 1
0.5063291 1
0.5316456 1
0.556962 1
0.5822785 1
0.6075949 1
0.6329114 1
0.6582278 1
0.6835443 1
0.7088608 1
0.7341772 1
0.7594937 1
0.7848101 1
0.8101266 1
0.835443 1
0.8607595 1
0.8860759 1
0.9113924 1
0.9367089 1
0.9620253 1
0.9873418 1
1.012658 1
1.037975 1
1.063291 1
1.088608 1
1.113924 1
1.139241 1
1.164557 1
1.189873 1
1.21519 1
1.240506 1
1.265823 1
1.291139 1
1.316456 1
1.341772 0.9999999
1.367089 0.9999922
1.392405 0.9991739
1.417722 0.9541275
1.443038 0.5273381
1.468354 0.02978807
1.493671 0.0009440454
1.518987 2.041273e-05
1.544304 6.119788e-08
1.56962 4.26682e-11
1.594937 2.269288e-14
1.620253 1.184848e-15
1.64557 2.276502e-17
1.670886 3.811408e-18
1.696203 1.964948e-18
1.721519 9.17163e-19
1.746835 3.775899e-19
1.772152 1.348613e-19
1.797468 4.215374e-20
1.822785 1.156025e-20
1.848101 2.870932e-21
1.873418 6.587166e-22
1.898734 1.445857e-22
1.924051 3.146524e-23
1.949367 6.554979e-24
1.974684 1.038198e-24
2 5.111327e-26
