0.07594937 1
0.1012658 1
0.1265823 1
0.1518987 1
0.1772152 1
0.2025316 1
0.2278481 1
0.2531646 1
0.278481 1
0.3037975 1
0.3291139 1
0.3544304 1
0.3797468 1
0.4050633 1
0.4303797 0.9999999
0.4556962 0.9999988
0.4810127 0.999989
0.5063291 0.9996735
0.5316456 0.9877539
0.556962 0.8059002
0.5822785 0.1767643
0.6075949 0.01117127
0.6329114 0.0004968126
0.6582278 3.166556e-05
0.6835443 3.749285e-06
0.7088608 5.976404e-07
0.7341772 6.521719e-08
0.7594937 4.330595e-09
0.7848101 2.04978e-10
0.8101266 8.059711e-12
0.835443 3.082416e-12
0.8607595 1.615319e-12
0.8860759 2.814198e-13
0.9113924 3.451048e-14
0.9367089 6.514031e-15
0.9620253 2.184047e-15
0.9873418 9.760438e-16
1.012658 3.571891e-16
1.037975 1.15385e-16
1.063291 4.312812e-17
1.088608 2.148828e-17
1.113924 1.100214e-17
1.139241 5.00017e-18
1.164557 1.976184e-18
1.189873 6.65552e-19
1.21519 1.86103e-19
1.240506 4.168562e-20
1.265823 7.097049e-21
1.291139 8.479158e-22
1.316456 6.243982e-23
1.341772 2.202294e-24
1.367089 1.677527e-26
1.392405 1.771728e-31
1.417722 2.45062e-37
1.443038 1.008336e-37
1.468354 3.469949e-38
1.493671 9.907354e-39
1.518987 2.335674e-39
1.544304 4.547399e-40
1.56962 7.398676e-41
1.594937 1.056669e-41
1.620253 1.547096e-42
1.64557 3.000518e-43
1.670886 7.827829e-44
1.696203 2.170948e-44
1.721519 5.535525e-45
1.746835 1.239148e-45
1.772152 2.398484e-46
1.797468 3.977199e-47
1.822785 5.59575e-48
1.848101 6.600396e-49
1.873418 6.424625e-50
1.898734 5.048605e-51
1.924051 3.09929e-52
1.949367 1.406662e-53
1.974684 4.237678e-55
2 6.411509e-57
