0.02531646 1
0.05063291 1
0.07594937 1
0.1012658 1
0.1265823 1
0.1518987 1
0.1772152 1
0.2025316 0.9999992
0.2278481 0.9999908
0.2531646 0.9997368
0.278481 0.9840266
0.3037975 0.68771
0.3291139 0.05633708
0.3544304 0.0181829
0.3797468 0.1715185
0.4050633 0.6324901
0.4303797 0.4350205
0.4556962 0.110569
0.4810127 0.1933016
0.5063291 0.05284616
0.5316456 0.007228871
0.556962 0.0003216201
0.5822785 0.0003335592
0.6075949 0.002464705
0.6329114 0.006175254
0.6582278 0.002831386
0.6835443 0.0004392416
0.7088608 4.692226e-05
0.7341772 1.104085e-05
0.7594937 0.0001083352
0.7848101 0.0005494909
0.8101266 0.0009771232
0.835443 0.0006540869
0.8607595 0.0001553988
0.8860759 0.000223908
0.9113924 0.0006092274
0.9367089 0.0008129773
0.9620253 0.0007536551
0.9873418 0.0003047335
1.012658 5.397419e-05
1.037975 5.29846e-06
1.063291 5.369851e-07
1.088608 1.950444e-07
1.113924 5.381274e-08
1.139241 2.478444e-08
1.164557 1.216667e-08
1.189873 1.761862e-08
1.21519 5.454959e-09
1.240506 7.269513e-10
1.265823 7.025809e-10
1.291139 6.169741e-10
1.316456 4.704842e-10
1.341772 1.411908e-09
1.367089 7.639646e-07
1.392405 1.29828e-05
1.417722 0.0001788631
1.443038 0.0001566353
1.468354 6.154467e-05
1.493671 7.453354e-06
1.518987 3.035307e-07
1.544304 1.106093e-08
1.56962 9.143869e-09
1.594937 3.019021e-08
1.620253 2.529616e-08
1.64557 1.07415e-08
1.670886 1.536186e-09
1.696203 1.542544e-10
1.721519 7.835115e-11
1.746835 6.839372e-11
1.772152 6.263273e-11
1.797468 5.705089e-11
1.822785 6.360067e-11
1.848101 1.043581e-10
1.873418 2.740849e-10
1.898734 5.097847e-10
1.924051 4.545341e-10
1.949367 1.444152e-10
1.974684 6.25067e-12
2 5.42788e-13
