0.07594937 1
0.1012658 1
0.1265823 1
0.1518987 1
0.1772152 1
0.2025316 1
0.2278481 1
0.2531646 1
0.278481 0.9999998
0.3037975 0.9998035
0.3291139 0.9814726
0.3544304 0.7108708
0.3797468 0.08560996
0.4050633 0.00325788
0.4303797 0.0001752883
0.4556962 9.247731e-06
0.4810127 7.887775e-07
0.5063291 2.000231e-07
0.5316456 5.112687e-08
0.556962 9.592852e-09
0.5822785 1.358266e-09
0.6075949 2.312097e-10
0.6329114 5.562657e-11
0.6582278 1.08886e-11
0.6835443 1.647972e-12
0.7088608 2.276014e-13
0.7341772 4.250482e-14
0.7594937 1.20297e-14
0.7848101 4.551938e-15
0.8101266 2.466369e-15
0.835443 1.406436e-15
0.8607595 7.572399e-16
0.8860759 3.793711e-16
0.9113924 1.741632e-16
0.9367089 7.284838e-17
0.9620253 2.813575e-17
0.9873418 1.042474e-17
1.012658 3.894266e-18
1.037975 1.491224e-18
1.063291 5.607728e-19
1.088608 1.938696e-19
1.113924 5.863005e-20
1.139241 1.504804e-20
1.164557 3.200291e-21
1.189873 5.491959e-22
1.21519 7.367215e-23
1.240506 7.431345e-24
1.265823 5.370822e-25
1.291139 2.614974e-26
1.316456 7.902745e-28
1.341772 1.317905e-29
1.367089 9.693038e-32
1.392405 1.000841e-34
1.417722 1.838111e-37
1.443038 1.424157e-37
1.468354 1.056717e-37
1.493671 7.453198e-38
1.518987 4.966553e-38
1.544304 3.111395e-38
1.56962 1.825138e-38
1.594937 9.990015e-39
1.620253 5.085515e-39
1.64557 2.399425e-39
1.670886 1.045204e-39
1.696203 4.184502e-40
1.721519 1.531361e-40
1.746835 5.089262e-41
1.772152 1.523722e-41
1.797468 4.069662e-42
1.822785 9.577915e-43
1.848101 1.955352e-43
1.873418 3.392017e-44
1.898734 4.860782e-45
1.924051 5.523235e-46
1.949367 4.664781e-47
1.974684 2.602543e-48
2 7.19249e-50
