0.7594937 1
0.7848101 1
0.8101266 1
0.835443 1
0.8607595 1
0.8860759 1
0.9113924 1
0.9367089 1
0.9620253 1
0.9873418 1
1.012658 1
1.037975 1
1.063291 1
1.088608 1
1.113924 1
1.139241 1
1.164557 1
1.189873 1
1.21519 1
1.240506 0.9999999
1.265823 0.9999282
1.291139 0.9900691
1.316456 0.7888827
1.341772 0.1327048
1.367089 0.003444784
1.392405 0.000141367
1.417722 3.043922e-06
1.443038 7.896824e-08
1.468354 4.480997e-10
1.493671 1.719006e-12
1.518987 2.413833e-14
1.544304 1.121808e-15
1.56962 1.413984e-16
1.594937 1.181479e-17
1.620253 1.545803e-18
1.64557 3.278723e-19
1.670886 5.816732e-20
1.696203 9.253738e-21
1.721519 1.225338e-21
1.746835 1.15586e-22
1.772152 6.457827e-24
1.797468 1.715592e-25
1.822785 1.652081e-27
1.848101 4.141736e-30
1.873418 1.696845e-33
1.898734 5.187203e-38
1.924051 2.853646e-44
1.949367 1.568089e-47
1.974684 7.469828e-50
2 1.450386e-55
