0.02531646 1
0.05063291 1
0.07594937 1
0.1012658 1
0.1265823 1
0.1518987 1
0.1772152 1
0.2025316 0.9999988
0.2278481 0.9999992
0.2531646 0.9999999
0.278481 0.9999999
0.3037975 0.9999974
0.3291139 0.9968397
0.3544304 0.9998217
0.3797468 0.999985
0.4050633 0.9997786
0.4303797 0.9999966
0.4556962 0.9999974
0.4810127 0.9999629
0.5063291 0.9995497
0.5316456 0.9989513
0.556962 0.9988873
0.5822785 0.9999722
0.6075949 0.9993371
0.6329114 0.9920874
0.6582278 0.9340623
0.6835443 0.9704025
0.7088608 0.7862189
0.7341772 0.1261609
0.7594937 0.003572847
0.7848101 2.754152e-05
0.8101266 5.989322e-07
0.835443 5.341775e-08
0.8607595 5.035443e-09
0.8860759 5.035443e-09
0.9113924 5.313649e-09
0.9367089 7.72479e-09
0.9620253 9.18015e-08
0.9873418 3.150354e-07
1.012658 6.966794e-07
1.037975 1.098902e-08
1.063291 1.466771e-09
1.088608 9.79101e-10
1.113924 9.791004e-10
1.139241 9.790997e-10
1.164557 9.79099e-10
1.189873 6.195762e-09
1.21519 6.660762e-08
1.240506 9.260588e-08
1.265823 5.600768e-09
1.291139 4.598338e-09
1.316456 4.387592e-09
1.341772 1.518616e-09
1.367089 7.046267e-10
1.392405 3.512201e-10
1.417722 9.760535e-11
1.443038 1.606924e-11
1.468354 2.905622e-12
1.493671 5.09073e-13
1.518987 4.490527e-14
1.544304 1.876597e-15
1.56962 1.679296e-16
1.594937 1.44142e-17
1.620253 3.299426e-18
1.64557 6.801674e-19
1.670886 1.153452e-19
1.696203 1.712009e-20
1.721519 2.302929e-21
1.746835 2.87687e-22
1.772152 3.421059e-23
1.797468 3.996964e-24
1.822785 4.783725e-25
1.848101 6.083254e-26
1.873418 8.370674e-27
1.898734 1.253852e-27
1.924051 2.029273e-28
1.949367 3.500411e-29
1.974684 6.344129e-30
2 1.198587e-30
