0.02531646 1
0.05063291 1
0.07594937 1
0.1012658 1
0.1265823 1
0.1518987 1
0.1772152 1
0.2025316 1
0.2278481 0.9999996
0.2531646 0.9999888
0.278481 0.999932
0.3037975 0.9992139
0.3291139 0.9905692
0.3544304 0.9917261
0.3797468 0.9813727
0.4050633 0.8702267
0.4303797 0.376378
0.4556962 0.9841219
0.4810127 0.9884813
0.5063291 0.9695498
0.5316456 0.988428
0.556962 0.976158
0.5822785 0.6733144
0.6075949 0.0821567
0.6329114 0.002441143
0.6582278 0.0001239901
0.6835443 6.726255e-06
0.7088608 3.509943e-07
0.7341772 1.888526e-08
0.7594937 1.028377e-09
0.7848101 4.338028e-10
0.8101266 4.109395e-10
0.835443 4.109395e-10
0.8607595 4.109395e-10
0.8860759 4.109395e-10
0.9113924 4.109395e-10
0.9367089 7.926898e-10
0.9620253 4.778588e-09
0.9873418 3.171193e-09
1.012658 1.936073e-08
1.037975 1.050053e-06
1.063291 2.17109e-05
1.088608 8.572381e-05
1.113924 0.0001357591
1.139241 0.0001357591
1.164557 9.220131e-05
1.189873 5.511652e-06
1.21519 3.188756e-07
1.240506 2.376822e-08
1.265823 1.775384e-09
1.291139 4.588023e-10
1.316456 3.98795e-10
1.341772 4.901682e-10
1.367089 7.233348e-10
1.392405 9.697636e-10
1.417722 7.847005e-10
1.443038 5.513729e-10
1.468354 2.554757e-10
1.493671 4.934491e-11
1.518987 1.656013e-12
1.544304 6.939074e-13
1.56962 6.547059e-12
1.594937 6.659562e-11
1.620253 3.633291e-10
1.64557 9.476545e-10
1.670886 1.271102e-09
1.696203 8.53122e-10
1.721519 5.05943e-10
1.746835 4.504937e-10
1.772152 3.71931e-10
1.797468 2.396391e-10
1.822785 1.501943e-10
1.848101 1.571936e-10
1.873418 2.366203e-10
1.898734 4.216261e-10
1.924051 9.119423e-10
1.949367 1.484226e-09
1.974684 1.354832e-09
2 5.446078e-10
