0.3037975 1
0.3291139 1
0.3544304 1
0.3797468 1
0.4050633 1
0.4303797 1
0.4556962 1
0.4810127 1
0.5063291 0.9999999
0.5316456 0.9999096
0.556962 0.9905247
0.5822785 0.8333711
0.6075949 0.213388
0.6329114 0.009779269
0.6582278 0.0002801306
0.6835443 1.028871e-05
0.7088608 9.767939e-07
0.7341772 9.595374e-08
0.7594937 2.871601e-09
0.7848101 1.019029e-10
0.8101266 5.992809e-12
0.835443 4.475912e-13
0.8607595 3.77466e-14
0.8860759 4.224427e-15
0.9113924 1.145508e-15
0.9367089 3.38524e-16
0.9620253 8.312772e-17
0.9873418 1.639582e-17
1.012658 2.523965e-18
1.037975 2.983795e-19
1.063291 2.630085e-20
1.088608 1.647799e-21
1.113924 6.883418e-23
1.139241 1.777126e-24
1.164557 2.615268e-26
1.189873 1.976155e-28
1.21519 6.87158e-31
1.240506 8.705204e-34
1.265823 3.002679e-37
1.291139 2.60916e-41
1.316456 3.515879e-46
1.341772 7.521468e-52
1.367089 2.041038e-57
1.392405 1.451495e-61
1.417722 1.210591e-63
1.443038 1.64991e-65
1.468354 1.44337e-66
1.493671 3.67044e-67
1.518987 1.136871e-67
1.544304 3.29719e-68
1.56962 8.722069e-69
1.594937 2.103953e-69
1.620253 4.633311e-70
1.64557 9.316548e-71
1.670886 1.708892e-71
1.696203 2.853368e-72
1.721519 4.321934e-73
1.746835 5.90864e-74
1.772152 7.241664e-75
1.797468 7.88661e-76
1.822785 7.545276e-77
1.848101 6.247492e-78
1.873418 4.388567e-79
1.898734 2.544148e-80
1.924051 1.169099e-81
1.949367 3.993984e-83
1.974684 9.020237e-85
2 1.010391e-86
