0.02531646 1
0.05063291 1
0.07594937 1
0.1012658 1
0.1265823 1
0.1518987 1
0.1772152 1
0.2025316 1
0.2278481 1
0.2531646 0.9999988
0.278481 0.9998196
0.3037975 0.9985346
0.3291139 0.9991577
0.3544304 0.9996433
0.3797468 0.9999939
0.4050633 0.9999967
0.4303797 0.9999319
0.4556962 0.9857824
0.4810127 0.9433134
0.5063291 0.974579
0.5316456 0.998978
0.556962 0.999041
0.5822785 0.975832
0.6075949 0.9863031
0.6329114 0.9821337
0.6582278 0.9977632
0.6835443 0.9788027
0.7088608 0.7743458
0.7341772 0.2773407
0.7594937 0.01408678
0.7848101 0.000403717
0.8101266 2.427137e-05
0.835443 2.758121e-05
0.8607595 0.0001250355
0.8860759 5.44973e-05
0.9113924 9.605359e-07
0.9367089 6.223763e-09
0.9620253 1.082889e-08
0.9873418 2.056401e-07
1.012658 3.119201e-07
1.037975 7.631185e-08
1.063291 8.004229e-08
1.088608 6.44562e-07
1.113924 4.038876e-06
1.139241 1.383648e-05
1.164557 1.209407e-06
1.189873 3.589082e-08
1.21519 2.31059e-08
1.240506 2.700184e-08
1.265823 2.799348e-08
1.291139 4.760694e-10
1.316456 4.595514e-10
1.341772 6.780242e-10
1.367089 7.473447e-10
1.392405 6.895832e-10
1.417722 1.686529e-10
1.443038 1.780399e-11
1.468354 6.697396e-13
1.493671 8.413673e-16
1.518987 1.202397e-16
1.544304 1.607076e-17
1.56962 2.72267e-18
1.594937 4.527728e-19
1.620253 6.323511e-20
1.64557 7.817056e-21
1.670886 9.1427e-22
1.696203 1.06427e-22
1.721519 1.304374e-23
1.746835 1.774404e-24
1.772152 2.689644e-25
1.797468 4.301042e-26
1.822785 6.799497e-27
1.848101 1.021084e-27
1.873418 1.4344e-28
1.898734 1.879185e-29
1.924051 2.308312e-30
1.949367 2.686309e-31
1.974684 2.999194e-32
2 3.166794e-33
