0.4050633 1
0.4303797 1
0.4556962 1
0.4810127 1
0.5063291 1
0.5316456 1
0.556962 1
0.5822785 1
0.6075949 1
0.6329114 1
0.6582278 1
0.6835443 1
0.7088608 1
0.7341772 1
0.7594937 1
0.7848101 1
0.8101266 1
0.835443 1
0.8607595 1
0.8860759 1
0.9113924 1
0.9367089 1
0.9620253 1
0.9873418 1
1.012658 1
1.037975 1
1.063291 1
1.088608 1
1.113924 1
1.139241 1
1.164557 1
1.189873 1
1.21519 1
1.240506 1
1.265823 1
1.291139 1
1.316456 1
1.341772 0.9999906
1.367089 0.9971328
1.392405 0.8908733
1.417722 0.3061749
1.443038 0.01176931
1.468354 0.0002185569
1.493671 3.060062e-06
1.518987 6.971421e-09
1.544304 5.174455e-13
1.56962 5.383751e-19
1.594937 3.495352e-41
1.620253 7.235284e-73
1.64557 2.05854e-81
1.670886 5.762166e-111
1.696203 1.509198e-116
1.721519 1.540292e-117
1.746835 1.69573e-118
1.772152 7.038466e-120
1.797468 1.859663e-121
1.822785 4.260722e-123
1.848101 1.363336e-124
1.873418 8.856396e-126
1.898734 6.127091e-127
1.924051 2.831976e-128
1.949367 6.029299e-130
1.974684 2.575404e-132
2 5.171753e-137
