0.02531646 0.9999999
0.05063291 1
0.07594937 1
0.1012658 1
0.1265823 1
0.1518987 1
0.1772152 1
0.2025316 1
0.2278481 1
0.2531646 1
0.278481 1
0.3037975 1
0.3291139 1
0.3544304 0.9999999
0.3797468 0.9999464
0.4050633 0.9999912
0.4303797 0.9999967
0.4556962 0.9999963
0.4810127 0.9999833
0.5063291 0.9999917
0.5316456 0.9999046
0.556962 0.9997949
0.5822785 0.9873806
0.6075949 0.970175
0.6329114 0.9701752
0.6582278 0.9985815
0.6835443 0.9985536
0.7088608 0.9252681
0.7341772 0.2551554
0.7594937 0.03339973
0.7848101 0.00108315
0.8101266 0.0001616862
0.835443 1.395002e-05
0.8607595 3.525945e-05
0.8860759 6.436179e-05
0.9113924 6.607237e-06
0.9367089 8.964952e-07
0.9620253 1.030346e-06
0.9873418 3.206426e-06
1.012658 1.173893e-07
1.037975 1.502502e-07
1.063291 6.369422e-08
1.088608 6.369422e-08
1.113924 3.944188e-07
1.139241 5.654796e-06
1.164557 1.243694e-05
1.189873 1.762029e-06
1.21519 1.780411e-07
1.240506 1.733803e-08
1.265823 5.124907e-09
1.291139 2.661389e-09
1.316456 3.352266e-09
1.341772 3.71645e-09
1.367089 1.738663e-09
1.392405 5.767262e-10
1.417722 1.090506e-11
1.443038 5.221989e-15
1.468354 7.827217e-16
1.493671 1.403403e-16
1.518987 2.192093e-17
1.544304 3.778815e-18
1.56962 4.89683e-19
1.594937 5.407379e-20
1.620253 6.197816e-21
1.64557 8.125399e-22
1.670886 1.213964e-22
1.696203 2.013003e-23
1.721519 3.519952e-24
1.746835 6.067895e-25
1.772152 9.785477e-26
1.797468 1.432218e-26
1.822785 1.87264e-27
1.848101 2.171239e-28
1.873418 2.229717e-29
1.898734 2.037169e-30
1.924051 1.671124e-31
1.949367 1.247451e-32
1.974684 8.469327e-34
2 4.767862e-35
