0.5316456 1
0.556962 1
0.5822785 1
0.6075949 1
0.6329114 1
0.6582278 1
0.6835443 1
0.7088608 1
0.7341772 1
0.7594937 1
0.7848101 1
0.8101266 0.999944
0.835443 0.9919619
0.8607595 0.826396
0.8860759 0.2400792
0.9113924 0.006268248
0.9367089 0.0002041339
0.9620253 9.080914e-06
0.9873418 3.106917e-07
1.012658 7.075684e-09
1.037975 1.314305e-10
1.063291 3.527743e-12
1.088608 1.549129e-13
1.113924 6.369906e-15
1.139241 8.962954e-16
1.164557 1.767211e-16
1.189873 2.853354e-17
1.21519 3.721769e-18
1.240506 3.781576e-19
1.265823 2.84622e-20
1.291139 1.493241e-21
1.316456 5.138432e-23
1.341772 1.09195e-24
1.367089 1.311695e-26
1.392405 8.171137e-29
1.417722 2.580937e-31
1.443038 4.287529e-34
1.468354 3.901022e-37
1.493671 2.158777e-40
1.518987 8.669652e-44
1.544304 2.516555e-47
1.56962 4.400599e-51
1.594937 3.692684e-55
1.620253 1.038725e-59
1.64557 6.795816e-65
1.670886 3.249909e-70
1.696203 1.417749e-71
1.721519 7.377131e-73
1.746835 3.479572e-74
1.772152 1.461511e-75
1.797468 5.485385e-77
1.822785 1.887125e-78
1.848101 6.17666e-80
1.873418 1.957808e-81
1.898734 5.815405e-83
1.924051 1.497496e-84
1.949367 3.016764e-86
1.974684 4.123459e-88
2 2.831853e-90
