0.3291139 1
0.3544304 1
0.3797468 1
0.4050633 1
0.4303797 1
0.4556962 1
0.4810127 1
0.5063291 1
0.5316456 0.9999998
0.556962 0.9997525
0.5822785 0.971449
0.6075949 0.5691016
0.6329114 0.02664206
0.6582278 0.003852633
0.6835443 0.0003164886
0.7088608 1.095537e-05
0.7341772 7.26421e-07
0.7594937 1.005083e-07
0.7848101 3.325467e-09
0.8101266 1.34349e-10
0.835443 6.95924e-12
0.8607595 4.240164e-13
0.8860759 2.972529e-14
0.9113924 3.611802e-15
0.9367089 1.022141e-15
0.9620253 2.842117e-16
0.9873418 6.356582e-17
1.012658 1.124364e-17
1.037975 1.541556e-18
1.063291 1.598552e-19
1.088608 1.212002e-20
1.113924 6.418222e-22
1.139241 2.219584e-23
1.164557 4.569071e-25
1.189873 5.014458e-27
1.21519 2.570987e-29
1.240506 5.455927e-32
1.265823 3.626129e-35
1.291139 5.75117e-39
1.316456 1.914302e-43
1.341772 7.512761e-49
1.367089 9.217666e-55
1.392405 2.724787e-60
1.417722 2.278126e-63
1.443038 3.269734e-65
1.468354 1.138995e-66
1.493671 4.222487e-68
1.518987 1.632138e-69
1.544304 6.645985e-71
1.56962 3.021406e-72
1.594937 1.899427e-73
1.620253 2.057064e-74
1.64557 3.200697e-75
1.670886 5.406714e-76
1.696203 8.795319e-77
1.721519 1.325044e-77
1.746835 1.818445e-78
1.772152 2.247859e-79
1.797468 2.475574e-80
1.822785 2.398533e-81
1.848101 2.012722e-82
1.873418 1.433283e-83
1.898734 8.423145e-85
1.924051 3.92292e-86
1.949367 1.35781e-87
1.974684 3.105564e-89
2 3.521305e-91
