0.02531646 1
0.05063291 0.9999997
0.07594937 1
0.1012658 1
0.1265823 1
0.1518987 1
0.1772152 1
0.2025316 1
0.2278481 1
0.2531646 1
0.278481 1
0.3037975 1
0.3291139 0.9999997
0.3544304 0.9999957
0.3797468 0.9999994
0.4050633 0.9999994
0.4303797 0.999998
0.4556962 0.9999998
0.4810127 0.9999997
0.5063291 0.9999878
0.5316456 0.9998637
0.556962 0.9992731
0.5822785 0.9955507
0.6075949 0.9911453
0.6329114 0.9878118
0.6582278 0.9994443
0.6835443 0.9997139
0.7088608 0.9791548
0.7341772 0.6148565
0.7594937 0.02144375
0.7848101 0.004590401
0.8101266 0.00103979
0.835443 0.000211765
0.8607595 0.0002877216
0.8860759 8.239466e-05
0.9113924 2.664826e-06
0.9367089 6.870343e-07
0.9620253 1.092692e-06
0.9873418 1.772498e-07
1.012658 4.00249e-08
1.037975 4.112944e-08
1.063291 1.202495e-07
1.088608 1.23868e-08
1.113924 2.001929e-09
1.139241 3.65995e-09
1.164557 7.839229e-09
1.189873 1.058401e-08
1.21519 1.582797e-08
1.240506 7.874379e-09
1.265823 5.76646e-09
1.291139 1.165814e-08
1.316456 2.459324e-08
1.341772 1.010867e-11
1.367089 2.474362e-12
1.392405 9.930266e-13
1.417722 1.684433e-13
1.443038 8.665298e-15
1.468354 4.874569e-16
1.493671 2.858398e-17
1.518987 4.596475e-18
1.544304 6.573937e-19
1.56962 7.793226e-20
1.594937 1.07642e-20
1.620253 1.925754e-21
1.64557 3.899236e-22
1.670886 7.93097e-23
1.696203 1.518638e-23
1.721519 2.643092e-24
1.746835 4.093438e-25
1.772152 5.55338e-26
1.797468 6.519329e-27
1.822785 6.567777e-28
1.848101 5.653178e-29
1.873418 4.151183e-30
1.898734 2.600909e-31
1.924051 1.392157e-32
1.949367 6.346715e-34
1.974684 2.412438e-35
2 7.180919e-37
