0.4050633 1
0.4303797 1
0.4556962 1
0.4810127 1
0.5063291 1
0.5316456 1
0.556962 1
0.5822785 1
0.6075949 1
0.6329114 0.9999974
0.6582278 0.9995935
0.6835443 0.9905992
0.7088608 0.9062711
0.7341772 0.1974224
0.7594937 0.01354531
0.7848101 0.0005961923
0.8101266 3.476988e-05
0.835443 1.427761e-06
0.8607595 2.348908e-08
0.8860759 4.531257e-10
0.9113924 1.316185e-11
0.9367089 1.102292e-12
0.9620253 8.915075e-14
0.9873418 6.019596e-15
1.012658 1.079742e-15
1.037975 2.487805e-16
1.063291 4.50874e-17
1.088608 6.284808e-18
1.113924 6.578525e-19
1.139241 5.005248e-20
1.164557 2.643324e-21
1.189873 9.097717e-23
1.21519 1.865254e-24
1.240506 2.004175e-26
1.265823 9.58635e-29
1.291139 1.653857e-31
1.316456 8.635275e-35
1.341772 9.634008e-39
1.367089 2.123839e-43
1.392405 7.198619e-49
1.417722 4.950217e-55
1.443038 6.334626e-61
1.468354 2.953462e-65
1.493671 1.213802e-66
1.518987 5.277348e-68
1.544304 2.374429e-69
1.56962 1.132364e-70
1.594937 5.607031e-72
1.620253 2.805244e-73
1.64557 1.404555e-74
1.670886 7.050211e-76
1.696203 3.55771e-77
1.721519 1.808897e-78
1.746835 9.31818e-80
1.772152 4.899316e-81
1.797468 2.616161e-82
1.822785 1.377051e-83
1.848101 6.816477e-85
1.873418 3.022666e-86
1.898734 1.147345e-87
1.924051 3.548705e-89
1.949367 8.3554e-91
1.974684 1.329462e-92
2 1.071678e-94
