0.278481 1
0.3037975 1
0.3291139 1
0.3544304 1
0.3797468 1
0.4050633 1
0.4303797 1
0.4556962 1
0.4810127 0.9999713
0.5063291 0.9942182
0.5316456 0.8402087
0.556962 0.1988747
0.5822785 0.005089565
0.6075949 0.0008931191
0.6329114 0.0001778202
0.6582278 1.135144e-05
0.6835443 3.027712e-07
0.7088608 2.64226e-08
0.7341772 8.458151e-10
0.7594937 4.072488e-11
0.7848101 4.088594e-12
0.8101266 3.997555e-13
0.835443 3.487995e-14
0.8607595 3.662494e-15
0.8860759 1.011238e-15
0.9113924 3.014742e-16
0.9367089 7.688308e-17
0.9620253 1.605972e-17
0.9873418 2.657549e-18
1.012658 3.392164e-19
1.037975 3.21762e-20
1.063291 2.157003e-21
1.088608 9.702994e-23
1.113924 2.792415e-24
1.139241 4.873271e-26
1.164557 4.707302e-28
1.189873 2.231726e-30
1.21519 4.126053e-33
1.240506 2.33873e-36
1.265823 3.889343e-40
1.291139 1.277332e-44
1.316456 6.563257e-50
1.341772 2.701166e-55
1.367089 2.878455e-59
1.392405 1.140375e-59
1.417722 6.096091e-60
1.443038 2.884225e-60
1.468354 1.209173e-60
1.493671 4.536065e-61
1.518987 1.534783e-61
1.544304 4.711596e-62
1.56962 1.317706e-62
1.594937 3.36567e-63
1.620253 7.859513e-64
1.64557 1.677783e-64
1.670886 3.270136e-65
1.696203 5.805893e-66
1.721519 9.355066e-67
1.746835 1.36092e-67
1.772152 1.775047e-68
1.797468 2.05718e-69
1.822785 2.094043e-70
1.848101 1.844138e-71
1.873418 1.377095e-72
1.898734 8.480812e-74
1.924051 4.136373e-75
1.949367 1.498251e-76
1.974684 3.583065e-78
2 4.243686e-80
