0.3544304 1
0.3797468 1
0.4050633 1
0.4303797 1
0.4556962 1
0.4810127 1
0.5063291 1
0.5316456 1
0.556962 0.9999997
0.5822785 0.999706
0.6075949 0.9697503
0.6329114 0.5762905
0.6582278 0.03051399
0.6835443 0.004488869
0.7088608 0.0002192796
0.7341772 6.527986e-06
0.7594937 6.096262e-07
0.7848101 8.029668e-08
0.8101266 2.221659e-09
0.835443 7.801627e-11
0.8607595 3.97515e-12
0.8860759 2.564433e-13
0.9113924 2.011626e-14
0.9367089 2.695319e-15
0.9620253 7.49209e-16
0.9873418 1.849054e-16
1.012658 3.636185e-17
1.037975 5.603047e-18
1.063291 6.59864e-19
1.088608 5.754353e-20
1.113924 3.577893e-21
1.139241 1.507907e-22
1.164557 3.984163e-24
1.189873 5.910303e-26
1.21519 4.270559e-28
1.240506 1.300868e-30
1.265823 1.423493e-33
1.291139 3.951558e-37
1.316456 2.39222e-41
1.341772 2.193254e-46
1.367089 2.627515e-52
1.392405 3.77324e-58
1.417722 5.730995e-63
1.443038 6.655357e-65
1.468354 2.355046e-66
1.493671 9.164798e-68
1.518987 3.701204e-69
1.544304 1.555496e-70
1.56962 6.6931e-72
1.594937 2.94588e-73
1.620253 1.350178e-74
1.64557 6.619068e-76
1.670886 3.566126e-77
1.696203 2.147745e-78
1.721519 1.439379e-79
1.746835 1.041883e-80
1.772152 7.786454e-82
1.797468 5.738475e-83
1.822785 4.009021e-84
1.848101 2.566665e-85
1.873418 1.457444e-86
1.898734 7.073996e-88
1.924051 2.798044e-89
1.949367 8.408148e-91
1.974684 1.698711e-92
2 1.724617e-94
