0.2278481 1
0.2531646 1
0.278481 1
0.3037975 1
0.3291139 1
0.3544304 1
0.3797468 1
0.4050633 1
0.4303797 1
0.4556962 0.9999997
0.4810127 0.9999204
0.5063291 0.9967374
0.5316456 0.9576923
0.556962 0.4111994
0.5822785 0.03890551
0.6075949 0.001350564
0.6329114 3.688026e-05
0.6582278 3.8624e-06
0.6835443 3.858955e-07
0.7088608 1.799173e-08
0.7341772 5.544922e-10
0.7594937 3.56994e-11
0.7848101 4.23532e-12
0.8101266 5.855071e-13
0.835443 6.403865e-14
0.8607595 6.715864e-15
0.8860759 1.244561e-15
0.9113924 4.265881e-16
0.9367089 2.161259e-16
0.9620253 8.64318e-17
0.9873418 2.784952e-17
1.012658 7.340391e-18
1.037975 1.593561e-18
1.063291 2.843667e-19
1.088608 4.114947e-20
1.113924 4.677858e-21
1.139241 3.908825e-22
1.164557 2.059906e-23
1.189873 3.989558e-25
1.21519 1.160301e-35
1.240506 2.739103e-39
1.265823 1.378964e-43
1.291139 2.19547e-48
1.316456 3.144443e-49
1.341772 4.474645e-49
1.367089 5.334258e-49
1.392405 5.400321e-49
1.417722 4.699625e-49
1.443038 3.554336e-49
1.468354 2.359407e-49
1.493671 1.386812e-49
1.518987 7.272687e-50
1.544304 3.424113e-50
1.56962 1.45441e-50
1.594937 5.592602e-51
1.620253 1.950924e-51
1.64557 6.178784e-52
1.670886 1.775746e-52
1.696203 4.62269e-53
1.721519 1.086652e-53
1.746835 2.296086e-54
1.772152 4.334007e-55
1.797468 7.247993e-56
1.822785 1.062295e-56
1.848101 1.34483e-57
1.873418 1.441936e-58
1.898734 1.273997e-59
1.924051 8.90944e-61
1.949367 4.62536e-62
1.974684 1.585003e-63
2 2.689357e-65
