0.4050633 1
0.4303797 1
0.4556962 1
0.4810127 1
0.5063291 1
0.5316456 1
0.556962 1
0.5822785 1
0.6075949 1
0.6329114 1
0.6582278 1
0.6835443 1
0.7088608 1
0.7341772 1
0.7594937 1
0.7848101 1
0.8101266 1
0.835443 1
0.8607595 1
0.8860759 1
0.9113924 1
0.9367089 1
0.9620253 1
0.9873418 1
1.012658 1
1.037975 1
1.063291 1
1.088608 1
1.113924 1
1.139241 1
1.164557 1
1.189873 1
1.21519 1
1.240506 1
1.265823 1
1.291139 1
1.316456 1
1.341772 0.9999997
1.367089 0.9999951
1.392405 0.9998625
1.417722 0.9867619
1.443038 0.7433434
1.468354 0.08923034
1.493671 0.001776857
1.518987 5.706669e-05
1.544304 4.959315e-07
1.56962 6.756001e-10
1.594937 2.477401e-13
1.620253 5.146406e-16
1.64557 3.360707e-19
1.670886 1.377171e-19
1.696203 7.107437e-20
1.721519 2.757959e-20
1.746835 6.982278e-21
1.772152 8.092361e-22
1.797468 7.459247e-25
1.822785 5.595403e-71
1.848101 1.229138e-70
1.873418 2.260032e-70
1.898734 3.344309e-70
1.924051 3.787396e-70
1.949367 3.054123e-70
1.974684 1.549519e-70
2 3.691382e-71
