0.02531646 1
0.05063291 1
0.07594937 1
0.1012658 1
0.1265823 1
0.1518987 1
0.1772152 1
0.2025316 0.9999986
0.2278481 0.9999999
0.2531646 1
0.278481 1
0.3037975 1
0.3291139 0.9999801
0.3544304 0.9905295
0.3797468 0.9983134
0.4050633 0.9953087
0.4303797 0.9520685
0.4556962 0.980282
0.4810127 0.99884
0.5063291 0.999824
0.5316456 0.9121312
0.556962 0.9961789
0.5822785 0.9996028
0.6075949 0.9962584
0.6329114 0.9932864
0.6582278 0.9992634
0.6835443 0.9881519
0.7088608 0.6488088
0.7341772 0.1964424
0.7594937 0.02154392
0.7848101 0.002592463
0.8101266 4.154648e-05
0.835443 8.425827e-07
0.8607595 8.993751e-08
0.8860759 4.560985e-07
0.9113924 3.737701e-07
0.9367089 3.692933e-08
0.9620253 1.422327e-08
0.9873418 3.945521e-08
1.012658 3.035753e-07
1.037975 5.404959e-07
1.063291 8.937601e-08
1.088608 1.589878e-07
1.113924 3.20282e-06
1.139241 7.890957e-06
1.164557 7.882945e-06
1.189873 3.241599e-06
1.21519 6.894609e-07
1.240506 5.786987e-08
1.265823 3.178832e-09
1.291139 3.695138e-09
1.316456 8.437847e-09
1.341772 3.463204e-09
1.367089 1.21858e-09
1.392405 1.043859e-09
1.417722 3.739956e-10
1.443038 3.244802e-11
1.468354 4.276324e-12
1.493671 4.447274e-13
1.518987 4.162456e-14
1.544304 4.260783e-15
1.56962 5.888596e-16
1.594937 6.383624e-17
1.620253 1.328445e-17
1.64557 3.356958e-18
1.670886 7.06144e-19
1.696203 1.310285e-19
1.721519 2.218008e-20
1.746835 3.508761e-21
1.772152 5.333587e-22
1.797468 8.094437e-23
1.822785 1.275718e-23
1.848101 2.125816e-24
1.873418 3.754305e-25
1.898734 6.98265e-26
1.924051 1.362026e-26
1.949367 2.808444e-27
1.974684 6.153225e-28
2 1.442691e-28
