0.7594937 1
0.7848101 1
0.8101266 1
0.835443 1
0.8607595 1
0.8860759 1
0.9113924 1
0.9367089 1
0.9620253 1
0.9873418 1
1.012658 1
1.037975 1
1.063291 1
1.088608 1
1.113924 1
1.139241 1
1.164557 1
1.189873 1
1.21519 1
1.240506 0.9999707
1.265823 0.995027
1.291139 0.8616769
1.316456 0.2374185
1.341772 0.004993025
1.367089 0.0001450666
1.392405 4.347879e-06
1.417722 7.928626e-08
1.443038 1.430569e-09
1.468354 7.408674e-12
1.493671 7.035366e-14
1.518987 2.371311e-15
1.544304 3.663267e-16
1.56962 4.241825e-17
1.594937 3.632985e-18
1.620253 5.11229e-19
1.64557 1.003492e-19
1.670886 1.634933e-20
1.696203 2.25179e-21
1.721519 2.392095e-22
1.746835 1.687151e-23
1.772152 6.574169e-25
1.797468 1.125512e-26
1.822785 6.348577e-29
1.848101 8.209533e-32
1.873418 1.408184e-35
1.898734 1.306906e-40
1.924051 4.018267e-47
1.949367 4.635187e-49
1.974684 5.781475e-52
2 2.580678e-59
