/*--------------------------------*- C++ -*----------------------------------*\
| =========                 |                                                 |
| \\      /  F ield         | foam-extend: Open Source CFD                    |
|  \\    /   O peration     | Version:     3.1                                |
|   \\  /    A nd           | Web:         http://www.extend-project.de       |
|    \\/     M anipulation  |                                                 |
\*---------------------------------------------------------------------------*/
FoamFile
{
    version     2.0;
    format      ascii;
    class       volVectorField;
    location    "38";
    object      HU;
}
// * * * * * * * * * * * * * * * * * * * * * * * * * * * * * * * * * * * * * //

dimensions      [0 2 -1 0 0 0 0];

internalField   nonuniform List<vector> 
2539
(
(0.624831 0 0)
(0.624657 0 0)
(0.624663 0 0)
(0.624663 0 0)
(0.624662 0 0)
(0.624662 0 0)
(0.624661 0 0)
(0.624661 0 0)
(0.62466 0 0)
(0.62466 0 0)
(0.62466 0 0)
(0.624659 0 0)
(0.624659 0 0)
(0.624658 0 0)
(0.624658 0 0)
(0.624657 0 0)
(0.624657 0 0)
(0.624656 0 0)
(0.624656 0 0)
(0.624655 0 0)
(0.624655 0 0)
(0.624654 0 0)
(0.624654 0 0)
(0.624654 0 0)
(0.624653 0 0)
(0.624653 0 0)
(0.624652 0 0)
(0.624652 0 0)
(0.624651 0 0)
(0.624651 0 0)
(0.62465 0 0)
(0.62465 0 0)
(0.624649 0 0)
(0.624649 0 0)
(0.624648 0 0)
(0.624648 0 0)
(0.624647 0 0)
(0.624647 0 0)
(0.624646 0 0)
(0.624646 0 0)
(0.624645 0 0)
(0.624645 0 0)
(0.624644 0 0)
(0.624644 0 0)
(0.624643 0 0)
(0.624643 0 0)
(0.624642 0 0)
(0.624642 0 0)
(0.624641 0 0)
(0.624641 0 0)
(0.62464 0 0)
(0.62464 0 0)
(0.624639 0 0)
(0.624639 0 0)
(0.624638 0 0)
(0.624637 0 0)
(0.624637 0 0)
(0.624636 0 0)
(0.624636 0 0)
(0.624635 0 0)
(0.624635 0 0)
(0.624634 0 0)
(0.624634 0 0)
(0.624633 0 0)
(0.624633 0 0)
(0.624632 0 0)
(0.624632 0 0)
(0.624631 0 0)
(0.62463 0 0)
(0.62463 0 0)
(0.624629 0 0)
(0.624629 0 0)
(0.624628 0 0)
(0.624628 0 0)
(0.624627 0 0)
(0.624626 0 0)
(0.624626 0 0)
(0.624625 0 0)
(0.624625 0 0)
(0.624624 0 0)
(0.624624 0 0)
(0.624623 0 0)
(0.624622 0 0)
(0.624622 0 0)
(0.624621 0 0)
(0.624621 0 0)
(0.62462 0 0)
(0.624619 0 0)
(0.624619 0 0)
(0.624618 0 0)
(0.624618 0 0)
(0.624617 0 0)
(0.624616 0 0)
(0.624616 0 0)
(0.624615 0 0)
(0.624614 0 0)
(0.624614 0 0)
(0.624613 0 0)
(0.624613 0 0)
(0.624612 0 0)
(0.624611 0 0)
(0.624611 0 0)
(0.62461 0 0)
(0.624609 0 0)
(0.624609 0 0)
(0.624608 0 0)
(0.624607 0 0)
(0.624607 0 0)
(0.624606 0 0)
(0.624605 0 0)
(0.624605 0 0)
(0.624604 0 0)
(0.624603 0 0)
(0.624603 0 0)
(0.624602 0 0)
(0.624601 0 0)
(0.624601 0 0)
(0.6246 0 0)
(0.624599 0 0)
(0.624599 0 0)
(0.624598 0 0)
(0.624597 0 0)
(0.624597 0 0)
(0.624596 0 0)
(0.624595 0 0)
(0.624595 0 0)
(0.624594 0 0)
(0.624593 0 0)
(0.624592 0 0)
(0.624592 0 0)
(0.624591 0 0)
(0.62459 0 0)
(0.624589 0 0)
(0.624589 0 0)
(0.624588 0 0)
(0.624587 0 0)
(0.624587 0 0)
(0.624586 0 0)
(0.624585 0 0)
(0.624584 0 0)
(0.624583 0 0)
(0.624583 0 0)
(0.624582 0 0)
(0.624581 0 0)
(0.62458 0 0)
(0.62458 0 0)
(0.624579 0 0)
(0.624578 0 0)
(0.624577 0 0)
(0.624576 0 0)
(0.624576 0 0)
(0.624575 0 0)
(0.624574 0 0)
(0.624573 0 0)
(0.624572 0 0)
(0.624572 0 0)
(0.624571 0 0)
(0.62457 0 0)
(0.624569 0 0)
(0.624568 0 0)
(0.624567 0 0)
(0.624567 0 0)
(0.624566 0 0)
(0.624565 0 0)
(0.624564 0 0)
(0.624563 0 0)
(0.624562 0 0)
(0.624561 0 0)
(0.624561 0 0)
(0.62456 0 0)
(0.624559 0 0)
(0.624558 0 0)
(0.624557 0 0)
(0.624556 0 0)
(0.624555 0 0)
(0.624554 0 0)
(0.624553 0 0)
(0.624552 0 0)
(0.624552 0 0)
(0.624551 0 0)
(0.62455 0 0)
(0.624549 0 0)
(0.624548 0 0)
(0.624547 0 0)
(0.624336 0 0)
(0.624423 0 0)
(0.624843 0 0)
(0.624865 0 0)
(0.624866 0 0)
(0.624866 0 0)
(0.624866 0 0)
(0.624866 0 0)
(0.624866 0 0)
(0.624866 0 0)
(0.624866 0 0)
(0.624866 0 0)
(0.624866 0 0)
(0.624866 0 0)
(0.624866 0 0)
(0.624865 0 0)
(0.624865 0 0)
(0.624865 0 0)
(0.624865 0 0)
(0.624865 0 0)
(0.624865 0 0)
(0.624865 0 0)
(0.624865 0 0)
(0.624865 0 0)
(0.624865 0 0)
(0.624865 0 0)
(0.624864 0 0)
(0.624864 0 0)
(0.624864 0 0)
(0.624864 0 0)
(0.624864 0 0)
(0.624864 0 0)
(0.624864 0 0)
(0.624864 0 0)
(0.624864 0 0)
(0.624864 0 0)
(0.624864 0 0)
(0.624863 0 0)
(0.624863 0 0)
(0.624863 0 0)
(0.624863 0 0)
(0.624863 0 0)
(0.624863 0 0)
(0.624863 0 0)
(0.624863 0 0)
(0.624863 0 0)
(0.624863 0 0)
(0.624863 0 0)
(0.624862 0 0)
(0.624862 0 0)
(0.624862 0 0)
(0.624862 0 0)
(0.624862 0 0)
(0.624862 0 0)
(0.624862 0 0)
(0.624862 0 0)
(0.624862 0 0)
(0.624862 0 0)
(0.624862 0 0)
(0.624861 0 0)
(0.624861 0 0)
(0.624861 0 0)
(0.624861 0 0)
(0.624861 0 0)
(0.624861 0 0)
(0.624861 0 0)
(0.624861 0 0)
(0.624861 0 0)
(0.624861 0 0)
(0.624861 0 0)
(0.62486 0 0)
(0.62486 0 0)
(0.62486 0 0)
(0.62486 0 0)
(0.62486 0 0)
(0.62486 0 0)
(0.62486 0 0)
(0.62486 0 0)
(0.62486 0 0)
(0.62486 0 0)
(0.624859 0 0)
(0.624859 0 0)
(0.624859 0 0)
(0.624859 0 0)
(0.624859 0 0)
(0.624859 0 0)
(0.624859 0 0)
(0.624859 0 0)
(0.624859 0 0)
(0.624859 0 0)
(0.624858 0 0)
(0.624858 0 0)
(0.624858 0 0)
(0.624858 0 0)
(0.624858 0 0)
(0.624858 0 0)
(0.624858 0 0)
(0.624858 0 0)
(0.624858 0 0)
(0.624858 0 0)
(0.624857 0 0)
(0.624857 0 0)
(0.624857 0 0)
(0.624857 0 0)
(0.624857 0 0)
(0.624857 0 0)
(0.624857 0 0)
(0.624857 0 0)
(0.624857 0 0)
(0.624857 0 0)
(0.624856 0 0)
(0.624856 0 0)
(0.624856 0 0)
(0.624856 0 0)
(0.624856 0 0)
(0.624856 0 0)
(0.624856 0 0)
(0.624856 0 0)
(0.624856 0 0)
(0.624855 0 0)
(0.624855 0 0)
(0.624855 0 0)
(0.624855 0 0)
(0.624855 0 0)
(0.624855 0 0)
(0.624855 0 0)
(0.624855 0 0)
(0.624855 0 0)
(0.624855 0 0)
(0.624854 0 0)
(0.624854 0 0)
(0.624854 0 0)
(0.624854 0 0)
(0.624854 0 0)
(0.624854 0 0)
(0.624854 0 0)
(0.624854 0 0)
(0.624854 0 0)
(0.624853 0 0)
(0.624853 0 0)
(0.624853 0 0)
(0.624853 0 0)
(0.624853 0 0)
(0.624853 0 0)
(0.624853 0 0)
(0.624853 0 0)
(0.624853 0 0)
(0.624852 0 0)
(0.624852 0 0)
(0.624852 0 0)
(0.624852 0 0)
(0.624852 0 0)
(0.624852 0 0)
(0.624852 0 0)
(0.624852 0 0)
(0.624852 0 0)
(0.624851 0 0)
(0.624851 0 0)
(0.624851 0 0)
(0.624851 0 0)
(0.624851 0 0)
(0.624851 0 0)
(0.624851 0 0)
(0.624851 0 0)
(0.624851 0 0)
(0.62485 0 0)
(0.62485 0 0)
(0.62485 0 0)
(0.62485 0 0)
(0.62485 0 0)
(0.62485 0 0)
(0.62485 0 0)
(0.62485 0 0)
(0.624849 0 0)
(0.624849 0 0)
(0.624849 0 0)
(0.624849 0 0)
(0.624849 0 0)
(0.624849 0 0)
(0.624849 0 0)
(0.624849 0 0)
(0.624848 0 0)
(0.624848 0 0)
(0.624848 0 0)
(0.624848 0 0)
(0.624848 0 0)
(0.624848 0 0)
(0.624848 0 0)
(0.624848 0 0)
(0.624848 0 0)
(0.624847 0 0)
(0.624847 0 0)
(0.624847 0 0)
(0.624847 0 0)
(0.624847 0 0)
(0.624847 0 0)
(0.624847 0 0)
(0.624846 0 0)
(0.624853 0 0)
(0.624722 0 0)
(0.627348 0 0)
(0.597419 0 0)
(0.604911 0 0)
(0.612976 0 0)
(0.617567 0 0)
(0.619828 0 0)
(0.621022 0 0)
(0.621702 0 0)
(0.622118 0 0)
(0.622393 0 0)
(0.622588 0 0)
(0.622734 0 0)
(0.622848 0 0)
(0.622942 0 0)
(0.623021 0 0)
(0.623089 0 0)
(0.623148 0 0)
(0.623201 0 0)
(0.623248 0 0)
(0.62329 0 0)
(0.623328 0 0)
(0.623364 0 0)
(0.623396 0 0)
(0.623426 0 0)
(0.623453 0 0)
(0.623479 0 0)
(0.623503 0 0)
(0.623525 0 0)
(0.623546 0 0)
(0.623565 0 0)
(0.623584 0 0)
(0.623601 0 0)
(0.623618 0 0)
(0.623633 0 0)
(0.623648 0 0)
(0.623662 0 0)
(0.623675 0 0)
(0.623688 0 0)
(0.6237 0 0)
(0.623711 0 0)
(0.623722 0 0)
(0.623732 0 0)
(0.623742 0 0)
(0.623751 0 0)
(0.62376 0 0)
(0.623769 0 0)
(0.623777 0 0)
(0.623785 0 0)
(0.623792 0 0)
(0.623799 0 0)
(0.623806 0 0)
(0.623812 0 0)
(0.623818 0 0)
(0.623824 0 0)
(0.62383 0 0)
(0.623835 0 0)
(0.62384 0 0)
(0.623844 0 0)
(0.623849 0 0)
(0.623853 0 0)
(0.623857 0 0)
(0.62386 0 0)
(0.623863 0 0)
(0.623866 0 0)
(0.623869 0 0)
(0.623871 0 0)
(0.623873 0 0)
(0.623874 0 0)
(0.623875 0 0)
(0.623876 0 0)
(0.623877 0 0)
(0.623877 0 0)
(0.623876 0 0)
(0.623875 0 0)
(0.623873 0 0)
(0.623871 0 0)
(0.623868 0 0)
(0.623865 0 0)
(0.62386 0 0)
(0.623855 0 0)
(0.623848 0 0)
(0.62384 0 0)
(0.62383 0 0)
(0.623819 0 0)
(0.623805 0 0)
(0.623788 0 0)
(0.623768 0 0)
(0.623744 0 0)
(0.623715 0 0)
(0.623678 0 0)
(0.623633 0 0)
(0.623577 0 0)
(0.623507 0 0)
(0.623419 0 0)
(0.623309 0 0)
(0.623174 0 0)
(0.623009 0 0)
(0.622812 0 0)
(0.622587 0 0)
(0.622346 0 0)
(0.622116 0 0)
(0.621714 0 0)
(0.62196 0 0)
(0.622167 0 0)
(0.622343 0 0)
(0.622495 0 0)
(0.622628 0 0)
(0.622745 0 0)
(0.622848 0 0)
(0.622941 0 0)
(0.623024 0 0)
(0.623099 0 0)
(0.623168 0 0)
(0.62323 0 0)
(0.623288 0 0)
(0.623341 0 0)
(0.62339 0 0)
(0.623435 0 0)
(0.623478 0 0)
(0.623517 0 0)
(0.623554 0 0)
(0.623589 0 0)
(0.623622 0 0)
(0.623653 0 0)
(0.623682 0 0)
(0.623709 0 0)
(0.623735 0 0)
(0.62376 0 0)
(0.623784 0 0)
(0.623806 0 0)
(0.623828 0 0)
(0.623848 0 0)
(0.623868 0 0)
(0.623887 0 0)
(0.623905 0 0)
(0.623922 0 0)
(0.623939 0 0)
(0.623955 0 0)
(0.62397 0 0)
(0.623985 0 0)
(0.623999 0 0)
(0.624013 0 0)
(0.624026 0 0)
(0.624039 0 0)
(0.624052 0 0)
(0.624064 0 0)
(0.624076 0 0)
(0.624087 0 0)
(0.624098 0 0)
(0.624109 0 0)
(0.624119 0 0)
(0.624129 0 0)
(0.624139 0 0)
(0.624148 0 0)
(0.624158 0 0)
(0.624167 0 0)
(0.624175 0 0)
(0.624184 0 0)
(0.624192 0 0)
(0.6242 0 0)
(0.624208 0 0)
(0.624216 0 0)
(0.624224 0 0)
(0.624231 0 0)
(0.624238 0 0)
(0.624245 0 0)
(0.624252 0 0)
(0.624259 0 0)
(0.624265 0 0)
(0.624272 0 0)
(0.624278 0 0)
(0.624284 0 0)
(0.62429 0 0)
(0.624296 0 0)
(0.624302 0 0)
(0.624308 0 0)
(0.624313 0 0)
(0.624319 0 0)
(0.624324 0 0)
(0.62433 0 0)
(0.624335 0 0)
(0.62434 0 0)
(0.624345 0 0)
(0.62435 0 0)
(0.624355 0 0)
(0.624359 0 0)
(0.624364 0 0)
(0.624369 0 0)
(0.624373 0 0)
(0.624377 0 0)
(0.624382 0 0)
(0.624386 0 0)
(0.624391 0 0)
(0.624395 0 0)
(0.624398 0 0)
(0.6244 0 0)
(0.624399 0 0)
(0.6244 0 0)
(0.624418 0 0)
(0.624472 0 0)
(0.624567 0 0)
(0.624624 0 0)
(0.624625 0 0)
(0.624627 0 0)
(0.624629 0 0)
(0.62463 0 0)
(0.624632 0 0)
(0.624633 0 0)
(0.624635 0 0)
(0.624636 0 0)
(0.624638 0 0)
(0.624639 0 0)
(0.624641 0 0)
(0.624642 0 0)
(0.624644 0 0)
(0.624645 0 0)
(0.624647 0 0)
(0.624648 0 0)
(0.624649 0 0)
(0.624651 0 0)
(0.624652 0 0)
(0.624653 0 0)
(0.624655 0 0)
(0.624656 0 0)
(0.624657 0 0)
(0.624659 0 0)
(0.62466 0 0)
(0.624661 0 0)
(0.624663 0 0)
(0.624664 0 0)
(0.624665 0 0)
(0.624666 0 0)
(0.624668 0 0)
(0.624669 0 0)
(0.62467 0 0)
(0.624671 0 0)
(0.624672 0 0)
(0.624674 0 0)
(0.624675 0 0)
(0.624676 0 0)
(0.624677 0 0)
(0.624678 0 0)
(0.624679 0 0)
(0.624681 0 0)
(0.624682 0 0)
(0.624683 0 0)
(0.624684 0 0)
(0.624685 0 0)
(0.624686 0 0)
(0.624687 0 0)
(0.624688 0 0)
(0.624689 0 0)
(0.62469 0 0)
(0.624691 0 0)
(0.624693 0 0)
(0.624694 0 0)
(0.624695 0 0)
(0.624696 0 0)
(0.624697 0 0)
(0.624698 0 0)
(0.624699 0 0)
(0.6247 0 0)
(0.624701 0 0)
(0.624702 0 0)
(0.624703 0 0)
(0.624703 0 0)
(0.624704 0 0)
(0.624705 0 0)
(0.624706 0 0)
(0.624707 0 0)
(0.624708 0 0)
(0.624709 0 0)
(0.62471 0 0)
(0.624711 0 0)
(0.624712 0 0)
(0.624713 0 0)
(0.624714 0 0)
(0.624715 0 0)
(0.624715 0 0)
(0.624716 0 0)
(0.624717 0 0)
(0.624718 0 0)
(0.624719 0 0)
(0.62472 0 0)
(0.624721 0 0)
(0.624721 0 0)
(0.624722 0 0)
(0.624723 0 0)
(0.624724 0 0)
(0.624725 0 0)
(0.624726 0 0)
(0.624726 0 0)
(0.624727 0 0)
(0.624728 0 0)
(0.624729 0 0)
(0.62473 0 0)
(0.62473 0 0)
(0.624731 0 0)
(0.624732 0 0)
(0.624733 0 0)
(0.624734 0 0)
(0.624734 0 0)
(0.624735 0 0)
(0.624736 0 0)
(0.624737 0 0)
(0.624737 0 0)
(0.624738 0 0)
(0.624739 0 0)
(0.624739 0 0)
(0.62474 0 0)
(0.624741 0 0)
(0.624742 0 0)
(0.624742 0 0)
(0.624743 0 0)
(0.624744 0 0)
(0.624745 0 0)
(0.624745 0 0)
(0.624746 0 0)
(0.624747 0 0)
(0.624747 0 0)
(0.624748 0 0)
(0.624749 0 0)
(0.624749 0 0)
(0.62475 0 0)
(0.624751 0 0)
(0.624751 0 0)
(0.624752 0 0)
(0.624753 0 0)
(0.624753 0 0)
(0.624754 0 0)
(0.624755 0 0)
(0.624755 0 0)
(0.624756 0 0)
(0.624757 0 0)
(0.624757 0 0)
(0.624758 0 0)
(0.624758 0 0)
(0.624759 0 0)
(0.62476 0 0)
(0.62476 0 0)
(0.624761 0 0)
(0.624762 0 0)
(0.624762 0 0)
(0.624763 0 0)
(0.624763 0 0)
(0.624764 0 0)
(0.624765 0 0)
(0.624765 0 0)
(0.624766 0 0)
(0.624766 0 0)
(0.624767 0 0)
(0.624767 0 0)
(0.624768 0 0)
(0.624769 0 0)
(0.624769 0 0)
(0.62477 0 0)
(0.62477 0 0)
(0.624771 0 0)
(0.624771 0 0)
(0.624772 0 0)
(0.624773 0 0)
(0.624773 0 0)
(0.624774 0 0)
(0.624774 0 0)
(0.624775 0 0)
(0.624775 0 0)
(0.624776 0 0)
(0.624776 0 0)
(0.624777 0 0)
(0.624777 0 0)
(0.624778 0 0)
(0.624779 0 0)
(0.624779 0 0)
(0.62478 0 0)
(0.62478 0 0)
(0.624781 0 0)
(0.624781 0 0)
(0.624782 0 0)
(0.624782 0 0)
(0.624783 0 0)
(0.624783 0 0)
(0.624784 0 0)
(0.624784 0 0)
(0.624785 0 0)
(0.624785 0 0)
(0.624786 0 0)
(0.624786 0 0)
(0.624787 0 0)
(0.624787 0 0)
(0.624788 0 0)
(0.624788 0 0)
(0.624789 0 0)
(0.624789 0 0)
(0.62479 0 0)
(0.62479 0 0)
(0.624791 0 0)
(0.624791 0 0)
(0.624791 0 0)
(0.624792 0 0)
(0.624792 0 0)
(0.624793 0 0)
(0.624793 0 0)
(0.624794 0 0)
(0.624794 0 0)
(0.624795 0 0)
(0.624795 0 0)
(0.624796 0 0)
(0.624796 0 0)
(0.624797 0 0)
(0.624797 0 0)
(0.624797 0 0)
(0.624798 0 0)
(0.624798 0 0)
(0.624799 0 0)
(0.624799 0 0)
(0.6248 0 0)
(0.6248 0 0)
(0.6248 0 0)
(0.624801 0 0)
(0.624801 0 0)
(0.624802 0 0)
(0.624802 0 0)
(0.624803 0 0)
(0.624803 0 0)
(0.624803 0 0)
(0.624804 0 0)
(0.624804 0 0)
(0.624805 0 0)
(0.624805 0 0)
(0.624806 0 0)
(0.624806 0 0)
(0.624806 0 0)
(0.624807 0 0)
(0.624807 0 0)
(0.624808 0 0)
(0.624808 0 0)
(0.624808 0 0)
(0.624809 0 0)
(0.624809 0 0)
(0.62481 0 0)
(0.62481 0 0)
(0.62481 0 0)
(0.624811 0 0)
(0.624811 0 0)
(0.624812 0 0)
(0.624812 0 0)
(0.624812 0 0)
(0.624813 0 0)
(0.624813 0 0)
(0.624813 0 0)
(0.624814 0 0)
(0.624814 0 0)
(0.624815 0 0)
(0.624815 0 0)
(0.624815 0 0)
(0.624816 0 0)
(0.624816 0 0)
(0.624816 0 0)
(0.624817 0 0)
(0.624817 0 0)
(0.624818 0 0)
(0.624818 0 0)
(0.624818 0 0)
(0.624819 0 0)
(0.624819 0 0)
(0.624819 0 0)
(0.62482 0 0)
(0.62482 0 0)
(0.62482 0 0)
(0.624821 0 0)
(0.624821 0 0)
(0.624821 0 0)
(0.624822 0 0)
(0.624822 0 0)
(0.624822 0 0)
(0.624823 0 0)
(0.624823 0 0)
(0.624824 0 0)
(0.624824 0 0)
(0.624824 0 0)
(0.624825 0 0)
(0.624825 0 0)
(0.624825 0 0)
(0.624826 0 0)
(0.624826 0 0)
(0.624826 0 0)
(0.624827 0 0)
(0.624827 0 0)
(0.624827 0 0)
(0.624828 0 0)
(0.624828 0 0)
(0.624828 0 0)
(0.624829 0 0)
(0.624829 0 0)
(0.624829 0 0)
(0.62483 0 0)
(0.62483 0 0)
(0.62483 0 0)
(0.62483 0 0)
(0.624831 0 0)
(0.624831 0 0)
(0.624831 0 0)
(0.624832 0 0)
(0.624832 0 0)
(0.624832 0 0)
(0.624833 0 0)
(0.624833 0 0)
(0.624833 0 0)
(0.624834 0 0)
(0.624834 0 0)
(0.624834 0 0)
(0.624835 0 0)
(0.624835 0 0)
(0.624835 0 0)
(0.624835 0 0)
(0.624836 0 0)
(0.624836 0 0)
(0.624836 0 0)
(0.624837 0 0)
(0.624837 0 0)
(0.624837 0 0)
(0.624838 0 0)
(0.624838 0 0)
(0.624838 0 0)
(0.624838 0 0)
(0.624839 0 0)
(0.624839 0 0)
(0.624839 0 0)
(0.62484 0 0)
(0.62484 0 0)
(0.62484 0 0)
(0.62484 0 0)
(0.624841 0 0)
(0.624841 0 0)
(0.624841 0 0)
(0.624842 0 0)
(0.624842 0 0)
(0.624842 0 0)
(0.624842 0 0)
(0.624843 0 0)
(0.624843 0 0)
(0.624843 0 0)
(0.624844 0 0)
(0.624844 0 0)
(0.624844 0 0)
(0.624844 0 0)
(0.624845 0 0)
(0.624848 0 0)
(0.624851 0 0)
(0.624846 0 0)
(0.624817 0 0)
(0.624795 0 0)
(0.624795 0 0)
(0.624796 0 0)
(0.624796 0 0)
(0.624796 0 0)
(0.624797 0 0)
(0.624797 0 0)
(0.624798 0 0)
(0.624798 0 0)
(0.624799 0 0)
(0.624799 0 0)
(0.624799 0 0)
(0.6248 0 0)
(0.6248 0 0)
(0.624801 0 0)
(0.624801 0 0)
(0.624802 0 0)
(0.624802 0 0)
(0.624802 0 0)
(0.624803 0 0)
(0.624803 0 0)
(0.624804 0 0)
(0.624804 0 0)
(0.624804 0 0)
(0.624805 0 0)
(0.624805 0 0)
(0.624806 0 0)
(0.624806 0 0)
(0.624806 0 0)
(0.624807 0 0)
(0.624807 0 0)
(0.624808 0 0)
(0.624808 0 0)
(0.624808 0 0)
(0.624809 0 0)
(0.624809 0 0)
(0.62481 0 0)
(0.62481 0 0)
(0.62481 0 0)
(0.624811 0 0)
(0.624811 0 0)
(0.624811 0 0)
(0.624812 0 0)
(0.624812 0 0)
(0.624813 0 0)
(0.624813 0 0)
(0.624813 0 0)
(0.624814 0 0)
(0.624814 0 0)
(0.624814 0 0)
(0.624815 0 0)
(0.624815 0 0)
(0.624816 0 0)
(0.624816 0 0)
(0.624816 0 0)
(0.624817 0 0)
(0.624817 0 0)
(0.624817 0 0)
(0.624818 0 0)
(0.624818 0 0)
(0.624818 0 0)
(0.624819 0 0)
(0.624819 0 0)
(0.624819 0 0)
(0.62482 0 0)
(0.62482 0 0)
(0.624821 0 0)
(0.624821 0 0)
(0.624821 0 0)
(0.624822 0 0)
(0.624822 0 0)
(0.624822 0 0)
(0.624823 0 0)
(0.624823 0 0)
(0.624823 0 0)
(0.624824 0 0)
(0.624824 0 0)
(0.624824 0 0)
(0.624825 0 0)
(0.624825 0 0)
(0.624825 0 0)
(0.624826 0 0)
(0.624826 0 0)
(0.624826 0 0)
(0.624827 0 0)
(0.624827 0 0)
(0.624827 0 0)
(0.624828 0 0)
(0.624828 0 0)
(0.624828 0 0)
(0.624829 0 0)
(0.624829 0 0)
(0.624829 0 0)
(0.624829 0 0)
(0.62483 0 0)
(0.62483 0 0)
(0.62483 0 0)
(0.624831 0 0)
(0.624831 0 0)
(0.624831 0 0)
(0.624832 0 0)
(0.624832 0 0)
(0.624832 0 0)
(0.624833 0 0)
(0.624833 0 0)
(0.624833 0 0)
(0.624834 0 0)
(0.624834 0 0)
(0.624834 0 0)
(0.624834 0 0)
(0.624835 0 0)
(0.624835 0 0)
(0.624835 0 0)
(0.624836 0 0)
(0.624836 0 0)
(0.624836 0 0)
(0.624837 0 0)
(0.624837 0 0)
(0.624837 0 0)
(0.624837 0 0)
(0.624838 0 0)
(0.624838 0 0)
(0.624838 0 0)
(0.624839 0 0)
(0.624839 0 0)
(0.624839 0 0)
(0.624839 0 0)
(0.62484 0 0)
(0.62484 0 0)
(0.62484 0 0)
(0.624841 0 0)
(0.624841 0 0)
(0.624841 0 0)
(0.624841 0 0)
(0.624842 0 0)
(0.624842 0 0)
(0.624842 0 0)
(0.624843 0 0)
(0.624843 0 0)
(0.624843 0 0)
(0.624843 0 0)
(0.624844 0 0)
(0.624844 0 0)
(0.624844 0 0)
(0.624844 0 0)
(0.624845 0 0)
(0.624845 0 0)
(0.624845 0 0)
(0.624846 0 0)
(0.624846 0 0)
(0.624846 0 0)
(0.624846 0 0)
(0.624847 0 0)
(0.624847 0 0)
(0.624847 0 0)
(0.624847 0 0)
(0.624848 0 0)
(0.624848 0 0)
(0.624848 0 0)
(0.624848 0 0)
(0.624849 0 0)
(0.624849 0 0)
(0.624849 0 0)
(0.624849 0 0)
(0.62485 0 0)
(0.62485 0 0)
(0.62485 0 0)
(0.624851 0 0)
(0.624851 0 0)
(0.624851 0 0)
(0.624851 0 0)
(0.624852 0 0)
(0.624853 0 0)
(0.624855 0 0)
(0.624851 0 0)
(0.624835 0 0)
(0.624814 0 0)
(0.624849 0 0)
(0.625037 0 0)
(0.625283 0 0)
(0.62509 0 0)
(0.62495 0 0)
(0.624964 0 0)
(0.624967 0 0)
(0.624968 0 0)
(0.624977 0 0)
(0.624994 0 0)
(0.625008 0 0)
(0.625011 0 0)
(0.625012 0 0)
(0.62502 0 0)
(0.625034 0 0)
(0.625046 0 0)
(0.625051 0 0)
(0.625061 0 0)
(0.625069 0 0)
(0.625078 0 0)
(0.625091 0 0)
(0.625096 0 0)
(0.625105 0 0)
(0.62511 0 0)
(0.625116 0 0)
(0.625128 0 0)
(0.62514 0 0)
(0.625151 0 0)
(0.62516 0 0)
(0.625166 0 0)
(0.625172 0 0)
(0.625184 0 0)
(0.625196 0 0)
(0.625206 0 0)
(0.625213 0 0)
(0.625218 0 0)
(0.625227 0 0)
(0.625235 0 0)
(0.625243 0 0)
(0.625257 0 0)
(0.625268 0 0)
(0.625271 0 0)
(0.625283 0 0)
(0.625299 0 0)
(0.625307 0 0)
(0.625313 0 0)
(0.625323 0 0)
(0.625331 0 0)
(0.625338 0 0)
(0.62535 0 0)
(0.62536 0 0)
(0.625367 0 0)
(0.625374 0 0)
(0.625388 0 0)
(0.625401 0 0)
(0.625413 0 0)
(0.625421 0 0)
(0.625428 0 0)
(0.625438 0 0)
(0.625446 0 0)
(0.625454 0 0)
(0.625469 0 0)
(0.625483 0 0)
(0.625496 0 0)
(0.625504 0 0)
(0.625509 0 0)
(0.625517 0 0)
(0.625526 0 0)
(0.625541 0 0)
(0.625556 0 0)
(0.625569 0 0)
(0.625579 0 0)
(0.625588 0 0)
(0.625601 0 0)
(0.625612 0 0)
(0.62562 0 0)
(0.625633 0 0)
(0.625642 0 0)
(0.625653 0 0)
(0.625671 0 0)
(0.62569 0 0)
(0.625706 0 0)
(0.625716 0 0)
(0.62572 0 0)
(0.625724 0 0)
(0.625729 0 0)
(0.625734 0 0)
(0.625754 0 0)
(0.625806 0 0)
(0.625876 0 0)
(0.625929 0 0)
(0.625901 0 0)
(0.625737 0 0)
(0.625455 0 0)
(0.625243 0 0)
(0.625458 0 0)
(0.626428 0 0)
(0.628058 0 0)
(0.629375 0 0)
(0.628526 0 0)
(0.623682 0 0)
(0.614987 0 0)
(0.607111 0 0)
(0.610868 0 0)
(0.624858 0 0)
(0.624858 0 0)
(0.624859 0 0)
(0.624859 0 0)
(0.624859 0 0)
(0.624859 0 0)
(0.624859 0 0)
(0.62486 0 0)
(0.62486 0 0)
(0.62486 0 0)
(0.62486 0 0)
(0.624861 0 0)
(0.624861 0 0)
(0.624861 0 0)
(0.624861 0 0)
(0.624862 0 0)
(0.624862 0 0)
(0.624862 0 0)
(0.624862 0 0)
(0.624862 0 0)
(0.624863 0 0)
(0.624863 0 0)
(0.624863 0 0)
(0.624863 0 0)
(0.624864 0 0)
(0.624864 0 0)
(0.624864 0 0)
(0.624864 0 0)
(0.624864 0 0)
(0.624865 0 0)
(0.624865 0 0)
(0.624865 0 0)
(0.624865 0 0)
(0.624865 0 0)
(0.624866 0 0)
(0.624866 0 0)
(0.624866 0 0)
(0.624866 0 0)
(0.624867 0 0)
(0.624867 0 0)
(0.624867 0 0)
(0.624867 0 0)
(0.624867 0 0)
(0.624868 0 0)
(0.624868 0 0)
(0.624868 0 0)
(0.624868 0 0)
(0.624868 0 0)
(0.624869 0 0)
(0.624869 0 0)
(0.624869 0 0)
(0.624869 0 0)
(0.624869 0 0)
(0.62487 0 0)
(0.62487 0 0)
(0.62487 0 0)
(0.62487 0 0)
(0.62487 0 0)
(0.624871 0 0)
(0.624871 0 0)
(0.624871 0 0)
(0.624871 0 0)
(0.624871 0 0)
(0.624872 0 0)
(0.624872 0 0)
(0.624872 0 0)
(0.624872 0 0)
(0.624872 0 0)
(0.624873 0 0)
(0.624873 0 0)
(0.624873 0 0)
(0.624873 0 0)
(0.624873 0 0)
(0.624874 0 0)
(0.624874 0 0)
(0.624874 0 0)
(0.624874 0 0)
(0.624874 0 0)
(0.624875 0 0)
(0.624875 0 0)
(0.624875 0 0)
(0.624876 0 0)
(0.624876 0 0)
(0.624875 0 0)
(0.624869 0 0)
(0.624864 0 0)
(0.624883 0 0)
(0.624955 0 0)
(0.625007 0 0)
(0.625007 0 0)
(0.625007 0 0)
(0.625007 0 0)
(0.625007 0 0)
(0.625007 0 0)
(0.625007 0 0)
(0.625007 0 0)
(0.625007 0 0)
(0.625007 0 0)
(0.625007 0 0)
(0.625007 0 0)
(0.625007 0 0)
(0.625007 0 0)
(0.625007 0 0)
(0.625007 0 0)
(0.625007 0 0)
(0.625007 0 0)
(0.625007 0 0)
(0.625007 0 0)
(0.625007 0 0)
(0.625007 0 0)
(0.625007 0 0)
(0.625007 0 0)
(0.625007 0 0)
(0.625007 0 0)
(0.625007 0 0)
(0.625007 0 0)
(0.625007 0 0)
(0.625007 0 0)
(0.625007 0 0)
(0.625007 0 0)
(0.625007 0 0)
(0.625007 0 0)
(0.625007 0 0)
(0.625007 0 0)
(0.625007 0 0)
(0.625007 0 0)
(0.625007 0 0)
(0.625007 0 0)
(0.625007 0 0)
(0.625007 0 0)
(0.625007 0 0)
(0.625007 0 0)
(0.625007 0 0)
(0.625007 0 0)
(0.625007 0 0)
(0.625007 0 0)
(0.625007 0 0)
(0.625007 0 0)
(0.625007 0 0)
(0.625007 0 0)
(0.625007 0 0)
(0.625007 0 0)
(0.625007 0 0)
(0.625007 0 0)
(0.625007 0 0)
(0.625007 0 0)
(0.625007 0 0)
(0.625007 0 0)
(0.625007 0 0)
(0.625007 0 0)
(0.625007 0 0)
(0.625007 0 0)
(0.625007 0 0)
(0.625007 0 0)
(0.625007 0 0)
(0.625007 0 0)
(0.625007 0 0)
(0.625007 0 0)
(0.625007 0 0)
(0.625007 0 0)
(0.625007 0 0)
(0.625007 0 0)
(0.625007 0 0)
(0.625007 0 0)
(0.625007 0 0)
(0.625007 0 0)
(0.625007 0 0)
(0.625007 0 0)
(0.625007 0 0)
(0.625007 0 0)
(0.625007 0 0)
(0.625007 0 0)
(0.625007 0 0)
(0.625007 0 0)
(0.625007 0 0)
(0.625007 0 0)
(0.625007 0 0)
(0.625007 0 0)
(0.625007 0 0)
(0.625007 0 0)
(0.625007 0 0)
(0.625007 0 0)
(0.625007 0 0)
(0.625007 0 0)
(0.625007 0 0)
(0.625007 0 0)
(0.625007 0 0)
(0.625007 0 0)
(0.625007 0 0)
(0.625007 0 0)
(0.625007 0 0)
(0.625007 0 0)
(0.625007 0 0)
(0.625007 0 0)
(0.625007 0 0)
(0.625007 0 0)
(0.625007 0 0)
(0.625007 0 0)
(0.625007 0 0)
(0.625007 0 0)
(0.625007 0 0)
(0.625007 0 0)
(0.625007 0 0)
(0.625007 0 0)
(0.625007 0 0)
(0.625007 0 0)
(0.625007 0 0)
(0.625007 0 0)
(0.625007 0 0)
(0.625007 0 0)
(0.625007 0 0)
(0.625007 0 0)
(0.625007 0 0)
(0.625007 0 0)
(0.625007 0 0)
(0.625007 0 0)
(0.625007 0 0)
(0.625007 0 0)
(0.625007 0 0)
(0.625007 0 0)
(0.625007 0 0)
(0.625007 0 0)
(0.625007 0 0)
(0.625007 0 0)
(0.625007 0 0)
(0.625007 0 0)
(0.625007 0 0)
(0.625007 0 0)
(0.625007 0 0)
(0.625007 0 0)
(0.625007 0 0)
(0.625007 0 0)
(0.625007 0 0)
(0.625007 0 0)
(0.625007 0 0)
(0.625007 0 0)
(0.625007 0 0)
(0.625007 0 0)
(0.625007 0 0)
(0.625007 0 0)
(0.625007 0 0)
(0.625007 0 0)
(0.625007 0 0)
(0.625007 0 0)
(0.625007 0 0)
(0.625007 0 0)
(0.625007 0 0)
(0.625007 0 0)
(0.625007 0 0)
(0.625007 0 0)
(0.625007 0 0)
(0.625007 0 0)
(0.625007 0 0)
(0.625007 0 0)
(0.625007 0 0)
(0.625007 0 0)
(0.625007 0 0)
(0.625007 0 0)
(0.625007 0 0)
(0.625007 0 0)
(0.625007 0 0)
(0.625007 0 0)
(0.625007 0 0)
(0.625007 0 0)
(0.625007 0 0)
(0.625006 0 0)
(0.625006 0 0)
(0.625006 0 0)
(0.625006 0 0)
(0.625006 0 0)
(0.625006 0 0)
(0.625006 0 0)
(0.625006 0 0)
(0.625006 0 0)
(0.625006 0 0)
(0.625006 0 0)
(0.625006 0 0)
(0.625006 0 0)
(0.625006 0 0)
(0.625006 0 0)
(0.625006 0 0)
(0.625006 0 0)
(0.625006 0 0)
(0.625006 0 0)
(0.625006 0 0)
(0.625006 0 0)
(0.625006 0 0)
(0.625006 0 0)
(0.625006 0 0)
(0.625006 0 0)
(0.625006 0 0)
(0.625006 0 0)
(0.625006 0 0)
(0.625006 0 0)
(0.625006 0 0)
(0.625006 0 0)
(0.625006 0 0)
(0.625006 0 0)
(0.625006 0 0)
(0.625006 0 0)
(0.625006 0 0)
(0.625006 0 0)
(0.625006 0 0)
(0.625006 0 0)
(0.625008 0 0)
(0.625012 0 0)
(0.625015 0 0)
(0.624994 0 0)
(0.624935 0 0)
(0.6249 0 0)
(0.625125 0 0)
(0.625836 0 0)
(0.626344 0 0)
(0.62387 0 0)
(0.615369 0 0)
(0.608244 0 0)
(0.63609 0 0)
(0.731532 0 0)
(0.821755 0 0)
(0.753387 0 0)
(0.634192 0 0)
(0.615179 0 0)
(0.614847 0 0)
(0.614842 0 0)
(0.61484 0 0)
(0.614838 0 0)
(0.614835 0 0)
(0.614833 0 0)
(0.61483 0 0)
(0.614828 0 0)
(0.614825 0 0)
(0.614823 0 0)
(0.614821 0 0)
(0.614818 0 0)
(0.614816 0 0)
(0.614813 0 0)
(0.614811 0 0)
(0.614808 0 0)
(0.614806 0 0)
(0.614804 0 0)
(0.614801 0 0)
(0.614799 0 0)
(0.614796 0 0)
(0.614794 0 0)
(0.614791 0 0)
(0.614789 0 0)
(0.614787 0 0)
(0.614784 0 0)
(0.614782 0 0)
(0.614779 0 0)
(0.614777 0 0)
(0.614774 0 0)
(0.614772 0 0)
(0.61477 0 0)
(0.614767 0 0)
(0.614765 0 0)
(0.614762 0 0)
(0.61476 0 0)
(0.614758 0 0)
(0.614755 0 0)
(0.614753 0 0)
(0.61475 0 0)
(0.614748 0 0)
(0.614746 0 0)
(0.614743 0 0)
(0.614741 0 0)
(0.614739 0 0)
(0.614736 0 0)
(0.614734 0 0)
(0.614731 0 0)
(0.614729 0 0)
(0.614727 0 0)
(0.614724 0 0)
(0.614722 0 0)
(0.61472 0 0)
(0.614717 0 0)
(0.614715 0 0)
(0.614713 0 0)
(0.61471 0 0)
(0.614708 0 0)
(0.614706 0 0)
(0.614703 0 0)
(0.614701 0 0)
(0.614699 0 0)
(0.614696 0 0)
(0.614694 0 0)
(0.614692 0 0)
(0.614691 0 0)
(0.614681 0 0)
(0.614608 0 0)
(0.614545 0 0)
(0.614544 0 0)
(0.614541 0 0)
(0.614539 0 0)
(0.614537 0 0)
(0.614535 0 0)
(0.614533 0 0)
(0.61453 0 0)
(0.614528 0 0)
(0.614526 0 0)
(0.614524 0 0)
(0.614522 0 0)
(0.614519 0 0)
(0.614517 0 0)
(0.614515 0 0)
(0.614513 0 0)
(0.614511 0 0)
(0.614509 0 0)
(0.614506 0 0)
(0.614504 0 0)
(0.614502 0 0)
(0.6145 0 0)
(0.614498 0 0)
(0.614495 0 0)
(0.614493 0 0)
(0.614491 0 0)
(0.614489 0 0)
(0.614487 0 0)
(0.614485 0 0)
(0.614482 0 0)
(0.61448 0 0)
(0.614478 0 0)
(0.614476 0 0)
(0.614474 0 0)
(0.614472 0 0)
(0.614469 0 0)
(0.614467 0 0)
(0.614465 0 0)
(0.614463 0 0)
(0.614461 0 0)
(0.614458 0 0)
(0.614456 0 0)
(0.614454 0 0)
(0.614452 0 0)
(0.61445 0 0)
(0.614447 0 0)
(0.614445 0 0)
(0.614443 0 0)
(0.614441 0 0)
(0.614439 0 0)
(0.614436 0 0)
(0.614434 0 0)
(0.614432 0 0)
(0.61443 0 0)
(0.614427 0 0)
(0.614425 0 0)
(0.614423 0 0)
(0.614421 0 0)
(0.614419 0 0)
(0.614416 0 0)
(0.614414 0 0)
(0.614412 0 0)
(0.61441 0 0)
(0.614407 0 0)
(0.614405 0 0)
(0.614403 0 0)
(0.6144 0 0)
(0.614398 0 0)
(0.614396 0 0)
(0.614394 0 0)
(0.614391 0 0)
(0.614389 0 0)
(0.614387 0 0)
(0.614384 0 0)
(0.614382 0 0)
(0.61438 0 0)
(0.614377 0 0)
(0.614375 0 0)
(0.614373 0 0)
(0.61437 0 0)
(0.614368 0 0)
(0.614366 0 0)
(0.614363 0 0)
(0.614361 0 0)
(0.614358 0 0)
(0.614356 0 0)
(0.614354 0 0)
(0.614351 0 0)
(0.614349 0 0)
(0.614346 0 0)
(0.614344 0 0)
(0.614342 0 0)
(0.614339 0 0)
(0.614337 0 0)
(0.614334 0 0)
(0.614332 0 0)
(0.614329 0 0)
(0.614327 0 0)
(0.614325 0 0)
(0.614322 0 0)
(0.61432 0 0)
(0.614317 0 0)
(0.614315 0 0)
(0.614312 0 0)
(0.61431 0 0)
(0.614307 0 0)
(0.614305 0 0)
(0.614302 0 0)
(0.614299 0 0)
(0.614297 0 0)
(0.614294 0 0)
(0.614292 0 0)
(0.614289 0 0)
(0.614287 0 0)
(0.614284 0 0)
(0.614282 0 0)
(0.614279 0 0)
(0.614276 0 0)
(0.614274 0 0)
(0.614271 0 0)
(0.614268 0 0)
(0.614266 0 0)
(0.614263 0 0)
(0.614261 0 0)
(0.614258 0 0)
(0.614255 0 0)
(0.614253 0 0)
(0.61425 0 0)
(0.614247 0 0)
(0.614245 0 0)
(0.614242 0 0)
(0.614239 0 0)
(0.614236 0 0)
(0.614234 0 0)
(0.614231 0 0)
(0.614228 0 0)
(0.614225 0 0)
(0.614223 0 0)
(0.61422 0 0)
(0.614217 0 0)
(0.614214 0 0)
(0.614212 0 0)
(0.614209 0 0)
(0.614206 0 0)
(0.614203 0 0)
(0.6142 0 0)
(0.614197 0 0)
(0.614195 0 0)
(0.614192 0 0)
(0.614189 0 0)
(0.614186 0 0)
(0.614183 0 0)
(0.61418 0 0)
(0.614177 0 0)
(0.614174 0 0)
(0.614171 0 0)
(0.614168 0 0)
(0.614165 0 0)
(0.614162 0 0)
(0.614159 0 0)
(0.614156 0 0)
(0.614153 0 0)
(0.61415 0 0)
(0.614147 0 0)
(0.614144 0 0)
(0.614141 0 0)
(0.614138 0 0)
(0.614135 0 0)
(0.614132 0 0)
(0.614129 0 0)
(0.614126 0 0)
(0.614123 0 0)
(0.614119 0 0)
(0.614116 0 0)
(0.614113 0 0)
(0.61411 0 0)
(0.614107 0 0)
(0.614103 0 0)
(0.6141 0 0)
(0.614097 0 0)
(0.614094 0 0)
(0.61409 0 0)
(0.614087 0 0)
(0.614084 0 0)
(0.61408 0 0)
(0.614077 0 0)
(0.614074 0 0)
(0.61407 0 0)
(0.614067 0 0)
(0.614064 0 0)
(0.61406 0 0)
(0.614057 0 0)
(0.614053 0 0)
(0.61405 0 0)
(0.614046 0 0)
(0.614043 0 0)
(0.614039 0 0)
(0.614036 0 0)
(0.614032 0 0)
(0.614029 0 0)
(0.614025 0 0)
(0.614022 0 0)
(0.614018 0 0)
(0.614015 0 0)
(0.614011 0 0)
(0.614007 0 0)
(0.614004 0 0)
(0.614 0 0)
(0.613997 0 0)
(0.613993 0 0)
(0.613989 0 0)
(0.613986 0 0)
(0.613982 0 0)
(0.613978 0 0)
(0.613974 0 0)
(0.613971 0 0)
(0.613967 0 0)
(0.613963 0 0)
(0.613959 0 0)
(0.613956 0 0)
(0.613952 0 0)
(0.613948 0 0)
(0.613944 0 0)
(0.61394 0 0)
(0.613937 0 0)
(0.613933 0 0)
(0.613929 0 0)
(0.613925 0 0)
(0.613921 0 0)
(0.613917 0 0)
(0.613913 0 0)
(0.613909 0 0)
(0.613906 0 0)
(0.613902 0 0)
(0.613898 0 0)
(0.613894 0 0)
(0.61389 0 0)
(0.613886 0 0)
(0.613882 0 0)
(0.613878 0 0)
(0.613874 0 0)
(0.61387 0 0)
(0.613866 0 0)
(0.613862 0 0)
(0.613858 0 0)
(0.613854 0 0)
(0.613851 0 0)
(0.613847 0 0)
(0.613843 0 0)
(0.613839 0 0)
(0.613835 0 0)
(0.613831 0 0)
(0.613827 0 0)
(0.613823 0 0)
(0.613819 0 0)
(0.613815 0 0)
(0.613811 0 0)
(0.613807 0 0)
(0.613803 0 0)
(0.613799 0 0)
(0.613795 0 0)
(0.613791 0 0)
(0.613787 0 0)
(0.613783 0 0)
(0.613779 0 0)
(0.613775 0 0)
(0.613772 0 0)
(0.613768 0 0)
(0.613764 0 0)
(0.61376 0 0)
(0.613756 0 0)
(0.613752 0 0)
(0.613748 0 0)
(0.613744 0 0)
(0.61374 0 0)
(0.613736 0 0)
(0.613733 0 0)
(0.613729 0 0)
(0.613725 0 0)
(0.613721 0 0)
(0.613717 0 0)
(0.613713 0 0)
(0.61371 0 0)
(0.613706 0 0)
(0.613702 0 0)
(0.613698 0 0)
(0.613694 0 0)
(0.613691 0 0)
(0.613687 0 0)
(0.613683 0 0)
(0.613679 0 0)
(0.613675 0 0)
(0.613672 0 0)
(0.613668 0 0)
(0.613664 0 0)
(0.613661 0 0)
(0.613657 0 0)
(0.613653 0 0)
(0.613649 0 0)
(0.613646 0 0)
(0.613642 0 0)
(0.613638 0 0)
(0.613635 0 0)
(0.613631 0 0)
(0.613628 0 0)
(0.613624 0 0)
(0.61362 0 0)
(0.613617 0 0)
(0.613613 0 0)
(0.61361 0 0)
(0.613606 0 0)
(0.613602 0 0)
(0.613599 0 0)
(0.613595 0 0)
(0.613592 0 0)
(0.613588 0 0)
(0.613585 0 0)
(0.613581 0 0)
(0.613578 0 0)
(0.613574 0 0)
(0.613571 0 0)
(0.613567 0 0)
(0.613564 0 0)
(0.61356 0 0)
(0.613557 0 0)
(0.613553 0 0)
(0.61355 0 0)
(0.613546 0 0)
(0.613543 0 0)
(0.613539 0 0)
(0.613536 0 0)
(0.613532 0 0)
(0.613529 0 0)
(0.613526 0 0)
(0.613522 0 0)
(0.613519 0 0)
(0.613515 0 0)
(0.613512 0 0)
(0.613508 0 0)
(0.613505 0 0)
(0.613502 0 0)
(0.613498 0 0)
(0.613495 0 0)
(0.613491 0 0)
(0.613488 0 0)
(0.613485 0 0)
(0.613481 0 0)
(0.613478 0 0)
(0.613474 0 0)
(0.613471 0 0)
(0.613468 0 0)
(0.613464 0 0)
(0.613461 0 0)
(0.613457 0 0)
(0.613454 0 0)
(0.613451 0 0)
(0.613447 0 0)
(0.613444 0 0)
(0.61344 0 0)
(0.613437 0 0)
(0.613434 0 0)
(0.61343 0 0)
(0.613427 0 0)
(0.613423 0 0)
(0.61342 0 0)
(0.613416 0 0)
(0.613413 0 0)
(0.61341 0 0)
(0.613406 0 0)
(0.613403 0 0)
(0.613399 0 0)
(0.613396 0 0)
(0.613392 0 0)
(0.613389 0 0)
(0.613386 0 0)
(0.613382 0 0)
(0.613379 0 0)
(0.613375 0 0)
(0.613372 0 0)
(0.613368 0 0)
(0.613365 0 0)
(0.613361 0 0)
(0.613358 0 0)
(0.613354 0 0)
(0.613351 0 0)
(0.613347 0 0)
(0.613344 0 0)
(0.61334 0 0)
(0.613337 0 0)
(0.613333 0 0)
(0.61333 0 0)
(0.613326 0 0)
(0.613323 0 0)
(0.613319 0 0)
(0.613316 0 0)
(0.613312 0 0)
(0.613309 0 0)
(0.613305 0 0)
(0.613302 0 0)
(0.613298 0 0)
(0.613295 0 0)
(0.613291 0 0)
(0.613288 0 0)
(0.613284 0 0)
(0.61328 0 0)
(0.613277 0 0)
(0.613273 0 0)
(0.61327 0 0)
(0.613266 0 0)
(0.613263 0 0)
(0.613259 0 0)
(0.613255 0 0)
(0.613252 0 0)
(0.613248 0 0)
(0.613245 0 0)
(0.613241 0 0)
(0.613238 0 0)
(0.613234 0 0)
(0.61323 0 0)
(0.613227 0 0)
(0.613223 0 0)
(0.61322 0 0)
(0.613216 0 0)
(0.613213 0 0)
(0.613209 0 0)
(0.613205 0 0)
(0.613202 0 0)
(0.613198 0 0)
(0.613195 0 0)
(0.613191 0 0)
(0.613187 0 0)
(0.613184 0 0)
(0.61318 0 0)
(0.613177 0 0)
(0.613173 0 0)
(0.61317 0 0)
(0.613166 0 0)
(0.613162 0 0)
(0.613159 0 0)
(0.613155 0 0)
(0.613152 0 0)
(0.613148 0 0)
(0.613144 0 0)
(0.613141 0 0)
(0.613137 0 0)
(0.613134 0 0)
(0.61313 0 0)
(0.613127 0 0)
(0.613123 0 0)
(0.613119 0 0)
(0.613116 0 0)
(0.613112 0 0)
(0.613109 0 0)
(0.613105 0 0)
(0.613102 0 0)
(0.613098 0 0)
(0.613095 0 0)
(0.613091 0 0)
(0.613087 0 0)
(0.613084 0 0)
(0.61308 0 0)
(0.613077 0 0)
(0.613073 0 0)
(0.61307 0 0)
(0.613066 0 0)
(0.613063 0 0)
(0.613059 0 0)
(0.613055 0 0)
(0.613052 0 0)
(0.613048 0 0)
(0.613045 0 0)
(0.613041 0 0)
(0.613038 0 0)
(0.613034 0 0)
(0.613031 0 0)
(0.613027 0 0)
(0.613023 0 0)
(0.61302 0 0)
(0.613016 0 0)
(0.613013 0 0)
(0.613009 0 0)
(0.613006 0 0)
(0.613002 0 0)
(0.612998 0 0)
(0.612995 0 0)
(0.612991 0 0)
(0.612988 0 0)
(0.612984 0 0)
(0.612981 0 0)
(0.612977 0 0)
(0.612973 0 0)
(0.61297 0 0)
(0.612966 0 0)
(0.612963 0 0)
(0.612959 0 0)
(0.612956 0 0)
(0.612952 0 0)
(0.612948 0 0)
(0.612945 0 0)
(0.612941 0 0)
(0.612938 0 0)
(0.612934 0 0)
(0.61293 0 0)
(0.612927 0 0)
(0.612923 0 0)
(0.612919 0 0)
(0.612916 0 0)
(0.612912 0 0)
(0.612908 0 0)
(0.612905 0 0)
(0.612901 0 0)
(0.612898 0 0)
(0.612894 0 0)
(0.61289 0 0)
(0.612887 0 0)
(0.612883 0 0)
(0.612879 0 0)
(0.612875 0 0)
(0.612872 0 0)
(0.612868 0 0)
(0.612864 0 0)
(0.612861 0 0)
(0.612857 0 0)
(0.612853 0 0)
(0.612849 0 0)
(0.612846 0 0)
(0.612842 0 0)
(0.612838 0 0)
(0.612834 0 0)
(0.612831 0 0)
(0.612827 0 0)
(0.612823 0 0)
(0.612819 0 0)
(0.612816 0 0)
(0.612812 0 0)
(0.612808 0 0)
(0.612804 0 0)
(0.612801 0 0)
(0.612797 0 0)
(0.612793 0 0)
(0.612789 0 0)
(0.612785 0 0)
(0.612781 0 0)
(0.612778 0 0)
(0.612774 0 0)
(0.61277 0 0)
(0.612766 0 0)
(0.612762 0 0)
(0.612758 0 0)
(0.612755 0 0)
(0.612751 0 0)
(0.612747 0 0)
(0.612743 0 0)
(0.612739 0 0)
(0.612735 0 0)
(0.612731 0 0)
(0.612728 0 0)
(0.612724 0 0)
(0.61272 0 0)
(0.612716 0 0)
(0.612712 0 0)
(0.612708 0 0)
(0.612704 0 0)
(0.6127 0 0)
(0.612697 0 0)
(0.612693 0 0)
(0.612689 0 0)
(0.612685 0 0)
(0.612681 0 0)
(0.612677 0 0)
(0.612673 0 0)
(0.612669 0 0)
(0.612665 0 0)
(0.612662 0 0)
(0.612658 0 0)
(0.612654 0 0)
(0.61265 0 0)
(0.612646 0 0)
(0.612642 0 0)
(0.612638 0 0)
(0.612634 0 0)
(0.61263 0 0)
(0.612626 0 0)
(0.612623 0 0)
(0.612619 0 0)
(0.612615 0 0)
(0.612611 0 0)
(0.612607 0 0)
(0.612603 0 0)
(0.612599 0 0)
(0.612595 0 0)
(0.612591 0 0)
(0.612588 0 0)
(0.612584 0 0)
(0.61258 0 0)
(0.612576 0 0)
(0.612572 0 0)
(0.612568 0 0)
(0.612564 0 0)
(0.61256 0 0)
(0.612556 0 0)
(0.612553 0 0)
(0.612549 0 0)
(0.612545 0 0)
(0.612541 0 0)
(0.612537 0 0)
(0.612533 0 0)
(0.612529 0 0)
(0.612525 0 0)
(0.612522 0 0)
(0.612518 0 0)
(0.612514 0 0)
(0.61251 0 0)
(0.612506 0 0)
(0.612502 0 0)
(0.612498 0 0)
(0.612494 0 0)
(0.612491 0 0)
(0.612487 0 0)
(0.612483 0 0)
(0.612479 0 0)
(0.612475 0 0)
(0.612471 0 0)
(0.612467 0 0)
(0.612463 0 0)
(0.61246 0 0)
(0.612456 0 0)
(0.612452 0 0)
(0.612448 0 0)
(0.612444 0 0)
(0.61244 0 0)
(0.612436 0 0)
(0.612432 0 0)
(0.612428 0 0)
(0.612425 0 0)
(0.612421 0 0)
(0.612417 0 0)
(0.612413 0 0)
(0.612409 0 0)
(0.612405 0 0)
(0.612401 0 0)
(0.612397 0 0)
(0.612393 0 0)
(0.612389 0 0)
(0.612386 0 0)
(0.612382 0 0)
(0.612378 0 0)
(0.612374 0 0)
(0.61237 0 0)
(0.612366 0 0)
(0.612362 0 0)
(0.612358 0 0)
(0.612354 0 0)
(0.61235 0 0)
(0.612346 0 0)
(0.612342 0 0)
(0.612338 0 0)
(0.612334 0 0)
(0.61233 0 0)
(0.612326 0 0)
(0.612322 0 0)
(0.612318 0 0)
(0.612315 0 0)
(0.612311 0 0)
(0.612307 0 0)
(0.612303 0 0)
(0.612299 0 0)
(0.612295 0 0)
(0.612291 0 0)
(0.612287 0 0)
(0.612283 0 0)
(0.612279 0 0)
(0.612275 0 0)
(0.612271 0 0)
(0.612267 0 0)
(0.612263 0 0)
(0.612259 0 0)
(0.612255 0 0)
(0.61225 0 0)
(0.612246 0 0)
(0.612242 0 0)
(0.612238 0 0)
(0.612234 0 0)
(0.61223 0 0)
(0.612226 0 0)
(0.612222 0 0)
(0.612218 0 0)
(0.612214 0 0)
(0.61221 0 0)
(0.612206 0 0)
(0.612202 0 0)
(0.612198 0 0)
(0.612194 0 0)
(0.61219 0 0)
(0.612186 0 0)
(0.612182 0 0)
(0.612178 0 0)
(0.612174 0 0)
(0.61217 0 0)
(0.612166 0 0)
(0.612162 0 0)
(0.612158 0 0)
(0.612153 0 0)
(0.612149 0 0)
(0.612145 0 0)
(0.612141 0 0)
(0.612137 0 0)
(0.612133 0 0)
(0.612129 0 0)
(0.612125 0 0)
(0.612121 0 0)
(0.612117 0 0)
(0.612113 0 0)
(0.612109 0 0)
(0.612105 0 0)
(0.612101 0 0)
(0.612097 0 0)
(0.612093 0 0)
(0.612089 0 0)
(0.612085 0 0)
(0.612081 0 0)
(0.612077 0 0)
(0.612073 0 0)
(0.612069 0 0)
(0.612065 0 0)
(0.612061 0 0)
(0.612057 0 0)
(0.612053 0 0)
(0.612048 0 0)
(0.612044 0 0)
(0.61204 0 0)
(0.612036 0 0)
(0.612032 0 0)
(0.612028 0 0)
(0.612024 0 0)
(0.61202 0 0)
(0.612016 0 0)
(0.612012 0 0)
(0.612008 0 0)
(0.612004 0 0)
(0.612 0 0)
(0.611996 0 0)
(0.611993 0 0)
(0.611989 0 0)
(0.611985 0 0)
(0.611981 0 0)
(0.611977 0 0)
(0.611973 0 0)
(0.611969 0 0)
(0.611965 0 0)
(0.611961 0 0)
(0.611957 0 0)
(0.611953 0 0)
(0.611949 0 0)
(0.611945 0 0)
(0.611941 0 0)
(0.611937 0 0)
(0.611933 0 0)
(0.611929 0 0)
(0.611925 0 0)
(0.611921 0 0)
(0.611917 0 0)
(0.611913 0 0)
(0.611909 0 0)
(0.611905 0 0)
(0.611901 0 0)
(0.611897 0 0)
(0.611893 0 0)
(0.611889 0 0)
(0.611885 0 0)
(0.611881 0 0)
(0.611877 0 0)
(0.611873 0 0)
(0.611869 0 0)
(0.611865 0 0)
(0.611861 0 0)
(0.611857 0 0)
(0.611853 0 0)
(0.611849 0 0)
(0.611845 0 0)
(0.611841 0 0)
(0.611837 0 0)
(0.611833 0 0)
(0.611829 0 0)
(0.611825 0 0)
(0.611821 0 0)
(0.611817 0 0)
(0.611813 0 0)
(0.611809 0 0)
(0.611805 0 0)
(0.611801 0 0)
(0.611797 0 0)
(0.611793 0 0)
(0.611789 0 0)
(0.611784 0 0)
(0.61178 0 0)
(0.611776 0 0)
(0.611772 0 0)
(0.611768 0 0)
(0.611764 0 0)
(0.61176 0 0)
(0.611756 0 0)
(0.611752 0 0)
(0.611748 0 0)
(0.611744 0 0)
(0.61174 0 0)
(0.611736 0 0)
(0.611731 0 0)
(0.611727 0 0)
(0.611723 0 0)
(0.611719 0 0)
(0.611715 0 0)
(0.611711 0 0)
(0.611707 0 0)
(0.611703 0 0)
(0.611698 0 0)
(0.611694 0 0)
(0.61169 0 0)
(0.611686 0 0)
(0.611682 0 0)
(0.611678 0 0)
(0.611674 0 0)
(0.611669 0 0)
(0.611665 0 0)
(0.611661 0 0)
(0.611657 0 0)
(0.611653 0 0)
(0.611649 0 0)
(0.611645 0 0)
(0.61164 0 0)
(0.611636 0 0)
(0.611632 0 0)
(0.611628 0 0)
(0.611624 0 0)
(0.61162 0 0)
(0.611615 0 0)
(0.611611 0 0)
(0.611607 0 0)
(0.611603 0 0)
(0.611599 0 0)
(0.611595 0 0)
(0.61159 0 0)
(0.611586 0 0)
(0.611582 0 0)
(0.611578 0 0)
(0.611574 0 0)
(0.61157 0 0)
(0.611565 0 0)
(0.611561 0 0)
(0.611557 0 0)
(0.611553 0 0)
(0.611549 0 0)
(0.611545 0 0)
(0.61154 0 0)
(0.611536 0 0)
(0.611532 0 0)
(0.611528 0 0)
(0.611524 0 0)
(0.61152 0 0)
(0.611516 0 0)
(0.611512 0 0)
(0.611507 0 0)
(0.611503 0 0)
(0.611499 0 0)
(0.611495 0 0)
(0.611491 0 0)
(0.611487 0 0)
(0.611483 0 0)
(0.611479 0 0)
(0.611474 0 0)
(0.61147 0 0)
(0.611466 0 0)
(0.611462 0 0)
(0.611458 0 0)
(0.611454 0 0)
(0.61145 0 0)
(0.611446 0 0)
(0.611441 0 0)
(0.611437 0 0)
(0.611433 0 0)
(0.611429 0 0)
(0.611425 0 0)
(0.611421 0 0)
(0.611417 0 0)
(0.611413 0 0)
(0.611408 0 0)
(0.611404 0 0)
(0.6114 0 0)
(0.611396 0 0)
(0.611392 0 0)
(0.611388 0 0)
(0.611384 0 0)
(0.61138 0 0)
(0.611375 0 0)
(0.611371 0 0)
(0.611367 0 0)
(0.611363 0 0)
(0.611359 0 0)
(0.611355 0 0)
(0.611351 0 0)
(0.611347 0 0)
(0.611342 0 0)
(0.611338 0 0)
(0.611334 0 0)
(0.61133 0 0)
(0.611326 0 0)
(0.611322 0 0)
(0.611318 0 0)
(0.611313 0 0)
(0.611309 0 0)
(0.611305 0 0)
(0.611301 0 0)
(0.611297 0 0)
(0.611293 0 0)
(0.611289 0 0)
(0.611284 0 0)
(0.61128 0 0)
(0.611276 0 0)
(0.611272 0 0)
(0.611268 0 0)
(0.611264 0 0)
(0.61126 0 0)
(0.611255 0 0)
(0.611251 0 0)
(0.611247 0 0)
(0.611243 0 0)
(0.611239 0 0)
(0.611234 0 0)
(0.61123 0 0)
(0.611226 0 0)
(0.611222 0 0)
(0.611218 0 0)
(0.611213 0 0)
)
;

boundaryField
{
    inlet
    {
        type            flowRateInlet;
        flowRate        0.0625;
        value           uniform (0.625 -0 -0);
    }
    outlet
    {
        type            zeroGradient;
    }
    right
    {
        type            empty;
    }
    left
    {
        type            empty;
    }
    atmosphere
    {
        type            empty;
    }
    bottomWall
    {
        type            empty;
    }
}


// ************************************************************************* //
