/*--------------------------------*- C++ -*----------------------------------*\
| =========                 |                                                 |
| \\      /  F ield         | foam-extend: Open Source CFD                    |
|  \\    /   O peration     | Version:     3.1                                |
|   \\  /    A nd           | Web:         http://www.extend-project.de       |
|    \\/     M anipulation  |                                                 |
\*---------------------------------------------------------------------------*/
FoamFile
{
    version     2.0;
    format      ascii;
    class       volScalarField;
    location    "38";
    object      nut;
}
// * * * * * * * * * * * * * * * * * * * * * * * * * * * * * * * * * * * * * //

dimensions      [0 2 -1 0 0 0 0];

internalField   nonuniform List<scalar> 
2539
(
0.0351367
0.0351317
0.0351385
0.0351447
0.035151
0.0351573
0.0351637
0.03517
0.0351763
0.0351827
0.035189
0.0351954
0.0352018
0.0352082
0.0352146
0.035221
0.0352274
0.0352338
0.0352403
0.0352467
0.0352532
0.0352596
0.0352661
0.0352726
0.0352791
0.0352856
0.0352921
0.0352986
0.0353052
0.0353117
0.0353183
0.0353248
0.0353314
0.035338
0.0353446
0.0353512
0.0353578
0.0353645
0.0353711
0.0353778
0.0353844
0.0353911
0.0353978
0.0354045
0.0354112
0.0354179
0.0354246
0.0354313
0.0354381
0.0354448
0.0354516
0.0354584
0.0354652
0.035472
0.0354788
0.0354856
0.0354925
0.0354993
0.0355062
0.035513
0.0355199
0.0355268
0.0355337
0.0355406
0.0355476
0.0355545
0.0355615
0.0355684
0.0355754
0.0355824
0.0355894
0.0355964
0.0356034
0.0356105
0.0356175
0.0356246
0.0356316
0.0356387
0.0356458
0.0356529
0.03566
0.0356672
0.0356743
0.0356815
0.0356886
0.0356958
0.035703
0.0357102
0.0357175
0.0357247
0.0357319
0.0357392
0.0357465
0.0357538
0.0357611
0.0357684
0.0357757
0.035783
0.0357904
0.0357977
0.0358051
0.0358125
0.0358199
0.0358273
0.0358348
0.0358422
0.0358497
0.0358572
0.0358646
0.0358721
0.0358797
0.0358872
0.0358947
0.0359023
0.0359099
0.0359175
0.0359251
0.0359327
0.0359403
0.035948
0.0359556
0.0359633
0.035971
0.0359787
0.0359864
0.0359941
0.0360019
0.0360097
0.0360174
0.0360252
0.0360331
0.0360409
0.0360487
0.0360566
0.0360645
0.0360723
0.0360802
0.0360882
0.0360961
0.0361041
0.036112
0.03612
0.036128
0.036136
0.0361441
0.0361521
0.0361602
0.0361683
0.0361764
0.0361845
0.0361926
0.0362008
0.036209
0.0362171
0.0362253
0.0362336
0.0362418
0.0362501
0.0362583
0.0362666
0.0362749
0.0362833
0.0362916
0.0363
0.0363084
0.0363168
0.0363252
0.0363336
0.0363421
0.0363506
0.0363591
0.0363676
0.0363761
0.0363847
0.0363932
0.0364018
0.0364104
0.0364191
0.0364277
0.0364364
0.0364451
0.0364538
0.0364625
0.0364713
0.0364698
0.0243246
0.0243458
0.0243485
0.0243503
0.024352
0.0243538
0.0243555
0.0243573
0.024359
0.0243607
0.0243625
0.0243642
0.024366
0.0243677
0.0243694
0.0243712
0.0243729
0.0243747
0.0243764
0.0243782
0.0243799
0.0243817
0.0243834
0.0243852
0.024387
0.0243887
0.0243905
0.0243922
0.024394
0.0243958
0.0243975
0.0243993
0.0244011
0.0244028
0.0244046
0.0244064
0.0244082
0.0244099
0.0244117
0.0244135
0.0244153
0.024417
0.0244188
0.0244206
0.0244224
0.0244242
0.024426
0.0244277
0.0244295
0.0244313
0.0244331
0.0244349
0.0244367
0.0244385
0.0244403
0.0244421
0.0244439
0.0244457
0.0244475
0.0244493
0.0244511
0.0244529
0.0244547
0.0244565
0.0244583
0.0244602
0.024462
0.0244638
0.0244656
0.0244674
0.0244692
0.024471
0.0244729
0.0244747
0.0244765
0.0244783
0.0244802
0.024482
0.0244838
0.0244857
0.0244875
0.0244893
0.0244912
0.024493
0.0244948
0.0244967
0.0244985
0.0245004
0.0245022
0.024504
0.0245059
0.0245077
0.0245096
0.0245114
0.0245133
0.0245151
0.024517
0.0245189
0.0245207
0.0245226
0.0245244
0.0245263
0.0245282
0.02453
0.0245319
0.0245338
0.0245356
0.0245375
0.0245394
0.0245413
0.0245431
0.024545
0.0245469
0.0245488
0.0245507
0.0245525
0.0245544
0.0245563
0.0245582
0.0245601
0.024562
0.0245639
0.0245658
0.0245677
0.0245696
0.0245715
0.0245734
0.0245753
0.0245772
0.0245791
0.024581
0.0245829
0.0245848
0.0245867
0.0245886
0.0245905
0.0245924
0.0245944
0.0245963
0.0245982
0.0246001
0.024602
0.024604
0.0246059
0.0246078
0.0246098
0.0246117
0.0246136
0.0246156
0.0246175
0.0246194
0.0246214
0.0246233
0.0246253
0.0246272
0.0246291
0.0246311
0.024633
0.024635
0.024637
0.0246389
0.0246409
0.0246428
0.0246448
0.0246467
0.0246487
0.0246507
0.0246526
0.0246546
0.0246566
0.0246585
0.0246605
0.0246625
0.0246645
0.0246664
0.0246684
0.0246704
0.0246724
0.0246744
0.0246764
0.0246784
0.0246803
0.0246823
0.0246843
0.0246863
0.0246883
0.0246903
0.0246923
0.0246943
0.0246963
0.0246983
0.0247003
0.0247024
0.0247044
0.0247064
0.0247084
0.0247104
0.0247126
0.0247103
0.0248005
0.0167864
0.0171214
0.0174979
0.0177204
0.017845
0.017923
0.0179775
0.0180192
0.0180535
0.0180834
0.0181102
0.0181349
0.018158
0.0181798
0.0182007
0.0182207
0.01824
0.0182586
0.0182767
0.0182944
0.0183115
0.0183283
0.0183447
0.0183608
0.0183766
0.0183921
0.0184073
0.0184223
0.0184371
0.0184517
0.0184661
0.0184802
0.0184943
0.0185081
0.0185218
0.0185354
0.0185488
0.0185621
0.0185752
0.0185883
0.0186012
0.018614
0.0186268
0.0186394
0.0186519
0.0186644
0.0186768
0.018689
0.0187013
0.0187134
0.0187255
0.0187375
0.0187495
0.0187614
0.0187732
0.018785
0.0187967
0.0188084
0.0188201
0.0188317
0.0188433
0.0188548
0.0188663
0.0188778
0.0188893
0.0189007
0.0189121
0.0189235
0.0189349
0.0189462
0.0189576
0.0189689
0.0189803
0.0189916
0.019003
0.0190144
0.0190257
0.0190371
0.0190486
0.01906
0.0190716
0.0190831
0.0190947
0.0191064
0.0191182
0.01913
0.019142
0.019154
0.0191662
0.0191786
0.0191911
0.0192039
0.019217
0.0192304
0.0192442
0.0192587
0.0192741
0.0192908
0.0193094
0.0193308
0.0193937
0.0194342
0.0194711
0.0195051
0.0195368
0.0195664
0.0195942
0.0196205
0.0196454
0.0196692
0.0196919
0.0197137
0.0197346
0.0197548
0.0197742
0.019793
0.0198113
0.0198289
0.0198461
0.0198628
0.019879
0.0198948
0.0199103
0.0199254
0.0199401
0.0199546
0.0199687
0.0199825
0.0199961
0.0200094
0.0200225
0.0200353
0.0200479
0.0200603
0.0200725
0.0200845
0.0200963
0.0201079
0.0201193
0.0201306
0.0201417
0.0201527
0.0201635
0.0201742
0.0201847
0.0201951
0.0202054
0.0202155
0.0202255
0.0202354
0.0202452
0.0202549
0.0202644
0.0202739
0.0202832
0.0202925
0.0203017
0.0203107
0.0203197
0.0203286
0.0203374
0.0203461
0.0203547
0.0203633
0.0203717
0.0203801
0.0203884
0.0203967
0.0204049
0.0204129
0.020421
0.0204289
0.0204368
0.0204447
0.0204524
0.0204601
0.0204678
0.0204754
0.0204829
0.0204903
0.0204978
0.0205051
0.0205124
0.0205197
0.0205269
0.020534
0.0205411
0.0205481
0.0205551
0.0205621
0.020569
0.0205758
0.0205826
0.0205894
0.020596
0.0206026
0.0206092
0.0206163
0.0206242
0.0206326
0.020639
0.0206432
0.0206473
0.0206515
0.0206556
0.0206597
0.0206638
0.0206679
0.020672
0.020676
0.0206801
0.0206841
0.0206881
0.0206921
0.020696
0.0207
0.0207039
0.0207079
0.0207118
0.0207157
0.0207196
0.0207234
0.0207273
0.0207311
0.0207349
0.0207387
0.0207425
0.0207463
0.0207501
0.0207538
0.0207576
0.0207613
0.020765
0.0207687
0.0207724
0.0207761
0.0207798
0.0207834
0.020787
0.0207907
0.0207943
0.0207979
0.0208015
0.020805
0.0208086
0.0208122
0.0208157
0.0208192
0.0208227
0.0208262
0.0208297
0.0208332
0.0208367
0.0208401
0.0208436
0.020847
0.0208504
0.0208539
0.0208573
0.0208607
0.020864
0.0208674
0.0208708
0.0208741
0.0208775
0.0208808
0.0208841
0.0208874
0.0208907
0.020894
0.0208973
0.0209005
0.0209038
0.020907
0.0209103
0.0209135
0.0209167
0.0209199
0.0209231
0.0209263
0.0209295
0.0209327
0.0209358
0.020939
0.0209421
0.0209453
0.0209484
0.0209515
0.0209546
0.0209577
0.0209608
0.0209639
0.020967
0.02097
0.0209731
0.0209761
0.0209792
0.0209822
0.0209852
0.0209882
0.0209912
0.0209942
0.0209972
0.0210002
0.0210032
0.0210061
0.0210091
0.021012
0.021015
0.0210179
0.0210208
0.0210238
0.0210267
0.0210296
0.0210325
0.0210354
0.0210382
0.0210411
0.021044
0.0210468
0.0210497
0.0210525
0.0210553
0.0210582
0.021061
0.0210638
0.0210666
0.0210694
0.0210722
0.021075
0.0210778
0.0210805
0.0210833
0.021086
0.0210888
0.0210915
0.0210943
0.021097
0.0210997
0.0211024
0.0211051
0.0211078
0.0211105
0.0211132
0.0211159
0.0211186
0.0211213
0.0211239
0.0211266
0.0211292
0.0211319
0.0211345
0.0211371
0.0211398
0.0211424
0.021145
0.0211476
0.0211502
0.0211528
0.0211554
0.021158
0.0211605
0.0211631
0.0211657
0.0211682
0.0211708
0.0211733
0.0211759
0.0211784
0.0211809
0.0211834
0.021186
0.0211885
0.021191
0.0211935
0.021196
0.0211985
0.0212009
0.0212034
0.0212059
0.0212084
0.0212108
0.0212133
0.0212157
0.0212182
0.0212206
0.021223
0.0212255
0.0212279
0.0212303
0.0212327
0.0212351
0.0212375
0.0212399
0.0212423
0.0212447
0.0212471
0.0212495
0.0212518
0.0212542
0.0212566
0.0212589
0.0212613
0.0212636
0.021266
0.0212683
0.0212706
0.021273
0.0212753
0.0212776
0.0212799
0.0212822
0.0212845
0.0212868
0.0212891
0.0212914
0.0212937
0.021296
0.0212982
0.0213005
0.0213028
0.021305
0.0213073
0.0213095
0.0213118
0.021314
0.0213163
0.0213185
0.0213207
0.0213229
0.0213252
0.0213274
0.0213296
0.0213318
0.021334
0.0213362
0.0213384
0.0213406
0.0213428
0.0213449
0.0213471
0.0213493
0.0213514
0.0213536
0.0213558
0.0213579
0.0213601
0.0213622
0.0213644
0.0213665
0.0213686
0.0213708
0.0213729
0.021375
0.0213771
0.0213792
0.0213813
0.0213834
0.0213855
0.0213876
0.0213897
0.0213918
0.0213939
0.021396
0.0213981
0.0214001
0.0214022
0.0214043
0.0214063
0.0214084
0.0214104
0.0214125
0.0214145
0.0214166
0.0214186
0.0214206
0.0214227
0.0214247
0.0214267
0.0214287
0.0214308
0.0214328
0.0214348
0.0214368
0.0214388
0.0214408
0.0214428
0.0214448
0.0214467
0.0214487
0.0214507
0.0214527
0.0214546
0.0214566
0.0214586
0.0214605
0.0214625
0.0214645
0.0214664
0.0214683
0.0214703
0.0214722
0.0214742
0.0214761
0.021478
0.02148
0.0214819
0.0214838
0.0214857
0.0214876
0.0214895
0.0214914
0.0214933
0.0214952
0.0214971
0.021499
0.0215009
0.0215028
0.0215047
0.0215066
0.0215084
0.0215103
0.0215122
0.021514
0.0215159
0.0215178
0.0215196
0.0215215
0.0215233
0.0215252
0.021527
0.0215289
0.0215307
0.0215325
0.0215344
0.0215362
0.021538
0.0215398
0.0215417
0.0215435
0.0215453
0.0215471
0.0215489
0.0215507
0.0215525
0.0215543
0.0215562
0.021558
0.0215596
0.0215605
0.021562
0.0215644
0.0215667
0.0215691
0.0215715
0.0215738
0.0215762
0.0215785
0.0215808
0.0215832
0.0215855
0.0215878
0.0215902
0.0215925
0.0215948
0.0215971
0.0215994
0.0216017
0.021604
0.0216063
0.0216086
0.0216108
0.0216131
0.0216154
0.0216177
0.0216199
0.0216222
0.0216244
0.0216267
0.0216289
0.0216312
0.0216334
0.0216356
0.0216379
0.0216401
0.0216423
0.0216445
0.0216467
0.0216489
0.0216511
0.0216533
0.0216555
0.0216577
0.0216599
0.0216621
0.0216642
0.0216664
0.0216686
0.0216707
0.0216729
0.0216751
0.0216772
0.0216794
0.0216815
0.0216836
0.0216858
0.0216879
0.02169
0.0216922
0.0216943
0.0216964
0.0216985
0.0217006
0.0217027
0.0217048
0.0217069
0.021709
0.0217111
0.0217132
0.0217153
0.0217173
0.0217194
0.0217215
0.0217235
0.0217256
0.0217277
0.0217297
0.0217318
0.0217338
0.0217359
0.0217379
0.0217399
0.021742
0.021744
0.021746
0.021748
0.0217501
0.0217521
0.0217541
0.0217561
0.0217581
0.0217601
0.0217621
0.0217641
0.0217661
0.0217681
0.02177
0.021772
0.021774
0.021776
0.0217779
0.0217799
0.0217819
0.0217838
0.0217858
0.0217877
0.0217897
0.0217916
0.0217935
0.0217955
0.0217974
0.0217993
0.0218013
0.0218032
0.0218051
0.021807
0.0218089
0.0218109
0.0218128
0.0218147
0.0218166
0.0218185
0.0218204
0.0218222
0.0218241
0.021826
0.0218279
0.0218298
0.0218317
0.0218335
0.0218354
0.0218373
0.0218391
0.021841
0.0218428
0.0218447
0.0218465
0.0218484
0.0218502
0.0218521
0.0218539
0.0218557
0.0218576
0.0218594
0.0218612
0.021863
0.0218649
0.0218667
0.0218685
0.0218703
0.0218721
0.0218739
0.0218757
0.0218775
0.0218793
0.0218811
0.0218829
0.0218847
0.0218865
0.0218882
0.02189
0.0218918
0.0218936
0.0218953
0.0218971
0.0218989
0.0219006
0.0219024
0.0219041
0.0219059
0.0219076
0.0219094
0.0219112
0.0219129
0.0219145
0.0219158
0.0219171
0.0219203
0.0219276
0.0266345
0.0266247
0.0266185
0.0266197
0.0266203
0.0266208
0.0266216
0.0266225
0.0266231
0.0266231
0.026623
0.0266231
0.0266233
0.0266232
0.0266227
0.0266224
0.0266218
0.0266211
0.0266205
0.0266194
0.0266183
0.026617
0.0266157
0.0266144
0.0266131
0.0266115
0.0266096
0.0266076
0.0266055
0.0266034
0.0266012
0.0265988
0.0265961
0.0265933
0.0265905
0.0265876
0.0265845
0.0265816
0.0265783
0.0265747
0.0265712
0.0265678
0.0265638
0.0265597
0.0265556
0.0265513
0.0265469
0.0265425
0.0265379
0.0265331
0.0265281
0.0265233
0.0265183
0.026513
0.0265075
0.0265018
0.0264961
0.0264902
0.0264842
0.0264783
0.0264722
0.0264658
0.0264591
0.0264522
0.0264453
0.0264383
0.0264314
0.0264243
0.0264169
0.0264093
0.0264015
0.0263937
0.0263856
0.0263773
0.026369
0.0263604
0.0263518
0.0263432
0.0263345
0.0263253
0.0263158
0.0263059
0.0262959
0.0262859
0.0262759
0.0262663
0.0262576
0.0262487
0.0262383
0.0262243
0.026206
0.0261859
0.0261721
0.0261762
0.0262036
0.0262405
0.0262435
0.0261529
0.025936
0.0256524
0.0255142
0.0213225
0.0219821
0.0219838
0.0219854
0.0219871
0.0219888
0.0219904
0.0219921
0.0219937
0.0219954
0.021997
0.0219987
0.0220003
0.022002
0.0220036
0.0220052
0.0220069
0.0220085
0.0220101
0.0220118
0.0220134
0.022015
0.0220166
0.0220183
0.0220199
0.0220215
0.0220231
0.0220247
0.0220263
0.0220279
0.0220295
0.0220311
0.0220327
0.0220343
0.0220359
0.0220375
0.022039
0.0220406
0.0220422
0.0220438
0.0220454
0.0220469
0.0220485
0.0220501
0.0220516
0.0220532
0.0220548
0.0220563
0.0220579
0.0220594
0.022061
0.0220625
0.0220641
0.0220656
0.0220672
0.0220687
0.0220703
0.0220718
0.0220733
0.0220749
0.0220764
0.0220779
0.0220794
0.022081
0.0220825
0.022084
0.0220855
0.022087
0.0220885
0.02209
0.0220915
0.0220931
0.0220946
0.0220961
0.0220976
0.022099
0.0221005
0.022102
0.0221035
0.022105
0.0221065
0.022108
0.0221095
0.022111
0.0221124
0.0221137
0.0221151
0.0221173
0.0221208
0.0221228
0.0221227
0.0221226
0.0221226
0.0221225
0.0221224
0.0221223
0.0221222
0.0221221
0.0221221
0.022122
0.0221219
0.0221218
0.0221217
0.0221216
0.0221215
0.0221215
0.0221214
0.0221213
0.0221212
0.0221211
0.022121
0.022121
0.0221209
0.0221208
0.0221207
0.0221206
0.0221205
0.0221205
0.0221204
0.0221203
0.0221202
0.0221201
0.02212
0.02212
0.0221199
0.0221198
0.0221197
0.0221196
0.0221196
0.0221195
0.0221194
0.0221193
0.0221192
0.0221191
0.0221191
0.022119
0.0221189
0.0221188
0.0221187
0.0221186
0.0221186
0.0221185
0.0221184
0.0221183
0.0221182
0.0221182
0.0221181
0.022118
0.0221179
0.0221178
0.0221177
0.0221177
0.0221176
0.0221175
0.0221174
0.0221173
0.0221173
0.0221172
0.0221171
0.022117
0.0221169
0.0221168
0.0221168
0.0221167
0.0221166
0.0221165
0.0221164
0.0221164
0.0221163
0.0221162
0.0221161
0.022116
0.022116
0.0221159
0.0221158
0.0221157
0.0221156
0.0221156
0.0221155
0.0221154
0.0221153
0.0221152
0.0221152
0.0221151
0.022115
0.0221149
0.0221148
0.0221148
0.0221147
0.0221146
0.0221145
0.0221144
0.0221144
0.0221143
0.0221142
0.0221141
0.022114
0.022114
0.0221139
0.0221138
0.0221137
0.0221136
0.0221136
0.0221135
0.0221134
0.0221133
0.0221132
0.0221132
0.0221131
0.022113
0.0221129
0.0221129
0.0221128
0.0221127
0.0221126
0.0221125
0.0221125
0.0221124
0.0221123
0.0221122
0.0221121
0.0221121
0.022112
0.0221119
0.0221118
0.0221118
0.0221117
0.0221116
0.0221115
0.0221114
0.0221114
0.0221113
0.0221112
0.0221111
0.0221111
0.022111
0.0221109
0.0221108
0.0221107
0.0221107
0.0221106
0.0221105
0.0221104
0.0221104
0.0221103
0.0221102
0.0221101
0.02211
0.02211
0.0221099
0.0221098
0.0221097
0.0221097
0.0221096
0.0221095
0.0221094
0.0221094
0.0221093
0.0221092
0.0221091
0.022109
0.022109
0.0221089
0.0221088
0.0221087
0.0221087
0.0221086
0.0221085
0.0221084
0.0221084
0.0221083
0.0221082
0.0221081
0.0221081
0.022108
0.0221079
0.0221078
0.0221078
0.0221077
0.0221076
0.0221075
0.0221074
0.0221074
0.0221073
0.0221072
0.0221071
0.0221071
0.022107
0.0221069
0.0221068
0.0221068
0.0221067
0.0221066
0.0221065
0.0221065
0.0221064
0.0221063
0.0221062
0.0221062
0.0221061
0.022106
0.0221059
0.0221059
0.0221058
0.0221057
0.0221057
0.0221058
0.0221057
0.0221049
0.0221032
0.0221029
0.0221108
0.0221303
0.0221353
0.0220465
0.0218089
0.0217101
0.0227394
0.0254008
0.0264124
0.0219634
0.0176314
0.0170058
0.0169937
0.0169923
0.0169909
0.0169896
0.0169882
0.0169868
0.0169855
0.0169841
0.0169827
0.0169814
0.01698
0.0169787
0.0169773
0.016976
0.0169746
0.0169732
0.0169719
0.0169705
0.0169692
0.0169678
0.0169665
0.0169651
0.0169638
0.0169625
0.0169611
0.0169598
0.0169584
0.0169571
0.0169557
0.0169544
0.0169531
0.0169517
0.0169504
0.016949
0.0169477
0.0169464
0.016945
0.0169437
0.0169424
0.0169411
0.0169397
0.0169384
0.0169371
0.0169357
0.0169344
0.0169331
0.0169318
0.0169304
0.0169291
0.0169278
0.0169265
0.0169252
0.0169239
0.0169225
0.0169212
0.0169199
0.0169186
0.0169173
0.016916
0.0169147
0.0169133
0.016912
0.0169107
0.0169094
0.0169081
0.0169068
0.0169054
0.0169025
0.0169005
0.0169005
0.0169004
0.0169004
0.0169003
0.0169003
0.0169003
0.0169002
0.0169002
0.0169001
0.0169001
0.0169
0.0169
0.0168999
0.0168999
0.0168998
0.0168998
0.0168998
0.0168997
0.0168997
0.0168996
0.0168996
0.0168995
0.0168995
0.0168994
0.0168994
0.0168993
0.0168993
0.0168993
0.0168992
0.0168992
0.0168991
0.0168991
0.016899
0.016899
0.0168989
0.0168989
0.0168989
0.0168988
0.0168988
0.0168987
0.0168987
0.0168986
0.0168986
0.0168985
0.0168985
0.0168984
0.0168984
0.0168983
0.0168983
0.0168983
0.0168982
0.0168982
0.0168981
0.0168981
0.016898
0.016898
0.0168979
0.0168979
0.0168978
0.0168978
0.0168977
0.0168977
0.0168976
0.0168976
0.0168976
0.0168975
0.0168975
0.0168974
0.0168974
0.0168973
0.0168973
0.0168972
0.0168972
0.0168971
0.0168971
0.016897
0.016897
0.0168969
0.0168969
0.0168968
0.0168968
0.0168967
0.0168967
0.0168966
0.0168966
0.0168965
0.0168965
0.0168964
0.0168964
0.0168963
0.0168963
0.0168962
0.0168962
0.0168961
0.0168961
0.016896
0.0168959
0.0168959
0.0168958
0.0168958
0.0168957
0.0168957
0.0168956
0.0168956
0.0168955
0.0168955
0.0168954
0.0168954
0.0168953
0.0168952
0.0168952
0.0168951
0.0168951
0.016895
0.016895
0.0168949
0.0168948
0.0168948
0.0168947
0.0168947
0.0168946
0.0168946
0.0168945
0.0168944
0.0168944
0.0168943
0.0168943
0.0168942
0.0168941
0.0168941
0.016894
0.016894
0.0168939
0.0168938
0.0168938
0.0168937
0.0168937
0.0168936
0.0168935
0.0168935
0.0168934
0.0168933
0.0168933
0.0168932
0.0168932
0.0168931
0.016893
0.016893
0.0168929
0.0168928
0.0168928
0.0168927
0.0168926
0.0168926
0.0168925
0.0168924
0.0168924
0.0168923
0.0168922
0.0168921
0.0168921
0.016892
0.0168919
0.0168919
0.0168918
0.0168917
0.0168917
0.0168916
0.0168915
0.0168914
0.0168914
0.0168913
0.0168912
0.0168911
0.0168911
0.016891
0.0168909
0.0168908
0.0168908
0.0168907
0.0168906
0.0168905
0.0168904
0.0168904
0.0168903
0.0168902
0.0168901
0.0168901
0.01689
0.0168899
0.0168898
0.0168897
0.0168896
0.0168896
0.0168895
0.0168894
0.0168893
0.0168892
0.0168891
0.0168891
0.016889
0.0168889
0.0168888
0.0168887
0.0168886
0.0168885
0.0168884
0.0168884
0.0168883
0.0168882
0.0168881
0.016888
0.0168879
0.0168878
0.0168877
0.0168876
0.0168875
0.0168874
0.0168874
0.0168873
0.0168872
0.0168871
0.016887
0.0168869
0.0168868
0.0168867
0.0168866
0.0168865
0.0168864
0.0168863
0.0168862
0.0168861
0.016886
0.0168859
0.0168858
0.0168857
0.0168857
0.0168856
0.0168855
0.0168854
0.0168853
0.0168852
0.0168851
0.016885
0.0168849
0.0168848
0.0168847
0.0168846
0.0168845
0.0168844
0.0168843
0.0168842
0.0168841
0.016884
0.0168839
0.0168838
0.0168837
0.0168836
0.0168835
0.0168834
0.0168833
0.0168832
0.0168831
0.016883
0.0168829
0.0168828
0.0168827
0.0168826
0.0168826
0.0168825
0.0168824
0.0168823
0.0168822
0.0168821
0.016882
0.0168819
0.0168818
0.0168817
0.0168816
0.0168815
0.0168814
0.0168813
0.0168812
0.0168811
0.016881
0.016881
0.0168809
0.0168808
0.0168807
0.0168806
0.0168805
0.0168804
0.0168803
0.0168802
0.0168801
0.01688
0.01688
0.0168799
0.0168798
0.0168797
0.0168796
0.0168795
0.0168794
0.0168793
0.0168793
0.0168792
0.0168791
0.016879
0.0168789
0.0168788
0.0168787
0.0168786
0.0168786
0.0168785
0.0168784
0.0168783
0.0168782
0.0168781
0.0168781
0.016878
0.0168779
0.0168778
0.0168777
0.0168776
0.0168776
0.0168775
0.0168774
0.0168773
0.0168772
0.0168771
0.0168771
0.016877
0.0168769
0.0168768
0.0168767
0.0168767
0.0168766
0.0168765
0.0168764
0.0168763
0.0168762
0.0168762
0.0168761
0.016876
0.0168759
0.0168758
0.0168758
0.0168757
0.0168756
0.0168755
0.0168754
0.0168754
0.0168753
0.0168752
0.0168751
0.016875
0.016875
0.0168749
0.0168748
0.0168747
0.0168746
0.0168745
0.0168745
0.0168744
0.0168743
0.0168742
0.0168741
0.0168741
0.016874
0.0168739
0.0168738
0.0168737
0.0168737
0.0168736
0.0168735
0.0168734
0.0168733
0.0168732
0.0168732
0.0168731
0.016873
0.0168729
0.0168728
0.0168727
0.0168727
0.0168726
0.0168725
0.0168724
0.0168723
0.0168722
0.0168722
0.0168721
0.016872
0.0168719
0.0168718
0.0168717
0.0168717
0.0168716
0.0168715
0.0168714
0.0168713
0.0168712
0.0168712
0.0168711
0.016871
0.0168709
0.0168708
0.0168707
0.0168706
0.0168706
0.0168705
0.0168704
0.0168703
0.0168702
0.0168701
0.0168701
0.01687
0.0168699
0.0168698
0.0168697
0.0168696
0.0168695
0.0168695
0.0168694
0.0168693
0.0168692
0.0168691
0.016869
0.0168689
0.0168689
0.0168688
0.0168687
0.0168686
0.0168685
0.0168684
0.0168683
0.0168683
0.0168682
0.0168681
0.016868
0.0168679
0.0168678
0.0168678
0.0168677
0.0168676
0.0168675
0.0168674
0.0168673
0.0168672
0.0168672
0.0168671
0.016867
0.0168669
0.0168668
0.0168667
0.0168666
0.0168666
0.0168665
0.0168664
0.0168663
0.0168662
0.0168661
0.0168661
0.016866
0.0168659
0.0168658
0.0168657
0.0168656
0.0168655
0.0168655
0.0168654
0.0168653
0.0168652
0.0168651
0.016865
0.0168649
0.0168649
0.0168648
0.0168647
0.0168646
0.0168645
0.0168644
0.0168644
0.0168643
0.0168642
0.0168641
0.016864
0.0168639
0.0168638
0.0168638
0.0168637
0.0168636
0.0168635
0.0168634
0.0168633
0.0168632
0.0168632
0.0168631
0.016863
0.0168629
0.0168628
0.0168627
0.0168626
0.0168626
0.0168625
0.0168624
0.0168623
0.0168622
0.0168621
0.016862
0.0168619
0.0168619
0.0168618
0.0168617
0.0168616
0.0168615
0.0168614
0.0168613
0.0168612
0.0168611
0.0168611
0.016861
0.0168609
0.0168608
0.0168607
0.0168606
0.0168605
0.0168604
0.0168603
0.0168602
0.0168602
0.0168601
0.01686
0.0168599
0.0168598
0.0168597
0.0168596
0.0168595
0.0168594
0.0168593
0.0168592
0.0168591
0.0168591
0.016859
0.0168589
0.0168588
0.0168587
0.0168586
0.0168585
0.0168584
0.0168583
0.0168582
0.0168581
0.016858
0.0168579
0.0168578
0.0168578
0.0168577
0.0168576
0.0168575
0.0168574
0.0168573
0.0168572
0.0168571
0.016857
0.0168569
0.0168568
0.0168567
0.0168566
0.0168565
0.0168564
0.0168563
0.0168563
0.0168562
0.0168561
0.016856
0.0168559
0.0168558
0.0168557
0.0168556
0.0168555
0.0168554
0.0168553
0.0168552
0.0168551
0.016855
0.0168549
0.0168548
0.0168547
0.0168546
0.0168546
0.0168545
0.0168544
0.0168543
0.0168542
0.0168541
0.016854
0.0168539
0.0168538
0.0168537
0.0168536
0.0168535
0.0168534
0.0168533
0.0168532
0.0168531
0.0168531
0.016853
0.0168529
0.0168528
0.0168527
0.0168526
0.0168525
0.0168524
0.0168523
0.0168522
0.0168521
0.016852
0.0168519
0.0168518
0.0168517
0.0168516
0.0168515
0.0168515
0.0168514
0.0168513
0.0168512
0.0168511
0.016851
0.0168509
0.0168508
0.0168507
0.0168506
0.0168505
0.0168504
0.0168503
0.0168502
0.0168501
0.01685
0.0168499
0.0168499
0.0168498
0.0168497
0.0168496
0.0168495
0.0168494
0.0168493
0.0168492
0.0168491
0.016849
0.0168489
0.0168488
0.0168487
0.0168486
0.0168485
0.0168484
0.0168483
0.0168482
0.0168481
0.016848
0.0168479
0.0168478
0.0168477
0.0168477
0.0168476
0.0168475
0.0168474
0.0168473
0.0168472
0.0168471
0.016847
0.0168469
0.0168468
0.0168467
0.0168466
0.0168465
0.0168464
0.0168463
0.0168462
0.0168461
0.016846
0.0168459
0.0168458
0.0168457
0.0168456
0.0168455
0.0168454
0.0168453
0.0168452
0.0168451
0.016845
0.0168449
0.0168448
0.0168447
0.0168446
0.0168445
0.0168444
0.0168443
0.0168442
0.0168441
0.016844
0.0168439
0.0168438
0.0168437
0.0168436
0.0168435
0.0168434
0.0168433
0.0168432
0.0168431
0.016843
0.0168429
0.0168429
0.0168428
0.0168427
0.0168426
0.0168425
0.0168424
0.0168423
0.0168422
0.0168421
0.016842
0.0168419
0.0168418
0.0168417
0.0168416
0.0168415
0.0168414
0.0168413
0.0168412
0.0168411
0.016841
0.0168409
0.0168408
0.0168407
0.0168406
0.0168405
0.0168404
0.0168403
0.0168402
0.0168401
0.01684
0.0168399
0.0168398
0.0168397
0.0168396
0.0168395
0.0168394
0.0168394
0.0168393
0.0168392
0.0168391
0.016839
0.0168389
0.0168388
0.0168387
0.0168386
0.0168385
0.0168384
0.0168383
0.0168382
0.0168381
0.016838
0.0168379
0.0168378
0.0168377
0.0168376
0.0168375
0.0168374
0.0168373
0.0168372
0.0168371
0.016837
0.0168369
0.0168368
0.0168367
0.0168366
0.0168365
0.0168365
0.0168364
0.0168363
0.0168362
0.0168361
0.016836
0.0168359
0.0168358
0.0168357
0.0168356
0.0168355
0.0168354
0.0168353
0.0168352
0.0168351
0.016835
0.0168349
0.0168348
0.0168347
0.0168346
0.0168345
0.0168344
0.0168343
0.0168342
0.0168341
0.016834
0.0168339
0.0168338
0.0168337
0.0168336
0.0168335
0.0168334
0.0168333
0.0168332
0.0168331
0.016833
0.0168329
0.0168328
0.0168327
0.0168326
0.0168325
0.0168324
0.0168323
0.0168322
0.0168321
0.016832
0.0168319
0.0168318
0.0168317
0.0168316
0.0168315
0.0168314
0.0168313
0.0168312
0.0168311
0.016831
0.0168309
0.0168308
0.0168307
0.0168306
0.0168305
0.0168304
0.0168303
0.0168302
0.0168301
0.01683
0.0168299
0.0168298
0.0168296
0.0168295
0.0168294
0.0168293
0.0168292
0.0168291
0.016829
0.0168289
0.0168288
0.0168287
0.0168286
0.0168285
0.0168284
0.0168283
0.0168282
0.0168281
0.016828
0.0168279
0.0168278
0.0168277
0.0168276
0.0168275
0.0168274
0.0168273
0.0168272
0.0168271
0.016827
0.0168269
0.0168268
0.0168267
0.0168266
0.0168265
0.0168264
0.0168263
0.0168262
0.0168261
0.016826
0.0168259
0.0168258
0.0168257
0.0168256
0.0168255
0.0168254
0.0168253
0.0168252
0.0168251
0.016825
0.0168249
0.0168248
0.0168247
0.0168246
0.0168245
0.0168244
0.0168243
0.0168242
0.0168241
0.016824
0.0168239
0.0168238
0.0168237
0.0168236
0.0168235
0.0168234
0.0168233
0.0168232
0.0168231
0.016823
0.0168229
0.0168228
0.0168227
0.0168226
0.0168225
0.0168224
0.0168223
0.0168222
0.0168221
0.016822
0.0168219
0.0168218
0.0168217
0.0168216
0.0168215
0.0168214
0.0168213
0.0168212
0.0168211
)
;

boundaryField
{
    inlet
    {
        type            zeroGradient;
    }
    outlet
    {
        type            zeroGradient;
    }
    right
    {
        type            empty;
    }
    left
    {
        type            empty;
    }
    atmosphere
    {
        type            empty;
    }
    bottomWall
    {
        type            empty;
    }
}


// ************************************************************************* //
