/*--------------------------------*- C++ -*----------------------------------*\
| =========                 |                                                 |
| \\      /  F ield         | foam-extend: Open Source CFD                    |
|  \\    /   O peration     | Version:     3.1                                |
|   \\  /    A nd           | Web:         http://www.extend-project.de       |
|    \\/     M anipulation  |                                                 |
\*---------------------------------------------------------------------------*/
FoamFile
{
    version     2.0;
    format      ascii;
    class       volVectorField;
    location    "38";
    object      U;
}
// * * * * * * * * * * * * * * * * * * * * * * * * * * * * * * * * * * * * * //

dimensions      [0 1 -1 0 0 0 0];

internalField   nonuniform List<vector> 
2539
(
(0.72865 0 0)
(0.729043 0 0)
(0.729845 0 0)
(0.730632 0 0)
(0.731421 0 0)
(0.732211 0 0)
(0.733004 0 0)
(0.733799 0 0)
(0.734596 0 0)
(0.735394 0 0)
(0.736195 0 0)
(0.736997 0 0)
(0.737801 0 0)
(0.738608 0 0)
(0.739416 0 0)
(0.740226 0 0)
(0.741038 0 0)
(0.741853 0 0)
(0.742669 0 0)
(0.743487 0 0)
(0.744307 0 0)
(0.74513 0 0)
(0.745954 0 0)
(0.74678 0 0)
(0.747609 0 0)
(0.748439 0 0)
(0.749272 0 0)
(0.750106 0 0)
(0.750943 0 0)
(0.751782 0 0)
(0.752622 0 0)
(0.753465 0 0)
(0.75431 0 0)
(0.755158 0 0)
(0.756007 0 0)
(0.756859 0 0)
(0.757712 0 0)
(0.758568 0 0)
(0.759426 0 0)
(0.760286 0 0)
(0.761149 0 0)
(0.762013 0 0)
(0.76288 0 0)
(0.763749 0 0)
(0.76462 0 0)
(0.765494 0 0)
(0.766369 0 0)
(0.767247 0 0)
(0.768128 0 0)
(0.76901 0 0)
(0.769895 0 0)
(0.770782 0 0)
(0.771672 0 0)
(0.772564 0 0)
(0.773458 0 0)
(0.774354 0 0)
(0.775253 0 0)
(0.776154 0 0)
(0.777058 0 0)
(0.777964 0 0)
(0.778872 0 0)
(0.779783 0 0)
(0.780696 0 0)
(0.781612 0 0)
(0.78253 0 0)
(0.78345 0 0)
(0.784373 0 0)
(0.785299 0 0)
(0.786227 0 0)
(0.787157 0 0)
(0.78809 0 0)
(0.789026 0 0)
(0.789964 0 0)
(0.790904 0 0)
(0.791847 0 0)
(0.792793 0 0)
(0.793741 0 0)
(0.794692 0 0)
(0.795646 0 0)
(0.796602 0 0)
(0.797561 0 0)
(0.798522 0 0)
(0.799486 0 0)
(0.800453 0 0)
(0.801422 0 0)
(0.802394 0 0)
(0.803369 0 0)
(0.804347 0 0)
(0.805327 0 0)
(0.80631 0 0)
(0.807296 0 0)
(0.808285 0 0)
(0.809276 0 0)
(0.81027 0 0)
(0.811267 0 0)
(0.812267 0 0)
(0.81327 0 0)
(0.814275 0 0)
(0.815284 0 0)
(0.816295 0 0)
(0.817309 0 0)
(0.818326 0 0)
(0.819347 0 0)
(0.82037 0 0)
(0.821396 0 0)
(0.822425 0 0)
(0.823457 0 0)
(0.824492 0 0)
(0.82553 0 0)
(0.826571 0 0)
(0.827615 0 0)
(0.828662 0 0)
(0.829712 0 0)
(0.830766 0 0)
(0.831822 0 0)
(0.832882 0 0)
(0.833945 0 0)
(0.835011 0 0)
(0.83608 0 0)
(0.837153 0 0)
(0.838228 0 0)
(0.839307 0 0)
(0.840389 0 0)
(0.841475 0 0)
(0.842563 0 0)
(0.843655 0 0)
(0.844751 0 0)
(0.845849 0 0)
(0.846952 0 0)
(0.848057 0 0)
(0.849166 0 0)
(0.850278 0 0)
(0.851394 0 0)
(0.852513 0 0)
(0.853636 0 0)
(0.854762 0 0)
(0.855892 0 0)
(0.857025 0 0)
(0.858162 0 0)
(0.859302 0 0)
(0.860446 0 0)
(0.861594 0 0)
(0.862745 0 0)
(0.8639 0 0)
(0.865058 0 0)
(0.866221 0 0)
(0.867387 0 0)
(0.868556 0 0)
(0.86973 0 0)
(0.870907 0 0)
(0.872088 0 0)
(0.873273 0 0)
(0.874462 0 0)
(0.875655 0 0)
(0.876851 0 0)
(0.878052 0 0)
(0.879256 0 0)
(0.880465 0 0)
(0.881677 0 0)
(0.882894 0 0)
(0.884114 0 0)
(0.885339 0 0)
(0.886568 0 0)
(0.887801 0 0)
(0.889038 0 0)
(0.890279 0 0)
(0.891524 0 0)
(0.892774 0 0)
(0.894027 0 0)
(0.895286 0 0)
(0.896548 0 0)
(0.897815 0 0)
(0.899086 0 0)
(0.900361 0 0)
(0.901641 0 0)
(0.902925 0 0)
(0.904214 0 0)
(0.905508 0 0)
(0.906805 0 0)
(0.908108 0 0)
(0.909415 0 0)
(0.910726 0 0)
(0.912043 0 0)
(0.913364 0 0)
(0.914689 0 0)
(0.916634 0 0)
(0.918329 0 0)
(0.91879 0 0)
(0.919186 0 0)
(0.91958 0 0)
(0.919973 0 0)
(0.920367 0 0)
(0.920762 0 0)
(0.921157 0 0)
(0.921552 0 0)
(0.921948 0 0)
(0.922344 0 0)
(0.92274 0 0)
(0.923137 0 0)
(0.923535 0 0)
(0.923933 0 0)
(0.924331 0 0)
(0.92473 0 0)
(0.925129 0 0)
(0.925528 0 0)
(0.925928 0 0)
(0.926329 0 0)
(0.92673 0 0)
(0.927131 0 0)
(0.927533 0 0)
(0.927935 0 0)
(0.928337 0 0)
(0.92874 0 0)
(0.929144 0 0)
(0.929548 0 0)
(0.929952 0 0)
(0.930357 0 0)
(0.930762 0 0)
(0.931168 0 0)
(0.931574 0 0)
(0.93198 0 0)
(0.932387 0 0)
(0.932795 0 0)
(0.933203 0 0)
(0.933611 0 0)
(0.93402 0 0)
(0.934429 0 0)
(0.934839 0 0)
(0.935249 0 0)
(0.935659 0 0)
(0.936071 0 0)
(0.936482 0 0)
(0.936894 0 0)
(0.937306 0 0)
(0.937719 0 0)
(0.938133 0 0)
(0.938546 0 0)
(0.938961 0 0)
(0.939375 0 0)
(0.939791 0 0)
(0.940206 0 0)
(0.940622 0 0)
(0.941039 0 0)
(0.941456 0 0)
(0.941873 0 0)
(0.942291 0 0)
(0.94271 0 0)
(0.943129 0 0)
(0.943548 0 0)
(0.943968 0 0)
(0.944388 0 0)
(0.944809 0 0)
(0.94523 0 0)
(0.945652 0 0)
(0.946074 0 0)
(0.946497 0 0)
(0.94692 0 0)
(0.947344 0 0)
(0.947768 0 0)
(0.948193 0 0)
(0.948618 0 0)
(0.949044 0 0)
(0.94947 0 0)
(0.949896 0 0)
(0.950323 0 0)
(0.950751 0 0)
(0.951179 0 0)
(0.951607 0 0)
(0.952036 0 0)
(0.952466 0 0)
(0.952896 0 0)
(0.953327 0 0)
(0.953758 0 0)
(0.954189 0 0)
(0.954621 0 0)
(0.955054 0 0)
(0.955487 0 0)
(0.95592 0 0)
(0.956354 0 0)
(0.956789 0 0)
(0.957224 0 0)
(0.957659 0 0)
(0.958095 0 0)
(0.958532 0 0)
(0.958969 0 0)
(0.959406 0 0)
(0.959844 0 0)
(0.960283 0 0)
(0.960722 0 0)
(0.961162 0 0)
(0.961602 0 0)
(0.962042 0 0)
(0.962484 0 0)
(0.962925 0 0)
(0.963368 0 0)
(0.96381 0 0)
(0.964254 0 0)
(0.964697 0 0)
(0.965142 0 0)
(0.965586 0 0)
(0.966032 0 0)
(0.966478 0 0)
(0.966924 0 0)
(0.967371 0 0)
(0.967819 0 0)
(0.968267 0 0)
(0.968715 0 0)
(0.969164 0 0)
(0.969614 0 0)
(0.970064 0 0)
(0.970515 0 0)
(0.970966 0 0)
(0.971418 0 0)
(0.97187 0 0)
(0.972323 0 0)
(0.972777 0 0)
(0.973231 0 0)
(0.973685 0 0)
(0.97414 0 0)
(0.974596 0 0)
(0.975052 0 0)
(0.975509 0 0)
(0.975966 0 0)
(0.976424 0 0)
(0.976882 0 0)
(0.977341 0 0)
(0.977801 0 0)
(0.978261 0 0)
(0.978722 0 0)
(0.979183 0 0)
(0.979645 0 0)
(0.980107 0 0)
(0.98057 0 0)
(0.981033 0 0)
(0.981497 0 0)
(0.981962 0 0)
(0.982427 0 0)
(0.982893 0 0)
(0.98336 0 0)
(0.983826 0 0)
(0.984294 0 0)
(0.984762 0 0)
(0.985231 0 0)
(0.9857 0 0)
(0.98617 0 0)
(0.98664 0 0)
(0.987112 0 0)
(0.987583 0 0)
(0.988055 0 0)
(0.988528 0 0)
(0.989002 0 0)
(0.989476 0 0)
(0.98995 0 0)
(0.990425 0 0)
(0.990901 0 0)
(0.991378 0 0)
(0.991855 0 0)
(0.992332 0 0)
(0.992811 0 0)
(0.993289 0 0)
(0.993769 0 0)
(0.994249 0 0)
(0.994729 0 0)
(0.995211 0 0)
(0.995693 0 0)
(0.996175 0 0)
(0.996658 0 0)
(0.997142 0 0)
(0.997626 0 0)
(0.998111 0 0)
(0.998597 0 0)
(0.999083 0 0)
(0.99957 0 0)
(1.00006 0 0)
(1.00055 0 0)
(1.00103 0 0)
(1.00152 0 0)
(1.00201 0 0)
(1.0025 0 0)
(1.003 0 0)
(1.00349 0 0)
(1.00398 0 0)
(1.00447 0 0)
(1.00495 0 0)
(1.00584 0 0)
(0.998313 0 0)
(1.05607 0 0)
(1.12622 0 0)
(1.1704 0 0)
(1.19857 0 0)
(1.21858 0 0)
(1.23419 0 0)
(1.24728 0 0)
(1.25884 0 0)
(1.26938 0 0)
(1.27922 0 0)
(1.28853 0 0)
(1.29743 0 0)
(1.306 0 0)
(1.3143 0 0)
(1.32236 0 0)
(1.33022 0 0)
(1.3379 0 0)
(1.34543 0 0)
(1.35281 0 0)
(1.36006 0 0)
(1.3672 0 0)
(1.37424 0 0)
(1.38118 0 0)
(1.38804 0 0)
(1.39481 0 0)
(1.40151 0 0)
(1.40814 0 0)
(1.41471 0 0)
(1.42122 0 0)
(1.42767 0 0)
(1.43408 0 0)
(1.44044 0 0)
(1.44675 0 0)
(1.45302 0 0)
(1.45926 0 0)
(1.46546 0 0)
(1.47163 0 0)
(1.47776 0 0)
(1.48387 0 0)
(1.48995 0 0)
(1.49601 0 0)
(1.50205 0 0)
(1.50806 0 0)
(1.51406 0 0)
(1.52003 0 0)
(1.52599 0 0)
(1.53194 0 0)
(1.53787 0 0)
(1.54379 0 0)
(1.5497 0 0)
(1.5556 0 0)
(1.5615 0 0)
(1.56738 0 0)
(1.57326 0 0)
(1.57914 0 0)
(1.58501 0 0)
(1.59089 0 0)
(1.59676 0 0)
(1.60263 0 0)
(1.6085 0 0)
(1.61438 0 0)
(1.62027 0 0)
(1.62616 0 0)
(1.63206 0 0)
(1.63796 0 0)
(1.64388 0 0)
(1.64982 0 0)
(1.65577 0 0)
(1.66173 0 0)
(1.66771 0 0)
(1.67372 0 0)
(1.67975 0 0)
(1.68581 0 0)
(1.6919 0 0)
(1.69802 0 0)
(1.70418 0 0)
(1.71038 0 0)
(1.71663 0 0)
(1.72293 0 0)
(1.7293 0 0)
(1.73573 0 0)
(1.74224 0 0)
(1.74884 0 0)
(1.75554 0 0)
(1.76236 0 0)
(1.76932 0 0)
(1.77644 0 0)
(1.78376 0 0)
(1.79132 0 0)
(1.79918 0 0)
(1.80739 0 0)
(1.81604 0 0)
(1.82526 0 0)
(1.83516 0 0)
(1.84591 0 0)
(1.85771 0 0)
(1.87076 0 0)
(1.88526 0 0)
(1.90134 0 0)
(1.94507 0 0)
(1.96562 0 0)
(1.98484 0 0)
(2.00291 0 0)
(2.02001 0 0)
(2.03627 0 0)
(2.05178 0 0)
(2.06664 0 0)
(2.08092 0 0)
(2.09468 0 0)
(2.10797 0 0)
(2.12083 0 0)
(2.1333 0 0)
(2.14541 0 0)
(2.1572 0 0)
(2.16868 0 0)
(2.17988 0 0)
(2.19083 0 0)
(2.20152 0 0)
(2.212 0 0)
(2.22225 0 0)
(2.23231 0 0)
(2.24218 0 0)
(2.25187 0 0)
(2.26139 0 0)
(2.27075 0 0)
(2.27995 0 0)
(2.28902 0 0)
(2.29794 0 0)
(2.30674 0 0)
(2.31541 0 0)
(2.32396 0 0)
(2.33239 0 0)
(2.34071 0 0)
(2.34893 0 0)
(2.35705 0 0)
(2.36507 0 0)
(2.37299 0 0)
(2.38083 0 0)
(2.38857 0 0)
(2.39623 0 0)
(2.40381 0 0)
(2.41131 0 0)
(2.41874 0 0)
(2.42609 0 0)
(2.43337 0 0)
(2.44058 0 0)
(2.44772 0 0)
(2.4548 0 0)
(2.46181 0 0)
(2.46876 0 0)
(2.47565 0 0)
(2.48248 0 0)
(2.48926 0 0)
(2.49598 0 0)
(2.50265 0 0)
(2.50926 0 0)
(2.51582 0 0)
(2.52233 0 0)
(2.5288 0 0)
(2.53521 0 0)
(2.54158 0 0)
(2.5479 0 0)
(2.55418 0 0)
(2.56042 0 0)
(2.56661 0 0)
(2.57276 0 0)
(2.57887 0 0)
(2.58494 0 0)
(2.59097 0 0)
(2.59696 0 0)
(2.60291 0 0)
(2.60883 0 0)
(2.61471 0 0)
(2.62056 0 0)
(2.62637 0 0)
(2.63214 0 0)
(2.63789 0 0)
(2.6436 0 0)
(2.64927 0 0)
(2.65492 0 0)
(2.66053 0 0)
(2.66612 0 0)
(2.67167 0 0)
(2.67719 0 0)
(2.68269 0 0)
(2.68815 0 0)
(2.69359 0 0)
(2.699 0 0)
(2.70438 0 0)
(2.70974 0 0)
(2.71507 0 0)
(2.72037 0 0)
(2.72564 0 0)
(2.73089 0 0)
(2.73614 0 0)
(2.74141 0 0)
(2.74668 0 0)
(2.7518 0 0)
(2.75646 0 0)
(2.76028 0 0)
(2.76361 0 0)
(2.76692 0 0)
(2.77022 0 0)
(2.77352 0 0)
(2.7768 0 0)
(2.78008 0 0)
(2.78334 0 0)
(2.78659 0 0)
(2.78984 0 0)
(2.79307 0 0)
(2.7963 0 0)
(2.79951 0 0)
(2.80272 0 0)
(2.80592 0 0)
(2.80911 0 0)
(2.81229 0 0)
(2.81546 0 0)
(2.81862 0 0)
(2.82177 0 0)
(2.82491 0 0)
(2.82805 0 0)
(2.83117 0 0)
(2.83429 0 0)
(2.8374 0 0)
(2.8405 0 0)
(2.84359 0 0)
(2.84667 0 0)
(2.84975 0 0)
(2.85281 0 0)
(2.85587 0 0)
(2.85892 0 0)
(2.86196 0 0)
(2.865 0 0)
(2.86802 0 0)
(2.87104 0 0)
(2.87405 0 0)
(2.87706 0 0)
(2.88005 0 0)
(2.88304 0 0)
(2.88602 0 0)
(2.88899 0 0)
(2.89196 0 0)
(2.89491 0 0)
(2.89786 0 0)
(2.9008 0 0)
(2.90374 0 0)
(2.90667 0 0)
(2.90959 0 0)
(2.9125 0 0)
(2.91541 0 0)
(2.91831 0 0)
(2.9212 0 0)
(2.92409 0 0)
(2.92697 0 0)
(2.92984 0 0)
(2.9327 0 0)
(2.93556 0 0)
(2.93841 0 0)
(2.94126 0 0)
(2.9441 0 0)
(2.94693 0 0)
(2.94975 0 0)
(2.95257 0 0)
(2.95538 0 0)
(2.95819 0 0)
(2.96099 0 0)
(2.96378 0 0)
(2.96657 0 0)
(2.96935 0 0)
(2.97212 0 0)
(2.97489 0 0)
(2.97765 0 0)
(2.98041 0 0)
(2.98315 0 0)
(2.9859 0 0)
(2.98864 0 0)
(2.99137 0 0)
(2.99409 0 0)
(2.99681 0 0)
(2.99952 0 0)
(3.00223 0 0)
(3.00493 0 0)
(3.00763 0 0)
(3.01032 0 0)
(3.013 0 0)
(3.01568 0 0)
(3.01836 0 0)
(3.02102 0 0)
(3.02369 0 0)
(3.02634 0 0)
(3.02899 0 0)
(3.03164 0 0)
(3.03428 0 0)
(3.03691 0 0)
(3.03954 0 0)
(3.04217 0 0)
(3.04478 0 0)
(3.0474 0 0)
(3.05 0 0)
(3.05261 0 0)
(3.0552 0 0)
(3.05779 0 0)
(3.06038 0 0)
(3.06296 0 0)
(3.06554 0 0)
(3.06811 0 0)
(3.07068 0 0)
(3.07324 0 0)
(3.07579 0 0)
(3.07834 0 0)
(3.08089 0 0)
(3.08343 0 0)
(3.08597 0 0)
(3.0885 0 0)
(3.09102 0 0)
(3.09355 0 0)
(3.09606 0 0)
(3.09857 0 0)
(3.10108 0 0)
(3.10358 0 0)
(3.10608 0 0)
(3.10857 0 0)
(3.11106 0 0)
(3.11354 0 0)
(3.11602 0 0)
(3.1185 0 0)
(3.12097 0 0)
(3.12343 0 0)
(3.12589 0 0)
(3.12835 0 0)
(3.1308 0 0)
(3.13324 0 0)
(3.13569 0 0)
(3.13812 0 0)
(3.14056 0 0)
(3.14298 0 0)
(3.14541 0 0)
(3.14783 0 0)
(3.15024 0 0)
(3.15266 0 0)
(3.15506 0 0)
(3.15746 0 0)
(3.15986 0 0)
(3.16226 0 0)
(3.16465 0 0)
(3.16703 0 0)
(3.16941 0 0)
(3.17179 0 0)
(3.17416 0 0)
(3.17653 0 0)
(3.1789 0 0)
(3.18126 0 0)
(3.18361 0 0)
(3.18596 0 0)
(3.18831 0 0)
(3.19066 0 0)
(3.193 0 0)
(3.19533 0 0)
(3.19766 0 0)
(3.19999 0 0)
(3.20231 0 0)
(3.20463 0 0)
(3.20695 0 0)
(3.20926 0 0)
(3.21157 0 0)
(3.21387 0 0)
(3.21617 0 0)
(3.21847 0 0)
(3.22076 0 0)
(3.22305 0 0)
(3.22534 0 0)
(3.22762 0 0)
(3.2299 0 0)
(3.23217 0 0)
(3.23444 0 0)
(3.2367 0 0)
(3.23897 0 0)
(3.24123 0 0)
(3.24348 0 0)
(3.24573 0 0)
(3.24798 0 0)
(3.25022 0 0)
(3.25246 0 0)
(3.2547 0 0)
(3.25693 0 0)
(3.25916 0 0)
(3.26139 0 0)
(3.26361 0 0)
(3.26583 0 0)
(3.26804 0 0)
(3.27025 0 0)
(3.27246 0 0)
(3.27467 0 0)
(3.27687 0 0)
(3.27906 0 0)
(3.28126 0 0)
(3.28345 0 0)
(3.28563 0 0)
(3.28782 0 0)
(3.29 0 0)
(3.29217 0 0)
(3.29435 0 0)
(3.29652 0 0)
(3.29868 0 0)
(3.30085 0 0)
(3.30301 0 0)
(3.30516 0 0)
(3.30732 0 0)
(3.30947 0 0)
(3.31161 0 0)
(3.31375 0 0)
(3.31589 0 0)
(3.31803 0 0)
(3.32016 0 0)
(3.32229 0 0)
(3.32442 0 0)
(3.32654 0 0)
(3.32866 0 0)
(3.33078 0 0)
(3.33289 0 0)
(3.33501 0 0)
(3.33711 0 0)
(3.33922 0 0)
(3.34132 0 0)
(3.34342 0 0)
(3.34551 0 0)
(3.3476 0 0)
(3.34969 0 0)
(3.35178 0 0)
(3.35386 0 0)
(3.35594 0 0)
(3.35801 0 0)
(3.36009 0 0)
(3.36216 0 0)
(3.36422 0 0)
(3.36629 0 0)
(3.36835 0 0)
(3.37041 0 0)
(3.37246 0 0)
(3.37451 0 0)
(3.37656 0 0)
(3.37861 0 0)
(3.38065 0 0)
(3.38269 0 0)
(3.38473 0 0)
(3.38676 0 0)
(3.38879 0 0)
(3.39082 0 0)
(3.39285 0 0)
(3.39487 0 0)
(3.39689 0 0)
(3.39891 0 0)
(3.40092 0 0)
(3.40293 0 0)
(3.40494 0 0)
(3.40694 0 0)
(3.40895 0 0)
(3.41094 0 0)
(3.41294 0 0)
(3.41494 0 0)
(3.41693 0 0)
(3.41891 0 0)
(3.4209 0 0)
(3.42288 0 0)
(3.42486 0 0)
(3.42684 0 0)
(3.42881 0 0)
(3.43078 0 0)
(3.43275 0 0)
(3.43472 0 0)
(3.43668 0 0)
(3.43864 0 0)
(3.4406 0 0)
(3.44256 0 0)
(3.44451 0 0)
(3.44646 0 0)
(3.44841 0 0)
(3.45035 0 0)
(3.45229 0 0)
(3.45423 0 0)
(3.45617 0 0)
(3.4581 0 0)
(3.46003 0 0)
(3.46196 0 0)
(3.46389 0 0)
(3.46581 0 0)
(3.46773 0 0)
(3.46965 0 0)
(3.47156 0 0)
(3.47348 0 0)
(3.47539 0 0)
(3.47729 0 0)
(3.4792 0 0)
(3.4811 0 0)
(3.483 0 0)
(3.4849 0 0)
(3.48679 0 0)
(3.48869 0 0)
(3.49057 0 0)
(3.49246 0 0)
(3.49435 0 0)
(3.49623 0 0)
(3.49811 0 0)
(3.49999 0 0)
(3.50186 0 0)
(3.50373 0 0)
(3.5056 0 0)
(3.50747 0 0)
(3.50933 0 0)
(3.5112 0 0)
(3.51306 0 0)
(3.51491 0 0)
(3.51677 0 0)
(3.51862 0 0)
(3.52047 0 0)
(3.52232 0 0)
(3.52417 0 0)
(3.52601 0 0)
(3.52785 0 0)
(3.52969 0 0)
(3.53152 0 0)
(3.53336 0 0)
(3.53519 0 0)
(3.53702 0 0)
(3.53884 0 0)
(3.54067 0 0)
(3.54249 0 0)
(3.54431 0 0)
(3.54612 0 0)
(3.54794 0 0)
(3.54975 0 0)
(3.55156 0 0)
(3.55337 0 0)
(3.55517 0 0)
(3.55698 0 0)
(3.55878 0 0)
(3.56058 0 0)
(3.56237 0 0)
(3.56417 0 0)
(3.56596 0 0)
(3.56775 0 0)
(3.56953 0 0)
(3.57132 0 0)
(3.57311 0 0)
(3.57489 0 0)
(3.57666 0 0)
(3.5784 0 0)
(3.58011 0 0)
(3.58187 0 0)
(3.58398 0 0)
(3.58633 0 0)
(3.58868 0 0)
(3.59103 0 0)
(3.59338 0 0)
(3.59572 0 0)
(3.59806 0 0)
(3.60039 0 0)
(3.60272 0 0)
(3.60505 0 0)
(3.60737 0 0)
(3.60969 0 0)
(3.61201 0 0)
(3.61432 0 0)
(3.61663 0 0)
(3.61894 0 0)
(3.62124 0 0)
(3.62354 0 0)
(3.62584 0 0)
(3.62813 0 0)
(3.63042 0 0)
(3.63271 0 0)
(3.63499 0 0)
(3.63728 0 0)
(3.63955 0 0)
(3.64183 0 0)
(3.6441 0 0)
(3.64636 0 0)
(3.64863 0 0)
(3.65089 0 0)
(3.65315 0 0)
(3.6554 0 0)
(3.65765 0 0)
(3.6599 0 0)
(3.66214 0 0)
(3.66439 0 0)
(3.66662 0 0)
(3.66886 0 0)
(3.67109 0 0)
(3.67332 0 0)
(3.67555 0 0)
(3.67777 0 0)
(3.67999 0 0)
(3.6822 0 0)
(3.68442 0 0)
(3.68663 0 0)
(3.68884 0 0)
(3.69104 0 0)
(3.69324 0 0)
(3.69544 0 0)
(3.69763 0 0)
(3.69983 0 0)
(3.70201 0 0)
(3.7042 0 0)
(3.70638 0 0)
(3.70856 0 0)
(3.71074 0 0)
(3.71291 0 0)
(3.71508 0 0)
(3.71725 0 0)
(3.71942 0 0)
(3.72158 0 0)
(3.72374 0 0)
(3.72589 0 0)
(3.72805 0 0)
(3.7302 0 0)
(3.73234 0 0)
(3.73449 0 0)
(3.73663 0 0)
(3.73877 0 0)
(3.7409 0 0)
(3.74304 0 0)
(3.74517 0 0)
(3.74729 0 0)
(3.74942 0 0)
(3.75154 0 0)
(3.75366 0 0)
(3.75577 0 0)
(3.75789 0 0)
(3.76 0 0)
(3.7621 0 0)
(3.76421 0 0)
(3.76631 0 0)
(3.76841 0 0)
(3.7705 0 0)
(3.7726 0 0)
(3.77469 0 0)
(3.77677 0 0)
(3.77886 0 0)
(3.78094 0 0)
(3.78302 0 0)
(3.7851 0 0)
(3.78717 0 0)
(3.78924 0 0)
(3.79131 0 0)
(3.79338 0 0)
(3.79544 0 0)
(3.7975 0 0)
(3.79956 0 0)
(3.80161 0 0)
(3.80366 0 0)
(3.80571 0 0)
(3.80776 0 0)
(3.8098 0 0)
(3.81185 0 0)
(3.81388 0 0)
(3.81592 0 0)
(3.81795 0 0)
(3.81998 0 0)
(3.82201 0 0)
(3.82404 0 0)
(3.82606 0 0)
(3.82808 0 0)
(3.8301 0 0)
(3.83212 0 0)
(3.83413 0 0)
(3.83614 0 0)
(3.83815 0 0)
(3.84015 0 0)
(3.84215 0 0)
(3.84415 0 0)
(3.84615 0 0)
(3.84815 0 0)
(3.85014 0 0)
(3.85213 0 0)
(3.85411 0 0)
(3.8561 0 0)
(3.85808 0 0)
(3.86006 0 0)
(3.86204 0 0)
(3.86401 0 0)
(3.86598 0 0)
(3.86795 0 0)
(3.86992 0 0)
(3.87189 0 0)
(3.87385 0 0)
(3.87581 0 0)
(3.87776 0 0)
(3.87972 0 0)
(3.88167 0 0)
(3.88362 0 0)
(3.88557 0 0)
(3.88751 0 0)
(3.88946 0 0)
(3.8914 0 0)
(3.89333 0 0)
(3.89527 0 0)
(3.8972 0 0)
(3.89913 0 0)
(3.90106 0 0)
(3.90299 0 0)
(3.90491 0 0)
(3.90683 0 0)
(3.90875 0 0)
(3.91066 0 0)
(3.91258 0 0)
(3.91449 0 0)
(3.9164 0 0)
(3.91831 0 0)
(3.92021 0 0)
(3.92211 0 0)
(3.92401 0 0)
(3.92591 0 0)
(3.9278 0 0)
(3.9297 0 0)
(3.93159 0 0)
(3.93347 0 0)
(3.93536 0 0)
(3.93724 0 0)
(3.93913 0 0)
(3.94101 0 0)
(3.94289 0 0)
(3.94476 0 0)
(3.94661 0 0)
(3.94844 0 0)
(3.95032 0 0)
(3.95241 0 0)
(3.95476 0 0)
(3.95667 0 0)
(3.9562 0 0)
(3.95356 0 0)
(3.95242 0 0)
(3.95306 0 0)
(3.95351 0 0)
(3.95393 0 0)
(3.95434 0 0)
(3.95463 0 0)
(3.95471 0 0)
(3.95461 0 0)
(3.95447 0 0)
(3.95431 0 0)
(3.95406 0 0)
(3.95363 0 0)
(3.95305 0 0)
(3.9524 0 0)
(3.95164 0 0)
(3.95077 0 0)
(3.94978 0 0)
(3.94863 0 0)
(3.94742 0 0)
(3.9461 0 0)
(3.94471 0 0)
(3.94324 0 0)
(3.94163 0 0)
(3.93987 0 0)
(3.93796 0 0)
(3.93595 0 0)
(3.93386 0 0)
(3.93169 0 0)
(3.92937 0 0)
(3.92691 0 0)
(3.92432 0 0)
(3.92165 0 0)
(3.91891 0 0)
(3.91606 0 0)
(3.91311 0 0)
(3.91007 0 0)
(3.90686 0 0)
(3.90351 0 0)
(3.90013 0 0)
(3.8966 0 0)
(3.89287 0 0)
(3.88905 0 0)
(3.88516 0 0)
(3.88114 0 0)
(3.87704 0 0)
(3.87285 0 0)
(3.86852 0 0)
(3.86406 0 0)
(3.85953 0 0)
(3.85491 0 0)
(3.85013 0 0)
(3.84519 0 0)
(3.84012 0 0)
(3.83495 0 0)
(3.8297 0 0)
(3.82434 0 0)
(3.81889 0 0)
(3.81335 0 0)
(3.80763 0 0)
(3.80175 0 0)
(3.79572 0 0)
(3.78961 0 0)
(3.78345 0 0)
(3.77719 0 0)
(3.77084 0 0)
(3.76432 0 0)
(3.75763 0 0)
(3.7508 0 0)
(3.74386 0 0)
(3.73682 0 0)
(3.72964 0 0)
(3.72235 0 0)
(3.71497 0 0)
(3.70745 0 0)
(3.69984 0 0)
(3.69212 0 0)
(3.6842 0 0)
(3.67607 0 0)
(3.66778 0 0)
(3.65938 0 0)
(3.65097 0 0)
(3.64252 0 0)
(3.63403 0 0)
(3.62551 0 0)
(3.61677 0 0)
(3.60745 0 0)
(3.59735 0 0)
(3.58667 0 0)
(3.57635 0 0)
(3.56792 0 0)
(3.56272 0 0)
(3.55996 0 0)
(3.55474 0 0)
(3.53854 0 0)
(3.50408 0 0)
(3.45537 0 0)
(3.4166 0 0)
(3.43105 0 0)
(3.54278 0 0)
(3.75155 0 0)
(4.02184 0 0)
(4.02367 0 0)
(4.0255 0 0)
(4.02732 0 0)
(4.02914 0 0)
(4.03096 0 0)
(4.03277 0 0)
(4.03459 0 0)
(4.0364 0 0)
(4.03821 0 0)
(4.04002 0 0)
(4.04182 0 0)
(4.04362 0 0)
(4.04543 0 0)
(4.04722 0 0)
(4.04902 0 0)
(4.05082 0 0)
(4.05261 0 0)
(4.0544 0 0)
(4.05619 0 0)
(4.05797 0 0)
(4.05976 0 0)
(4.06154 0 0)
(4.06332 0 0)
(4.0651 0 0)
(4.06687 0 0)
(4.06865 0 0)
(4.07042 0 0)
(4.07219 0 0)
(4.07396 0 0)
(4.07572 0 0)
(4.07749 0 0)
(4.07925 0 0)
(4.08101 0 0)
(4.08277 0 0)
(4.08452 0 0)
(4.08627 0 0)
(4.08803 0 0)
(4.08978 0 0)
(4.09152 0 0)
(4.09327 0 0)
(4.09501 0 0)
(4.09675 0 0)
(4.09849 0 0)
(4.10023 0 0)
(4.10196 0 0)
(4.1037 0 0)
(4.10543 0 0)
(4.10716 0 0)
(4.10888 0 0)
(4.11061 0 0)
(4.11233 0 0)
(4.11405 0 0)
(4.11577 0 0)
(4.11749 0 0)
(4.11921 0 0)
(4.12092 0 0)
(4.12263 0 0)
(4.12434 0 0)
(4.12605 0 0)
(4.12775 0 0)
(4.12946 0 0)
(4.13116 0 0)
(4.13286 0 0)
(4.13456 0 0)
(4.13625 0 0)
(4.13795 0 0)
(4.13964 0 0)
(4.14133 0 0)
(4.14302 0 0)
(4.1447 0 0)
(4.14639 0 0)
(4.14807 0 0)
(4.14975 0 0)
(4.15143 0 0)
(4.15311 0 0)
(4.15478 0 0)
(4.15646 0 0)
(4.15813 0 0)
(4.1598 0 0)
(4.16147 0 0)
(4.16313 0 0)
(4.16479 0 0)
(4.16643 0 0)
(4.16811 0 0)
(4.16986 0 0)
(4.17168 0 0)
(4.17323 0 0)
(4.17383 0 0)
(4.17374 0 0)
(4.17364 0 0)
(4.17355 0 0)
(4.17345 0 0)
(4.17336 0 0)
(4.17326 0 0)
(4.17317 0 0)
(4.17307 0 0)
(4.17297 0 0)
(4.17288 0 0)
(4.17279 0 0)
(4.17269 0 0)
(4.1726 0 0)
(4.1725 0 0)
(4.17241 0 0)
(4.17231 0 0)
(4.17222 0 0)
(4.17212 0 0)
(4.17203 0 0)
(4.17193 0 0)
(4.17184 0 0)
(4.17174 0 0)
(4.17165 0 0)
(4.17156 0 0)
(4.17146 0 0)
(4.17137 0 0)
(4.17127 0 0)
(4.17118 0 0)
(4.17109 0 0)
(4.17099 0 0)
(4.1709 0 0)
(4.1708 0 0)
(4.17071 0 0)
(4.17062 0 0)
(4.17052 0 0)
(4.17043 0 0)
(4.17034 0 0)
(4.17024 0 0)
(4.17015 0 0)
(4.17006 0 0)
(4.16996 0 0)
(4.16987 0 0)
(4.16978 0 0)
(4.16968 0 0)
(4.16959 0 0)
(4.1695 0 0)
(4.1694 0 0)
(4.16931 0 0)
(4.16922 0 0)
(4.16913 0 0)
(4.16903 0 0)
(4.16894 0 0)
(4.16885 0 0)
(4.16876 0 0)
(4.16866 0 0)
(4.16857 0 0)
(4.16848 0 0)
(4.16839 0 0)
(4.16829 0 0)
(4.1682 0 0)
(4.16811 0 0)
(4.16802 0 0)
(4.16793 0 0)
(4.16783 0 0)
(4.16774 0 0)
(4.16765 0 0)
(4.16756 0 0)
(4.16747 0 0)
(4.16737 0 0)
(4.16728 0 0)
(4.16719 0 0)
(4.1671 0 0)
(4.16701 0 0)
(4.16692 0 0)
(4.16683 0 0)
(4.16673 0 0)
(4.16664 0 0)
(4.16655 0 0)
(4.16646 0 0)
(4.16637 0 0)
(4.16628 0 0)
(4.16619 0 0)
(4.1661 0 0)
(4.16601 0 0)
(4.16591 0 0)
(4.16582 0 0)
(4.16573 0 0)
(4.16564 0 0)
(4.16555 0 0)
(4.16546 0 0)
(4.16537 0 0)
(4.16528 0 0)
(4.16519 0 0)
(4.1651 0 0)
(4.16501 0 0)
(4.16492 0 0)
(4.16483 0 0)
(4.16474 0 0)
(4.16465 0 0)
(4.16456 0 0)
(4.16447 0 0)
(4.16438 0 0)
(4.16429 0 0)
(4.1642 0 0)
(4.16411 0 0)
(4.16402 0 0)
(4.16393 0 0)
(4.16384 0 0)
(4.16375 0 0)
(4.16366 0 0)
(4.16357 0 0)
(4.16348 0 0)
(4.16339 0 0)
(4.1633 0 0)
(4.16321 0 0)
(4.16312 0 0)
(4.16304 0 0)
(4.16295 0 0)
(4.16286 0 0)
(4.16277 0 0)
(4.16268 0 0)
(4.16259 0 0)
(4.1625 0 0)
(4.16241 0 0)
(4.16232 0 0)
(4.16224 0 0)
(4.16215 0 0)
(4.16206 0 0)
(4.16197 0 0)
(4.16188 0 0)
(4.16179 0 0)
(4.1617 0 0)
(4.16162 0 0)
(4.16153 0 0)
(4.16144 0 0)
(4.16135 0 0)
(4.16126 0 0)
(4.16118 0 0)
(4.16109 0 0)
(4.161 0 0)
(4.16091 0 0)
(4.16082 0 0)
(4.16074 0 0)
(4.16065 0 0)
(4.16056 0 0)
(4.16047 0 0)
(4.16038 0 0)
(4.1603 0 0)
(4.16021 0 0)
(4.16012 0 0)
(4.16004 0 0)
(4.15995 0 0)
(4.15986 0 0)
(4.15977 0 0)
(4.15969 0 0)
(4.1596 0 0)
(4.15951 0 0)
(4.15943 0 0)
(4.15934 0 0)
(4.15925 0 0)
(4.15916 0 0)
(4.15908 0 0)
(4.15899 0 0)
(4.1589 0 0)
(4.15882 0 0)
(4.15873 0 0)
(4.15864 0 0)
(4.15856 0 0)
(4.15847 0 0)
(4.15838 0 0)
(4.1583 0 0)
(4.15821 0 0)
(4.15813 0 0)
(4.15804 0 0)
(4.15795 0 0)
(4.15787 0 0)
(4.15778 0 0)
(4.1577 0 0)
(4.15761 0 0)
(4.15752 0 0)
(4.15744 0 0)
(4.15735 0 0)
(4.15727 0 0)
(4.15718 0 0)
(4.1571 0 0)
(4.15701 0 0)
(4.15692 0 0)
(4.15684 0 0)
(4.15675 0 0)
(4.15667 0 0)
(4.15658 0 0)
(4.1565 0 0)
(4.15641 0 0)
(4.15633 0 0)
(4.15624 0 0)
(4.15616 0 0)
(4.15607 0 0)
(4.15599 0 0)
(4.1559 0 0)
(4.15582 0 0)
(4.15573 0 0)
(4.15565 0 0)
(4.15556 0 0)
(4.15548 0 0)
(4.15539 0 0)
(4.15531 0 0)
(4.15522 0 0)
(4.15514 0 0)
(4.15506 0 0)
(4.15497 0 0)
(4.15489 0 0)
(4.1548 0 0)
(4.15472 0 0)
(4.15463 0 0)
(4.15456 0 0)
(4.15448 0 0)
(4.15438 0 0)
(4.15422 0 0)
(4.15402 0 0)
(4.15409 0 0)
(4.15497 0 0)
(4.15633 0 0)
(4.15466 0 0)
(4.14343 0 0)
(4.12536 0 0)
(4.14031 0 0)
(4.27148 0 0)
(4.51045 0 0)
(4.35358 0 0)
(3.0707 0 0)
(1.56553 0 0)
(0.993315 0 0)
(0.932155 0 0)
(0.930714 0 0)
(0.930278 0 0)
(0.929847 0 0)
(0.929418 0 0)
(0.928988 0 0)
(0.92856 0 0)
(0.928131 0 0)
(0.927704 0 0)
(0.927276 0 0)
(0.926849 0 0)
(0.926423 0 0)
(0.925997 0 0)
(0.925571 0 0)
(0.925146 0 0)
(0.924722 0 0)
(0.924298 0 0)
(0.923874 0 0)
(0.923451 0 0)
(0.923029 0 0)
(0.922606 0 0)
(0.922185 0 0)
(0.921763 0 0)
(0.921343 0 0)
(0.920922 0 0)
(0.920502 0 0)
(0.920083 0 0)
(0.919664 0 0)
(0.919246 0 0)
(0.918828 0 0)
(0.91841 0 0)
(0.917993 0 0)
(0.917576 0 0)
(0.91716 0 0)
(0.916744 0 0)
(0.916329 0 0)
(0.915914 0 0)
(0.9155 0 0)
(0.915086 0 0)
(0.914672 0 0)
(0.914259 0 0)
(0.913847 0 0)
(0.913435 0 0)
(0.913023 0 0)
(0.912612 0 0)
(0.912201 0 0)
(0.911791 0 0)
(0.911381 0 0)
(0.910971 0 0)
(0.910562 0 0)
(0.910154 0 0)
(0.909745 0 0)
(0.909338 0 0)
(0.908931 0 0)
(0.908524 0 0)
(0.908117 0 0)
(0.907711 0 0)
(0.907306 0 0)
(0.906901 0 0)
(0.906496 0 0)
(0.906092 0 0)
(0.905688 0 0)
(0.905285 0 0)
(0.904882 0 0)
(0.904479 0 0)
(0.904077 0 0)
(0.903676 0 0)
(0.903272 0 0)
(0.902889 0 0)
(0.902715 0 0)
(0.90272 0 0)
(0.902721 0 0)
(0.902722 0 0)
(0.902724 0 0)
(0.902725 0 0)
(0.902727 0 0)
(0.902728 0 0)
(0.90273 0 0)
(0.902731 0 0)
(0.902733 0 0)
(0.902734 0 0)
(0.902735 0 0)
(0.902737 0 0)
(0.902738 0 0)
(0.90274 0 0)
(0.902741 0 0)
(0.902743 0 0)
(0.902744 0 0)
(0.902746 0 0)
(0.902747 0 0)
(0.902749 0 0)
(0.90275 0 0)
(0.902752 0 0)
(0.902753 0 0)
(0.902755 0 0)
(0.902756 0 0)
(0.902758 0 0)
(0.902759 0 0)
(0.902761 0 0)
(0.902762 0 0)
(0.902764 0 0)
(0.902765 0 0)
(0.902767 0 0)
(0.902769 0 0)
(0.90277 0 0)
(0.902772 0 0)
(0.902773 0 0)
(0.902775 0 0)
(0.902776 0 0)
(0.902778 0 0)
(0.902779 0 0)
(0.902781 0 0)
(0.902782 0 0)
(0.902784 0 0)
(0.902785 0 0)
(0.902787 0 0)
(0.902788 0 0)
(0.90279 0 0)
(0.902791 0 0)
(0.902793 0 0)
(0.902794 0 0)
(0.902796 0 0)
(0.902797 0 0)
(0.902799 0 0)
(0.9028 0 0)
(0.902802 0 0)
(0.902803 0 0)
(0.902805 0 0)
(0.902806 0 0)
(0.902808 0 0)
(0.902809 0 0)
(0.902811 0 0)
(0.902812 0 0)
(0.902813 0 0)
(0.902815 0 0)
(0.902816 0 0)
(0.902818 0 0)
(0.902819 0 0)
(0.902821 0 0)
(0.902822 0 0)
(0.902823 0 0)
(0.902825 0 0)
(0.902826 0 0)
(0.902827 0 0)
(0.902829 0 0)
(0.90283 0 0)
(0.902832 0 0)
(0.902833 0 0)
(0.902834 0 0)
(0.902836 0 0)
(0.902837 0 0)
(0.902838 0 0)
(0.902839 0 0)
(0.902841 0 0)
(0.902842 0 0)
(0.902843 0 0)
(0.902844 0 0)
(0.902846 0 0)
(0.902847 0 0)
(0.902848 0 0)
(0.902849 0 0)
(0.902851 0 0)
(0.902852 0 0)
(0.902853 0 0)
(0.902854 0 0)
(0.902855 0 0)
(0.902856 0 0)
(0.902857 0 0)
(0.902859 0 0)
(0.90286 0 0)
(0.902861 0 0)
(0.902862 0 0)
(0.902863 0 0)
(0.902864 0 0)
(0.902865 0 0)
(0.902866 0 0)
(0.902867 0 0)
(0.902868 0 0)
(0.902869 0 0)
(0.90287 0 0)
(0.902871 0 0)
(0.902872 0 0)
(0.902873 0 0)
(0.902873 0 0)
(0.902874 0 0)
(0.902875 0 0)
(0.902876 0 0)
(0.902877 0 0)
(0.902878 0 0)
(0.902878 0 0)
(0.902879 0 0)
(0.90288 0 0)
(0.902881 0 0)
(0.902881 0 0)
(0.902882 0 0)
(0.902883 0 0)
(0.902883 0 0)
(0.902884 0 0)
(0.902884 0 0)
(0.902885 0 0)
(0.902886 0 0)
(0.902886 0 0)
(0.902887 0 0)
(0.902887 0 0)
(0.902888 0 0)
(0.902888 0 0)
(0.902889 0 0)
(0.902889 0 0)
(0.902889 0 0)
(0.90289 0 0)
(0.90289 0 0)
(0.90289 0 0)
(0.902891 0 0)
(0.902891 0 0)
(0.902891 0 0)
(0.902891 0 0)
(0.902892 0 0)
(0.902892 0 0)
(0.902892 0 0)
(0.902892 0 0)
(0.902892 0 0)
(0.902892 0 0)
(0.902892 0 0)
(0.902892 0 0)
(0.902892 0 0)
(0.902892 0 0)
(0.902892 0 0)
(0.902892 0 0)
(0.902892 0 0)
(0.902891 0 0)
(0.902891 0 0)
(0.902891 0 0)
(0.902891 0 0)
(0.902891 0 0)
(0.90289 0 0)
(0.90289 0 0)
(0.90289 0 0)
(0.902889 0 0)
(0.902889 0 0)
(0.902888 0 0)
(0.902888 0 0)
(0.902887 0 0)
(0.902887 0 0)
(0.902886 0 0)
(0.902885 0 0)
(0.902885 0 0)
(0.902884 0 0)
(0.902883 0 0)
(0.902883 0 0)
(0.902882 0 0)
(0.902881 0 0)
(0.90288 0 0)
(0.902879 0 0)
(0.902879 0 0)
(0.902878 0 0)
(0.902877 0 0)
(0.902876 0 0)
(0.902875 0 0)
(0.902874 0 0)
(0.902873 0 0)
(0.902871 0 0)
(0.90287 0 0)
(0.902869 0 0)
(0.902868 0 0)
(0.902867 0 0)
(0.902865 0 0)
(0.902864 0 0)
(0.902863 0 0)
(0.902862 0 0)
(0.90286 0 0)
(0.902859 0 0)
(0.902857 0 0)
(0.902856 0 0)
(0.902854 0 0)
(0.902853 0 0)
(0.902851 0 0)
(0.90285 0 0)
(0.902848 0 0)
(0.902847 0 0)
(0.902845 0 0)
(0.902843 0 0)
(0.902842 0 0)
(0.90284 0 0)
(0.902838 0 0)
(0.902837 0 0)
(0.902835 0 0)
(0.902833 0 0)
(0.902831 0 0)
(0.902829 0 0)
(0.902828 0 0)
(0.902826 0 0)
(0.902824 0 0)
(0.902822 0 0)
(0.90282 0 0)
(0.902818 0 0)
(0.902816 0 0)
(0.902814 0 0)
(0.902812 0 0)
(0.90281 0 0)
(0.902808 0 0)
(0.902806 0 0)
(0.902804 0 0)
(0.902802 0 0)
(0.9028 0 0)
(0.902798 0 0)
(0.902796 0 0)
(0.902794 0 0)
(0.902792 0 0)
(0.90279 0 0)
(0.902788 0 0)
(0.902786 0 0)
(0.902784 0 0)
(0.902782 0 0)
(0.90278 0 0)
(0.902778 0 0)
(0.902775 0 0)
(0.902773 0 0)
(0.902771 0 0)
(0.902769 0 0)
(0.902767 0 0)
(0.902765 0 0)
(0.902763 0 0)
(0.902761 0 0)
(0.902759 0 0)
(0.902757 0 0)
(0.902755 0 0)
(0.902752 0 0)
(0.90275 0 0)
(0.902748 0 0)
(0.902746 0 0)
(0.902744 0 0)
(0.902742 0 0)
(0.90274 0 0)
(0.902738 0 0)
(0.902736 0 0)
(0.902734 0 0)
(0.902732 0 0)
(0.90273 0 0)
(0.902728 0 0)
(0.902726 0 0)
(0.902724 0 0)
(0.902723 0 0)
(0.902721 0 0)
(0.902719 0 0)
(0.902717 0 0)
(0.902715 0 0)
(0.902713 0 0)
(0.902711 0 0)
(0.902709 0 0)
(0.902708 0 0)
(0.902706 0 0)
(0.902704 0 0)
(0.902702 0 0)
(0.902701 0 0)
(0.902699 0 0)
(0.902697 0 0)
(0.902696 0 0)
(0.902694 0 0)
(0.902692 0 0)
(0.902691 0 0)
(0.902689 0 0)
(0.902687 0 0)
(0.902686 0 0)
(0.902684 0 0)
(0.902683 0 0)
(0.902681 0 0)
(0.90268 0 0)
(0.902678 0 0)
(0.902677 0 0)
(0.902675 0 0)
(0.902674 0 0)
(0.902672 0 0)
(0.902671 0 0)
(0.90267 0 0)
(0.902668 0 0)
(0.902667 0 0)
(0.902666 0 0)
(0.902664 0 0)
(0.902663 0 0)
(0.902662 0 0)
(0.902661 0 0)
(0.902659 0 0)
(0.902658 0 0)
(0.902657 0 0)
(0.902656 0 0)
(0.902654 0 0)
(0.902653 0 0)
(0.902652 0 0)
(0.902651 0 0)
(0.90265 0 0)
(0.902649 0 0)
(0.902648 0 0)
(0.902647 0 0)
(0.902645 0 0)
(0.902644 0 0)
(0.902643 0 0)
(0.902642 0 0)
(0.902641 0 0)
(0.90264 0 0)
(0.902639 0 0)
(0.902638 0 0)
(0.902637 0 0)
(0.902636 0 0)
(0.902635 0 0)
(0.902634 0 0)
(0.902633 0 0)
(0.902633 0 0)
(0.902632 0 0)
(0.902631 0 0)
(0.90263 0 0)
(0.902629 0 0)
(0.902628 0 0)
(0.902627 0 0)
(0.902626 0 0)
(0.902625 0 0)
(0.902624 0 0)
(0.902623 0 0)
(0.902623 0 0)
(0.902622 0 0)
(0.902621 0 0)
(0.90262 0 0)
(0.902619 0 0)
(0.902618 0 0)
(0.902617 0 0)
(0.902616 0 0)
(0.902616 0 0)
(0.902615 0 0)
(0.902614 0 0)
(0.902613 0 0)
(0.902612 0 0)
(0.902611 0 0)
(0.90261 0 0)
(0.90261 0 0)
(0.902609 0 0)
(0.902608 0 0)
(0.902607 0 0)
(0.902606 0 0)
(0.902605 0 0)
(0.902604 0 0)
(0.902604 0 0)
(0.902603 0 0)
(0.902602 0 0)
(0.902601 0 0)
(0.9026 0 0)
(0.902599 0 0)
(0.902598 0 0)
(0.902597 0 0)
(0.902597 0 0)
(0.902596 0 0)
(0.902595 0 0)
(0.902594 0 0)
(0.902593 0 0)
(0.902592 0 0)
(0.902591 0 0)
(0.90259 0 0)
(0.902589 0 0)
(0.902588 0 0)
(0.902587 0 0)
(0.902586 0 0)
(0.902586 0 0)
(0.902585 0 0)
(0.902584 0 0)
(0.902583 0 0)
(0.902582 0 0)
(0.902581 0 0)
(0.90258 0 0)
(0.902579 0 0)
(0.902578 0 0)
(0.902577 0 0)
(0.902576 0 0)
(0.902575 0 0)
(0.902574 0 0)
(0.902573 0 0)
(0.902572 0 0)
(0.902571 0 0)
(0.90257 0 0)
(0.902569 0 0)
(0.902568 0 0)
(0.902567 0 0)
(0.902566 0 0)
(0.902565 0 0)
(0.902564 0 0)
(0.902563 0 0)
(0.902562 0 0)
(0.902561 0 0)
(0.90256 0 0)
(0.902559 0 0)
(0.902558 0 0)
(0.902557 0 0)
(0.902556 0 0)
(0.902555 0 0)
(0.902554 0 0)
(0.902553 0 0)
(0.902552 0 0)
(0.902551 0 0)
(0.90255 0 0)
(0.902549 0 0)
(0.902548 0 0)
(0.902546 0 0)
(0.902545 0 0)
(0.902544 0 0)
(0.902543 0 0)
(0.902542 0 0)
(0.902541 0 0)
(0.90254 0 0)
(0.902539 0 0)
(0.902538 0 0)
(0.902537 0 0)
(0.902536 0 0)
(0.902535 0 0)
(0.902534 0 0)
(0.902533 0 0)
(0.902532 0 0)
(0.902531 0 0)
(0.90253 0 0)
(0.902529 0 0)
(0.902528 0 0)
(0.902527 0 0)
(0.902526 0 0)
(0.902524 0 0)
(0.902523 0 0)
(0.902522 0 0)
(0.902521 0 0)
(0.90252 0 0)
(0.902519 0 0)
(0.902518 0 0)
(0.902517 0 0)
(0.902516 0 0)
(0.902515 0 0)
(0.902514 0 0)
(0.902513 0 0)
(0.902512 0 0)
(0.902511 0 0)
(0.90251 0 0)
(0.902509 0 0)
(0.902508 0 0)
(0.902507 0 0)
(0.902506 0 0)
(0.902505 0 0)
(0.902503 0 0)
(0.902502 0 0)
(0.902501 0 0)
(0.9025 0 0)
(0.902499 0 0)
(0.902498 0 0)
(0.902497 0 0)
(0.902496 0 0)
(0.902495 0 0)
(0.902494 0 0)
(0.902493 0 0)
(0.902492 0 0)
(0.902491 0 0)
(0.90249 0 0)
(0.902489 0 0)
(0.902487 0 0)
(0.902486 0 0)
(0.902485 0 0)
(0.902484 0 0)
(0.902483 0 0)
(0.902482 0 0)
(0.902481 0 0)
(0.90248 0 0)
(0.902479 0 0)
(0.902477 0 0)
(0.902476 0 0)
(0.902475 0 0)
(0.902474 0 0)
(0.902473 0 0)
(0.902472 0 0)
(0.902471 0 0)
(0.902469 0 0)
(0.902468 0 0)
(0.902467 0 0)
(0.902466 0 0)
(0.902465 0 0)
(0.902464 0 0)
(0.902462 0 0)
(0.902461 0 0)
(0.90246 0 0)
(0.902459 0 0)
(0.902458 0 0)
(0.902456 0 0)
(0.902455 0 0)
(0.902454 0 0)
(0.902453 0 0)
(0.902451 0 0)
(0.90245 0 0)
(0.902449 0 0)
(0.902447 0 0)
(0.902446 0 0)
(0.902445 0 0)
(0.902444 0 0)
(0.902442 0 0)
(0.902441 0 0)
(0.90244 0 0)
(0.902438 0 0)
(0.902437 0 0)
(0.902436 0 0)
(0.902434 0 0)
(0.902433 0 0)
(0.902432 0 0)
(0.90243 0 0)
(0.902429 0 0)
(0.902427 0 0)
(0.902426 0 0)
(0.902425 0 0)
(0.902423 0 0)
(0.902422 0 0)
(0.90242 0 0)
(0.902419 0 0)
(0.902417 0 0)
(0.902416 0 0)
(0.902415 0 0)
(0.902413 0 0)
(0.902412 0 0)
(0.90241 0 0)
(0.902409 0 0)
(0.902407 0 0)
(0.902406 0 0)
(0.902404 0 0)
(0.902403 0 0)
(0.902401 0 0)
(0.9024 0 0)
(0.902398 0 0)
(0.902397 0 0)
(0.902395 0 0)
(0.902394 0 0)
(0.902392 0 0)
(0.902391 0 0)
(0.902389 0 0)
(0.902387 0 0)
(0.902386 0 0)
(0.902384 0 0)
(0.902383 0 0)
(0.902381 0 0)
(0.90238 0 0)
(0.902378 0 0)
(0.902377 0 0)
(0.902375 0 0)
(0.902373 0 0)
(0.902372 0 0)
(0.90237 0 0)
(0.902369 0 0)
(0.902367 0 0)
(0.902365 0 0)
(0.902364 0 0)
(0.902362 0 0)
(0.902361 0 0)
(0.902359 0 0)
(0.902358 0 0)
(0.902356 0 0)
(0.902354 0 0)
(0.902353 0 0)
(0.902351 0 0)
(0.90235 0 0)
(0.902348 0 0)
(0.902346 0 0)
(0.902345 0 0)
(0.902343 0 0)
(0.902342 0 0)
(0.90234 0 0)
(0.902338 0 0)
(0.902337 0 0)
(0.902335 0 0)
(0.902334 0 0)
(0.902332 0 0)
(0.90233 0 0)
(0.902329 0 0)
(0.902327 0 0)
(0.902326 0 0)
(0.902324 0 0)
(0.902322 0 0)
(0.902321 0 0)
(0.902319 0 0)
(0.902318 0 0)
(0.902316 0 0)
(0.902314 0 0)
(0.902313 0 0)
(0.902311 0 0)
(0.90231 0 0)
(0.902308 0 0)
(0.902306 0 0)
(0.902305 0 0)
(0.902303 0 0)
(0.902302 0 0)
(0.9023 0 0)
(0.902298 0 0)
(0.902297 0 0)
(0.902295 0 0)
(0.902293 0 0)
(0.902292 0 0)
(0.90229 0 0)
(0.902289 0 0)
(0.902287 0 0)
(0.902285 0 0)
(0.902284 0 0)
(0.902282 0 0)
(0.902281 0 0)
(0.902279 0 0)
(0.902277 0 0)
(0.902276 0 0)
(0.902274 0 0)
(0.902272 0 0)
(0.902271 0 0)
(0.902269 0 0)
(0.902268 0 0)
(0.902266 0 0)
(0.902264 0 0)
(0.902263 0 0)
(0.902261 0 0)
(0.902259 0 0)
(0.902258 0 0)
(0.902256 0 0)
(0.902254 0 0)
(0.902253 0 0)
(0.902251 0 0)
(0.902249 0 0)
(0.902248 0 0)
(0.902246 0 0)
(0.902244 0 0)
(0.902243 0 0)
(0.902241 0 0)
(0.902239 0 0)
(0.902238 0 0)
(0.902236 0 0)
(0.902234 0 0)
(0.902233 0 0)
(0.902231 0 0)
(0.902229 0 0)
(0.902227 0 0)
(0.902226 0 0)
(0.902224 0 0)
(0.902222 0 0)
(0.902221 0 0)
(0.902219 0 0)
(0.902217 0 0)
(0.902215 0 0)
(0.902214 0 0)
(0.902212 0 0)
(0.90221 0 0)
(0.902208 0 0)
(0.902207 0 0)
(0.902205 0 0)
(0.902203 0 0)
(0.902201 0 0)
(0.9022 0 0)
(0.902198 0 0)
(0.902196 0 0)
(0.902194 0 0)
(0.902193 0 0)
(0.902191 0 0)
(0.902189 0 0)
(0.902187 0 0)
(0.902185 0 0)
(0.902184 0 0)
(0.902182 0 0)
(0.90218 0 0)
(0.902178 0 0)
(0.902177 0 0)
(0.902175 0 0)
(0.902173 0 0)
(0.902171 0 0)
(0.90217 0 0)
(0.902168 0 0)
(0.902166 0 0)
(0.902164 0 0)
(0.902162 0 0)
(0.902161 0 0)
(0.902159 0 0)
(0.902157 0 0)
(0.902155 0 0)
(0.902154 0 0)
(0.902152 0 0)
(0.90215 0 0)
(0.902148 0 0)
(0.902147 0 0)
(0.902145 0 0)
(0.902143 0 0)
(0.902141 0 0)
(0.902139 0 0)
(0.902138 0 0)
(0.902136 0 0)
(0.902134 0 0)
(0.902132 0 0)
(0.902131 0 0)
(0.902129 0 0)
(0.902127 0 0)
(0.902125 0 0)
(0.902124 0 0)
(0.902122 0 0)
(0.90212 0 0)
(0.902118 0 0)
(0.902117 0 0)
(0.902115 0 0)
(0.902113 0 0)
(0.902111 0 0)
(0.90211 0 0)
(0.902108 0 0)
(0.902106 0 0)
(0.902105 0 0)
(0.902103 0 0)
(0.902101 0 0)
(0.902099 0 0)
(0.902098 0 0)
(0.902096 0 0)
(0.902094 0 0)
(0.902093 0 0)
(0.902091 0 0)
(0.902089 0 0)
(0.902088 0 0)
(0.902086 0 0)
(0.902084 0 0)
(0.902083 0 0)
(0.902081 0 0)
(0.902079 0 0)
(0.902078 0 0)
(0.902076 0 0)
(0.902074 0 0)
(0.902073 0 0)
(0.902071 0 0)
(0.902069 0 0)
(0.902068 0 0)
(0.902066 0 0)
(0.902064 0 0)
(0.902063 0 0)
(0.902061 0 0)
(0.902059 0 0)
(0.902058 0 0)
(0.902056 0 0)
(0.902054 0 0)
(0.902053 0 0)
(0.902051 0 0)
(0.902049 0 0)
(0.902047 0 0)
(0.902046 0 0)
(0.902044 0 0)
(0.902042 0 0)
(0.902041 0 0)
(0.902039 0 0)
(0.902037 0 0)
(0.902036 0 0)
(0.902034 0 0)
(0.902032 0 0)
(0.902031 0 0)
(0.902029 0 0)
(0.902027 0 0)
(0.902025 0 0)
(0.902024 0 0)
(0.902022 0 0)
(0.90202 0 0)
(0.902019 0 0)
(0.902017 0 0)
(0.902015 0 0)
(0.902013 0 0)
(0.902012 0 0)
(0.90201 0 0)
(0.902008 0 0)
(0.902006 0 0)
(0.902005 0 0)
(0.902003 0 0)
(0.902001 0 0)
(0.901999 0 0)
(0.901998 0 0)
(0.901996 0 0)
(0.901994 0 0)
(0.901992 0 0)
(0.901991 0 0)
(0.901989 0 0)
(0.901987 0 0)
(0.901985 0 0)
(0.901983 0 0)
(0.901982 0 0)
(0.90198 0 0)
(0.901978 0 0)
(0.901976 0 0)
(0.901974 0 0)
(0.901973 0 0)
(0.901971 0 0)
(0.901969 0 0)
(0.901967 0 0)
(0.901965 0 0)
(0.901964 0 0)
(0.901962 0 0)
(0.90196 0 0)
(0.901958 0 0)
(0.901956 0 0)
(0.901954 0 0)
(0.901952 0 0)
(0.901951 0 0)
(0.901949 0 0)
(0.901947 0 0)
(0.901945 0 0)
(0.901943 0 0)
(0.901941 0 0)
(0.901939 0 0)
(0.901937 0 0)
(0.901936 0 0)
(0.901934 0 0)
(0.901932 0 0)
(0.90193 0 0)
(0.901928 0 0)
(0.901926 0 0)
(0.901924 0 0)
(0.901922 0 0)
(0.90192 0 0)
(0.901918 0 0)
(0.901916 0 0)
(0.901915 0 0)
(0.901913 0 0)
(0.901911 0 0)
(0.901909 0 0)
(0.901907 0 0)
(0.901905 0 0)
(0.901903 0 0)
(0.901901 0 0)
(0.901899 0 0)
(0.901898 0 0)
(0.901896 0 0)
(0.901894 0 0)
(0.901892 0 0)
(0.90189 0 0)
(0.901888 0 0)
(0.901886 0 0)
(0.901884 0 0)
(0.901883 0 0)
(0.901881 0 0)
(0.901879 0 0)
(0.901877 0 0)
(0.901875 0 0)
(0.901873 0 0)
(0.901871 0 0)
(0.90187 0 0)
(0.901868 0 0)
(0.901866 0 0)
(0.901864 0 0)
(0.901862 0 0)
(0.90186 0 0)
(0.901859 0 0)
(0.901857 0 0)
(0.901855 0 0)
(0.901853 0 0)
(0.901851 0 0)
(0.901849 0 0)
(0.901847 0 0)
(0.901846 0 0)
(0.901844 0 0)
(0.901842 0 0)
(0.90184 0 0)
(0.901838 0 0)
(0.901836 0 0)
(0.901834 0 0)
(0.901833 0 0)
(0.901831 0 0)
(0.901829 0 0)
(0.901827 0 0)
(0.901825 0 0)
(0.901823 0 0)
(0.901821 0 0)
(0.90182 0 0)
(0.901818 0 0)
(0.901816 0 0)
(0.901814 0 0)
(0.901812 0 0)
(0.90181 0 0)
(0.901808 0 0)
(0.901806 0 0)
(0.901805 0 0)
(0.901803 0 0)
(0.901801 0 0)
(0.901799 0 0)
(0.901797 0 0)
(0.901795 0 0)
(0.901793 0 0)
(0.901791 0 0)
(0.901789 0 0)
(0.901788 0 0)
(0.901786 0 0)
(0.901784 0 0)
(0.901782 0 0)
(0.90178 0 0)
(0.901778 0 0)
(0.901776 0 0)
(0.901774 0 0)
(0.901773 0 0)
(0.901771 0 0)
(0.901769 0 0)
(0.901767 0 0)
(0.901765 0 0)
(0.901763 0 0)
(0.901761 0 0)
(0.901759 0 0)
(0.901757 0 0)
(0.901756 0 0)
(0.901754 0 0)
(0.901752 0 0)
(0.90175 0 0)
(0.901748 0 0)
(0.901746 0 0)
(0.901744 0 0)
(0.901742 0 0)
(0.90174 0 0)
(0.901738 0 0)
)
;

boundaryField
{
    inlet
    {
        type            calculated;
        value           uniform (0.728847 -0 -0);
    }
    outlet
    {
        type            calculated;
        value           uniform (0.901738 0 0);
    }
    right
    {
        type            empty;
    }
    left
    {
        type            empty;
    }
    atmosphere
    {
        type            empty;
    }
    bottomWall
    {
        type            empty;
    }
}


// ************************************************************************* //
