/*--------------------------------*- C++ -*----------------------------------*\
| =========                 |                                                 |
| \\      /  F ield         | foam-extend: Open Source CFD                    |
|  \\    /   O peration     | Version:     3.1                                |
|   \\  /    A nd           | Web:         http://www.extend-project.de       |
|    \\/     M anipulation  |                                                 |
\*---------------------------------------------------------------------------*/
FoamFile
{
    version     2.0;
    format      ascii;
    class       volVectorField;
    location    "36";
    object      HU;
}
// * * * * * * * * * * * * * * * * * * * * * * * * * * * * * * * * * * * * * //

dimensions      [0 2 -1 0 0 0 0];

internalField   nonuniform List<vector> 
2539
(
(0.624831 0 0)
(0.624657 0 0)
(0.624663 0 0)
(0.624663 0 0)
(0.624662 0 0)
(0.624662 0 0)
(0.624661 0 0)
(0.624661 0 0)
(0.62466 0 0)
(0.62466 0 0)
(0.62466 0 0)
(0.624659 0 0)
(0.624659 0 0)
(0.624658 0 0)
(0.624658 0 0)
(0.624657 0 0)
(0.624657 0 0)
(0.624656 0 0)
(0.624656 0 0)
(0.624655 0 0)
(0.624655 0 0)
(0.624654 0 0)
(0.624654 0 0)
(0.624654 0 0)
(0.624653 0 0)
(0.624653 0 0)
(0.624652 0 0)
(0.624652 0 0)
(0.624651 0 0)
(0.624651 0 0)
(0.62465 0 0)
(0.62465 0 0)
(0.624649 0 0)
(0.624649 0 0)
(0.624648 0 0)
(0.624648 0 0)
(0.624647 0 0)
(0.624647 0 0)
(0.624646 0 0)
(0.624646 0 0)
(0.624645 0 0)
(0.624645 0 0)
(0.624644 0 0)
(0.624644 0 0)
(0.624643 0 0)
(0.624643 0 0)
(0.624642 0 0)
(0.624642 0 0)
(0.624641 0 0)
(0.624641 0 0)
(0.62464 0 0)
(0.62464 0 0)
(0.624639 0 0)
(0.624639 0 0)
(0.624638 0 0)
(0.624637 0 0)
(0.624637 0 0)
(0.624636 0 0)
(0.624636 0 0)
(0.624635 0 0)
(0.624635 0 0)
(0.624634 0 0)
(0.624634 0 0)
(0.624633 0 0)
(0.624633 0 0)
(0.624632 0 0)
(0.624632 0 0)
(0.624631 0 0)
(0.62463 0 0)
(0.62463 0 0)
(0.624629 0 0)
(0.624629 0 0)
(0.624628 0 0)
(0.624628 0 0)
(0.624627 0 0)
(0.624626 0 0)
(0.624626 0 0)
(0.624625 0 0)
(0.624625 0 0)
(0.624624 0 0)
(0.624624 0 0)
(0.624623 0 0)
(0.624622 0 0)
(0.624622 0 0)
(0.624621 0 0)
(0.624621 0 0)
(0.62462 0 0)
(0.624619 0 0)
(0.624619 0 0)
(0.624618 0 0)
(0.624618 0 0)
(0.624617 0 0)
(0.624616 0 0)
(0.624616 0 0)
(0.624615 0 0)
(0.624614 0 0)
(0.624614 0 0)
(0.624613 0 0)
(0.624613 0 0)
(0.624612 0 0)
(0.624611 0 0)
(0.624611 0 0)
(0.62461 0 0)
(0.624609 0 0)
(0.624609 0 0)
(0.624608 0 0)
(0.624607 0 0)
(0.624607 0 0)
(0.624606 0 0)
(0.624606 0 0)
(0.624605 0 0)
(0.624604 0 0)
(0.624604 0 0)
(0.624603 0 0)
(0.624602 0 0)
(0.624601 0 0)
(0.624601 0 0)
(0.6246 0 0)
(0.624599 0 0)
(0.624599 0 0)
(0.624598 0 0)
(0.624597 0 0)
(0.624597 0 0)
(0.624596 0 0)
(0.624595 0 0)
(0.624595 0 0)
(0.624594 0 0)
(0.624593 0 0)
(0.624592 0 0)
(0.624592 0 0)
(0.624591 0 0)
(0.62459 0 0)
(0.624589 0 0)
(0.624589 0 0)
(0.624588 0 0)
(0.624587 0 0)
(0.624587 0 0)
(0.624586 0 0)
(0.624585 0 0)
(0.624584 0 0)
(0.624584 0 0)
(0.624583 0 0)
(0.624582 0 0)
(0.624581 0 0)
(0.62458 0 0)
(0.62458 0 0)
(0.624579 0 0)
(0.624578 0 0)
(0.624577 0 0)
(0.624576 0 0)
(0.624576 0 0)
(0.624575 0 0)
(0.624574 0 0)
(0.624573 0 0)
(0.624572 0 0)
(0.624572 0 0)
(0.624571 0 0)
(0.62457 0 0)
(0.624569 0 0)
(0.624568 0 0)
(0.624567 0 0)
(0.624567 0 0)
(0.624566 0 0)
(0.624565 0 0)
(0.624564 0 0)
(0.624563 0 0)
(0.624562 0 0)
(0.624561 0 0)
(0.624561 0 0)
(0.62456 0 0)
(0.624559 0 0)
(0.624558 0 0)
(0.624557 0 0)
(0.624556 0 0)
(0.624555 0 0)
(0.624554 0 0)
(0.624553 0 0)
(0.624552 0 0)
(0.624552 0 0)
(0.624551 0 0)
(0.62455 0 0)
(0.624549 0 0)
(0.624548 0 0)
(0.624547 0 0)
(0.624336 0 0)
(0.624423 0 0)
(0.624843 0 0)
(0.624865 0 0)
(0.624866 0 0)
(0.624866 0 0)
(0.624866 0 0)
(0.624866 0 0)
(0.624866 0 0)
(0.624866 0 0)
(0.624866 0 0)
(0.624866 0 0)
(0.624866 0 0)
(0.624866 0 0)
(0.624866 0 0)
(0.624865 0 0)
(0.624865 0 0)
(0.624865 0 0)
(0.624865 0 0)
(0.624865 0 0)
(0.624865 0 0)
(0.624865 0 0)
(0.624865 0 0)
(0.624865 0 0)
(0.624865 0 0)
(0.624865 0 0)
(0.624864 0 0)
(0.624864 0 0)
(0.624864 0 0)
(0.624864 0 0)
(0.624864 0 0)
(0.624864 0 0)
(0.624864 0 0)
(0.624864 0 0)
(0.624864 0 0)
(0.624864 0 0)
(0.624864 0 0)
(0.624863 0 0)
(0.624863 0 0)
(0.624863 0 0)
(0.624863 0 0)
(0.624863 0 0)
(0.624863 0 0)
(0.624863 0 0)
(0.624863 0 0)
(0.624863 0 0)
(0.624863 0 0)
(0.624863 0 0)
(0.624862 0 0)
(0.624862 0 0)
(0.624862 0 0)
(0.624862 0 0)
(0.624862 0 0)
(0.624862 0 0)
(0.624862 0 0)
(0.624862 0 0)
(0.624862 0 0)
(0.624862 0 0)
(0.624862 0 0)
(0.624861 0 0)
(0.624861 0 0)
(0.624861 0 0)
(0.624861 0 0)
(0.624861 0 0)
(0.624861 0 0)
(0.624861 0 0)
(0.624861 0 0)
(0.624861 0 0)
(0.624861 0 0)
(0.624861 0 0)
(0.62486 0 0)
(0.62486 0 0)
(0.62486 0 0)
(0.62486 0 0)
(0.62486 0 0)
(0.62486 0 0)
(0.62486 0 0)
(0.62486 0 0)
(0.62486 0 0)
(0.62486 0 0)
(0.624859 0 0)
(0.624859 0 0)
(0.624859 0 0)
(0.624859 0 0)
(0.624859 0 0)
(0.624859 0 0)
(0.624859 0 0)
(0.624859 0 0)
(0.624859 0 0)
(0.624859 0 0)
(0.624858 0 0)
(0.624858 0 0)
(0.624858 0 0)
(0.624858 0 0)
(0.624858 0 0)
(0.624858 0 0)
(0.624858 0 0)
(0.624858 0 0)
(0.624858 0 0)
(0.624858 0 0)
(0.624857 0 0)
(0.624857 0 0)
(0.624857 0 0)
(0.624857 0 0)
(0.624857 0 0)
(0.624857 0 0)
(0.624857 0 0)
(0.624857 0 0)
(0.624857 0 0)
(0.624857 0 0)
(0.624856 0 0)
(0.624856 0 0)
(0.624856 0 0)
(0.624856 0 0)
(0.624856 0 0)
(0.624856 0 0)
(0.624856 0 0)
(0.624856 0 0)
(0.624856 0 0)
(0.624855 0 0)
(0.624855 0 0)
(0.624855 0 0)
(0.624855 0 0)
(0.624855 0 0)
(0.624855 0 0)
(0.624855 0 0)
(0.624855 0 0)
(0.624855 0 0)
(0.624855 0 0)
(0.624854 0 0)
(0.624854 0 0)
(0.624854 0 0)
(0.624854 0 0)
(0.624854 0 0)
(0.624854 0 0)
(0.624854 0 0)
(0.624854 0 0)
(0.624854 0 0)
(0.624853 0 0)
(0.624853 0 0)
(0.624853 0 0)
(0.624853 0 0)
(0.624853 0 0)
(0.624853 0 0)
(0.624853 0 0)
(0.624853 0 0)
(0.624853 0 0)
(0.624852 0 0)
(0.624852 0 0)
(0.624852 0 0)
(0.624852 0 0)
(0.624852 0 0)
(0.624852 0 0)
(0.624852 0 0)
(0.624852 0 0)
(0.624852 0 0)
(0.624851 0 0)
(0.624851 0 0)
(0.624851 0 0)
(0.624851 0 0)
(0.624851 0 0)
(0.624851 0 0)
(0.624851 0 0)
(0.624851 0 0)
(0.624851 0 0)
(0.62485 0 0)
(0.62485 0 0)
(0.62485 0 0)
(0.62485 0 0)
(0.62485 0 0)
(0.62485 0 0)
(0.62485 0 0)
(0.62485 0 0)
(0.624849 0 0)
(0.624849 0 0)
(0.624849 0 0)
(0.624849 0 0)
(0.624849 0 0)
(0.624849 0 0)
(0.624849 0 0)
(0.624849 0 0)
(0.624849 0 0)
(0.624848 0 0)
(0.624848 0 0)
(0.624848 0 0)
(0.624848 0 0)
(0.624848 0 0)
(0.624848 0 0)
(0.624848 0 0)
(0.624848 0 0)
(0.624847 0 0)
(0.624847 0 0)
(0.624847 0 0)
(0.624847 0 0)
(0.624847 0 0)
(0.624847 0 0)
(0.624847 0 0)
(0.624846 0 0)
(0.624853 0 0)
(0.624722 0 0)
(0.627348 0 0)
(0.597419 0 0)
(0.604911 0 0)
(0.612976 0 0)
(0.617567 0 0)
(0.619828 0 0)
(0.621022 0 0)
(0.621702 0 0)
(0.622118 0 0)
(0.622393 0 0)
(0.622588 0 0)
(0.622734 0 0)
(0.622848 0 0)
(0.622942 0 0)
(0.623021 0 0)
(0.623089 0 0)
(0.623148 0 0)
(0.623201 0 0)
(0.623248 0 0)
(0.62329 0 0)
(0.623329 0 0)
(0.623364 0 0)
(0.623396 0 0)
(0.623426 0 0)
(0.623453 0 0)
(0.623479 0 0)
(0.623503 0 0)
(0.623525 0 0)
(0.623546 0 0)
(0.623565 0 0)
(0.623584 0 0)
(0.623601 0 0)
(0.623618 0 0)
(0.623633 0 0)
(0.623648 0 0)
(0.623662 0 0)
(0.623675 0 0)
(0.623688 0 0)
(0.6237 0 0)
(0.623711 0 0)
(0.623722 0 0)
(0.623732 0 0)
(0.623742 0 0)
(0.623751 0 0)
(0.62376 0 0)
(0.623769 0 0)
(0.623777 0 0)
(0.623785 0 0)
(0.623792 0 0)
(0.623799 0 0)
(0.623806 0 0)
(0.623812 0 0)
(0.623818 0 0)
(0.623824 0 0)
(0.62383 0 0)
(0.623835 0 0)
(0.62384 0 0)
(0.623844 0 0)
(0.623849 0 0)
(0.623853 0 0)
(0.623857 0 0)
(0.62386 0 0)
(0.623863 0 0)
(0.623866 0 0)
(0.623869 0 0)
(0.623871 0 0)
(0.623873 0 0)
(0.623874 0 0)
(0.623875 0 0)
(0.623876 0 0)
(0.623877 0 0)
(0.623877 0 0)
(0.623876 0 0)
(0.623875 0 0)
(0.623874 0 0)
(0.623871 0 0)
(0.623868 0 0)
(0.623865 0 0)
(0.62386 0 0)
(0.623855 0 0)
(0.623848 0 0)
(0.62384 0 0)
(0.62383 0 0)
(0.623819 0 0)
(0.623805 0 0)
(0.623788 0 0)
(0.623768 0 0)
(0.623744 0 0)
(0.623715 0 0)
(0.623678 0 0)
(0.623633 0 0)
(0.623577 0 0)
(0.623507 0 0)
(0.623419 0 0)
(0.62331 0 0)
(0.623174 0 0)
(0.623009 0 0)
(0.622812 0 0)
(0.622587 0 0)
(0.622346 0 0)
(0.622116 0 0)
(0.621714 0 0)
(0.62196 0 0)
(0.622167 0 0)
(0.622343 0 0)
(0.622495 0 0)
(0.622628 0 0)
(0.622745 0 0)
(0.622848 0 0)
(0.622941 0 0)
(0.623024 0 0)
(0.623099 0 0)
(0.623168 0 0)
(0.62323 0 0)
(0.623288 0 0)
(0.623341 0 0)
(0.62339 0 0)
(0.623435 0 0)
(0.623478 0 0)
(0.623517 0 0)
(0.623554 0 0)
(0.623589 0 0)
(0.623622 0 0)
(0.623653 0 0)
(0.623682 0 0)
(0.623709 0 0)
(0.623735 0 0)
(0.62376 0 0)
(0.623784 0 0)
(0.623806 0 0)
(0.623828 0 0)
(0.623848 0 0)
(0.623868 0 0)
(0.623887 0 0)
(0.623905 0 0)
(0.623922 0 0)
(0.623939 0 0)
(0.623955 0 0)
(0.62397 0 0)
(0.623985 0 0)
(0.623999 0 0)
(0.624013 0 0)
(0.624026 0 0)
(0.624039 0 0)
(0.624052 0 0)
(0.624064 0 0)
(0.624076 0 0)
(0.624087 0 0)
(0.624098 0 0)
(0.624109 0 0)
(0.624119 0 0)
(0.624129 0 0)
(0.624139 0 0)
(0.624148 0 0)
(0.624158 0 0)
(0.624167 0 0)
(0.624175 0 0)
(0.624184 0 0)
(0.624192 0 0)
(0.6242 0 0)
(0.624208 0 0)
(0.624216 0 0)
(0.624224 0 0)
(0.624231 0 0)
(0.624238 0 0)
(0.624245 0 0)
(0.624252 0 0)
(0.624259 0 0)
(0.624265 0 0)
(0.624272 0 0)
(0.624278 0 0)
(0.624284 0 0)
(0.62429 0 0)
(0.624296 0 0)
(0.624302 0 0)
(0.624308 0 0)
(0.624313 0 0)
(0.624319 0 0)
(0.624324 0 0)
(0.62433 0 0)
(0.624335 0 0)
(0.62434 0 0)
(0.624345 0 0)
(0.62435 0 0)
(0.624355 0 0)
(0.624359 0 0)
(0.624364 0 0)
(0.624369 0 0)
(0.624373 0 0)
(0.624377 0 0)
(0.624382 0 0)
(0.624386 0 0)
(0.624391 0 0)
(0.624395 0 0)
(0.624398 0 0)
(0.6244 0 0)
(0.624399 0 0)
(0.6244 0 0)
(0.624418 0 0)
(0.624472 0 0)
(0.624567 0 0)
(0.624624 0 0)
(0.624626 0 0)
(0.624627 0 0)
(0.624629 0 0)
(0.62463 0 0)
(0.624632 0 0)
(0.624633 0 0)
(0.624635 0 0)
(0.624636 0 0)
(0.624638 0 0)
(0.624639 0 0)
(0.624641 0 0)
(0.624642 0 0)
(0.624644 0 0)
(0.624645 0 0)
(0.624647 0 0)
(0.624648 0 0)
(0.624649 0 0)
(0.624651 0 0)
(0.624652 0 0)
(0.624653 0 0)
(0.624655 0 0)
(0.624656 0 0)
(0.624657 0 0)
(0.624659 0 0)
(0.62466 0 0)
(0.624661 0 0)
(0.624663 0 0)
(0.624664 0 0)
(0.624665 0 0)
(0.624666 0 0)
(0.624668 0 0)
(0.624669 0 0)
(0.62467 0 0)
(0.624671 0 0)
(0.624673 0 0)
(0.624674 0 0)
(0.624675 0 0)
(0.624676 0 0)
(0.624677 0 0)
(0.624678 0 0)
(0.62468 0 0)
(0.624681 0 0)
(0.624682 0 0)
(0.624683 0 0)
(0.624684 0 0)
(0.624685 0 0)
(0.624686 0 0)
(0.624687 0 0)
(0.624688 0 0)
(0.624689 0 0)
(0.62469 0 0)
(0.624691 0 0)
(0.624693 0 0)
(0.624694 0 0)
(0.624695 0 0)
(0.624696 0 0)
(0.624697 0 0)
(0.624698 0 0)
(0.624699 0 0)
(0.6247 0 0)
(0.624701 0 0)
(0.624702 0 0)
(0.624703 0 0)
(0.624704 0 0)
(0.624704 0 0)
(0.624705 0 0)
(0.624706 0 0)
(0.624707 0 0)
(0.624708 0 0)
(0.624709 0 0)
(0.62471 0 0)
(0.624711 0 0)
(0.624712 0 0)
(0.624713 0 0)
(0.624714 0 0)
(0.624715 0 0)
(0.624715 0 0)
(0.624716 0 0)
(0.624717 0 0)
(0.624718 0 0)
(0.624719 0 0)
(0.62472 0 0)
(0.624721 0 0)
(0.624721 0 0)
(0.624722 0 0)
(0.624723 0 0)
(0.624724 0 0)
(0.624725 0 0)
(0.624726 0 0)
(0.624726 0 0)
(0.624727 0 0)
(0.624728 0 0)
(0.624729 0 0)
(0.62473 0 0)
(0.62473 0 0)
(0.624731 0 0)
(0.624732 0 0)
(0.624733 0 0)
(0.624734 0 0)
(0.624734 0 0)
(0.624735 0 0)
(0.624736 0 0)
(0.624737 0 0)
(0.624737 0 0)
(0.624738 0 0)
(0.624739 0 0)
(0.62474 0 0)
(0.62474 0 0)
(0.624741 0 0)
(0.624742 0 0)
(0.624742 0 0)
(0.624743 0 0)
(0.624744 0 0)
(0.624745 0 0)
(0.624745 0 0)
(0.624746 0 0)
(0.624747 0 0)
(0.624747 0 0)
(0.624748 0 0)
(0.624749 0 0)
(0.624749 0 0)
(0.62475 0 0)
(0.624751 0 0)
(0.624751 0 0)
(0.624752 0 0)
(0.624753 0 0)
(0.624753 0 0)
(0.624754 0 0)
(0.624755 0 0)
(0.624755 0 0)
(0.624756 0 0)
(0.624757 0 0)
(0.624757 0 0)
(0.624758 0 0)
(0.624758 0 0)
(0.624759 0 0)
(0.62476 0 0)
(0.62476 0 0)
(0.624761 0 0)
(0.624762 0 0)
(0.624762 0 0)
(0.624763 0 0)
(0.624763 0 0)
(0.624764 0 0)
(0.624765 0 0)
(0.624765 0 0)
(0.624766 0 0)
(0.624766 0 0)
(0.624767 0 0)
(0.624768 0 0)
(0.624768 0 0)
(0.624769 0 0)
(0.624769 0 0)
(0.62477 0 0)
(0.62477 0 0)
(0.624771 0 0)
(0.624772 0 0)
(0.624772 0 0)
(0.624773 0 0)
(0.624773 0 0)
(0.624774 0 0)
(0.624774 0 0)
(0.624775 0 0)
(0.624775 0 0)
(0.624776 0 0)
(0.624776 0 0)
(0.624777 0 0)
(0.624778 0 0)
(0.624778 0 0)
(0.624779 0 0)
(0.624779 0 0)
(0.62478 0 0)
(0.62478 0 0)
(0.624781 0 0)
(0.624781 0 0)
(0.624782 0 0)
(0.624782 0 0)
(0.624783 0 0)
(0.624783 0 0)
(0.624784 0 0)
(0.624784 0 0)
(0.624785 0 0)
(0.624785 0 0)
(0.624786 0 0)
(0.624786 0 0)
(0.624787 0 0)
(0.624787 0 0)
(0.624788 0 0)
(0.624788 0 0)
(0.624789 0 0)
(0.624789 0 0)
(0.62479 0 0)
(0.62479 0 0)
(0.624791 0 0)
(0.624791 0 0)
(0.624792 0 0)
(0.624792 0 0)
(0.624792 0 0)
(0.624793 0 0)
(0.624793 0 0)
(0.624794 0 0)
(0.624794 0 0)
(0.624795 0 0)
(0.624795 0 0)
(0.624796 0 0)
(0.624796 0 0)
(0.624797 0 0)
(0.624797 0 0)
(0.624797 0 0)
(0.624798 0 0)
(0.624798 0 0)
(0.624799 0 0)
(0.624799 0 0)
(0.6248 0 0)
(0.6248 0 0)
(0.624801 0 0)
(0.624801 0 0)
(0.624801 0 0)
(0.624802 0 0)
(0.624802 0 0)
(0.624803 0 0)
(0.624803 0 0)
(0.624803 0 0)
(0.624804 0 0)
(0.624804 0 0)
(0.624805 0 0)
(0.624805 0 0)
(0.624806 0 0)
(0.624806 0 0)
(0.624806 0 0)
(0.624807 0 0)
(0.624807 0 0)
(0.624808 0 0)
(0.624808 0 0)
(0.624808 0 0)
(0.624809 0 0)
(0.624809 0 0)
(0.62481 0 0)
(0.62481 0 0)
(0.62481 0 0)
(0.624811 0 0)
(0.624811 0 0)
(0.624812 0 0)
(0.624812 0 0)
(0.624812 0 0)
(0.624813 0 0)
(0.624813 0 0)
(0.624813 0 0)
(0.624814 0 0)
(0.624814 0 0)
(0.624815 0 0)
(0.624815 0 0)
(0.624815 0 0)
(0.624816 0 0)
(0.624816 0 0)
(0.624816 0 0)
(0.624817 0 0)
(0.624817 0 0)
(0.624818 0 0)
(0.624818 0 0)
(0.624818 0 0)
(0.624819 0 0)
(0.624819 0 0)
(0.624819 0 0)
(0.62482 0 0)
(0.62482 0 0)
(0.62482 0 0)
(0.624821 0 0)
(0.624821 0 0)
(0.624821 0 0)
(0.624822 0 0)
(0.624822 0 0)
(0.624823 0 0)
(0.624823 0 0)
(0.624823 0 0)
(0.624824 0 0)
(0.624824 0 0)
(0.624824 0 0)
(0.624825 0 0)
(0.624825 0 0)
(0.624825 0 0)
(0.624826 0 0)
(0.624826 0 0)
(0.624826 0 0)
(0.624827 0 0)
(0.624827 0 0)
(0.624827 0 0)
(0.624828 0 0)
(0.624828 0 0)
(0.624828 0 0)
(0.624829 0 0)
(0.624829 0 0)
(0.624829 0 0)
(0.62483 0 0)
(0.62483 0 0)
(0.62483 0 0)
(0.624831 0 0)
(0.624831 0 0)
(0.624831 0 0)
(0.624831 0 0)
(0.624832 0 0)
(0.624832 0 0)
(0.624832 0 0)
(0.624833 0 0)
(0.624833 0 0)
(0.624833 0 0)
(0.624834 0 0)
(0.624834 0 0)
(0.624834 0 0)
(0.624835 0 0)
(0.624835 0 0)
(0.624835 0 0)
(0.624835 0 0)
(0.624836 0 0)
(0.624836 0 0)
(0.624836 0 0)
(0.624837 0 0)
(0.624837 0 0)
(0.624837 0 0)
(0.624838 0 0)
(0.624838 0 0)
(0.624838 0 0)
(0.624838 0 0)
(0.624839 0 0)
(0.624839 0 0)
(0.624839 0 0)
(0.62484 0 0)
(0.62484 0 0)
(0.62484 0 0)
(0.62484 0 0)
(0.624841 0 0)
(0.624841 0 0)
(0.624841 0 0)
(0.624842 0 0)
(0.624842 0 0)
(0.624842 0 0)
(0.624842 0 0)
(0.624843 0 0)
(0.624843 0 0)
(0.624843 0 0)
(0.624844 0 0)
(0.624844 0 0)
(0.624844 0 0)
(0.624844 0 0)
(0.624845 0 0)
(0.624848 0 0)
(0.624851 0 0)
(0.624846 0 0)
(0.624817 0 0)
(0.624795 0 0)
(0.624795 0 0)
(0.624796 0 0)
(0.624796 0 0)
(0.624797 0 0)
(0.624797 0 0)
(0.624797 0 0)
(0.624798 0 0)
(0.624798 0 0)
(0.624799 0 0)
(0.624799 0 0)
(0.6248 0 0)
(0.6248 0 0)
(0.6248 0 0)
(0.624801 0 0)
(0.624801 0 0)
(0.624802 0 0)
(0.624802 0 0)
(0.624802 0 0)
(0.624803 0 0)
(0.624803 0 0)
(0.624804 0 0)
(0.624804 0 0)
(0.624804 0 0)
(0.624805 0 0)
(0.624805 0 0)
(0.624806 0 0)
(0.624806 0 0)
(0.624806 0 0)
(0.624807 0 0)
(0.624807 0 0)
(0.624808 0 0)
(0.624808 0 0)
(0.624808 0 0)
(0.624809 0 0)
(0.624809 0 0)
(0.62481 0 0)
(0.62481 0 0)
(0.62481 0 0)
(0.624811 0 0)
(0.624811 0 0)
(0.624812 0 0)
(0.624812 0 0)
(0.624812 0 0)
(0.624813 0 0)
(0.624813 0 0)
(0.624813 0 0)
(0.624814 0 0)
(0.624814 0 0)
(0.624815 0 0)
(0.624815 0 0)
(0.624815 0 0)
(0.624816 0 0)
(0.624816 0 0)
(0.624816 0 0)
(0.624817 0 0)
(0.624817 0 0)
(0.624817 0 0)
(0.624818 0 0)
(0.624818 0 0)
(0.624818 0 0)
(0.624819 0 0)
(0.624819 0 0)
(0.62482 0 0)
(0.62482 0 0)
(0.62482 0 0)
(0.624821 0 0)
(0.624821 0 0)
(0.624821 0 0)
(0.624822 0 0)
(0.624822 0 0)
(0.624822 0 0)
(0.624823 0 0)
(0.624823 0 0)
(0.624823 0 0)
(0.624824 0 0)
(0.624824 0 0)
(0.624824 0 0)
(0.624825 0 0)
(0.624825 0 0)
(0.624825 0 0)
(0.624826 0 0)
(0.624826 0 0)
(0.624826 0 0)
(0.624827 0 0)
(0.624827 0 0)
(0.624827 0 0)
(0.624828 0 0)
(0.624828 0 0)
(0.624828 0 0)
(0.624829 0 0)
(0.624829 0 0)
(0.624829 0 0)
(0.62483 0 0)
(0.62483 0 0)
(0.62483 0 0)
(0.62483 0 0)
(0.624831 0 0)
(0.624831 0 0)
(0.624831 0 0)
(0.624832 0 0)
(0.624832 0 0)
(0.624832 0 0)
(0.624833 0 0)
(0.624833 0 0)
(0.624833 0 0)
(0.624834 0 0)
(0.624834 0 0)
(0.624834 0 0)
(0.624834 0 0)
(0.624835 0 0)
(0.624835 0 0)
(0.624835 0 0)
(0.624836 0 0)
(0.624836 0 0)
(0.624836 0 0)
(0.624837 0 0)
(0.624837 0 0)
(0.624837 0 0)
(0.624837 0 0)
(0.624838 0 0)
(0.624838 0 0)
(0.624838 0 0)
(0.624839 0 0)
(0.624839 0 0)
(0.624839 0 0)
(0.624839 0 0)
(0.62484 0 0)
(0.62484 0 0)
(0.62484 0 0)
(0.624841 0 0)
(0.624841 0 0)
(0.624841 0 0)
(0.624841 0 0)
(0.624842 0 0)
(0.624842 0 0)
(0.624842 0 0)
(0.624843 0 0)
(0.624843 0 0)
(0.624843 0 0)
(0.624843 0 0)
(0.624844 0 0)
(0.624844 0 0)
(0.624844 0 0)
(0.624844 0 0)
(0.624845 0 0)
(0.624845 0 0)
(0.624845 0 0)
(0.624846 0 0)
(0.624846 0 0)
(0.624846 0 0)
(0.624846 0 0)
(0.624847 0 0)
(0.624847 0 0)
(0.624847 0 0)
(0.624847 0 0)
(0.624848 0 0)
(0.624848 0 0)
(0.624848 0 0)
(0.624848 0 0)
(0.624849 0 0)
(0.624849 0 0)
(0.624849 0 0)
(0.62485 0 0)
(0.62485 0 0)
(0.62485 0 0)
(0.62485 0 0)
(0.624851 0 0)
(0.624851 0 0)
(0.624851 0 0)
(0.624851 0 0)
(0.624852 0 0)
(0.624854 0 0)
(0.624855 0 0)
(0.624851 0 0)
(0.624835 0 0)
(0.624814 0 0)
(0.624849 0 0)
(0.625037 0 0)
(0.625283 0 0)
(0.62509 0 0)
(0.62495 0 0)
(0.624964 0 0)
(0.624967 0 0)
(0.624968 0 0)
(0.624977 0 0)
(0.624994 0 0)
(0.625008 0 0)
(0.625011 0 0)
(0.625012 0 0)
(0.62502 0 0)
(0.625034 0 0)
(0.625046 0 0)
(0.625051 0 0)
(0.625061 0 0)
(0.625069 0 0)
(0.625078 0 0)
(0.625091 0 0)
(0.625096 0 0)
(0.625105 0 0)
(0.625111 0 0)
(0.625116 0 0)
(0.625128 0 0)
(0.62514 0 0)
(0.625151 0 0)
(0.62516 0 0)
(0.625166 0 0)
(0.625172 0 0)
(0.625184 0 0)
(0.625196 0 0)
(0.625206 0 0)
(0.625213 0 0)
(0.625218 0 0)
(0.625228 0 0)
(0.625235 0 0)
(0.625243 0 0)
(0.625257 0 0)
(0.625268 0 0)
(0.625271 0 0)
(0.625283 0 0)
(0.625299 0 0)
(0.625307 0 0)
(0.625313 0 0)
(0.625323 0 0)
(0.625331 0 0)
(0.625338 0 0)
(0.62535 0 0)
(0.62536 0 0)
(0.625367 0 0)
(0.625374 0 0)
(0.625388 0 0)
(0.625401 0 0)
(0.625413 0 0)
(0.625421 0 0)
(0.625428 0 0)
(0.625438 0 0)
(0.625446 0 0)
(0.625454 0 0)
(0.625469 0 0)
(0.625483 0 0)
(0.625496 0 0)
(0.625504 0 0)
(0.625509 0 0)
(0.625517 0 0)
(0.625526 0 0)
(0.625541 0 0)
(0.625556 0 0)
(0.625569 0 0)
(0.625579 0 0)
(0.625588 0 0)
(0.625601 0 0)
(0.625612 0 0)
(0.62562 0 0)
(0.625633 0 0)
(0.625642 0 0)
(0.625653 0 0)
(0.625671 0 0)
(0.62569 0 0)
(0.625706 0 0)
(0.625716 0 0)
(0.62572 0 0)
(0.625724 0 0)
(0.625729 0 0)
(0.625734 0 0)
(0.625754 0 0)
(0.625806 0 0)
(0.625876 0 0)
(0.625929 0 0)
(0.625901 0 0)
(0.625737 0 0)
(0.625455 0 0)
(0.625243 0 0)
(0.625458 0 0)
(0.626428 0 0)
(0.628058 0 0)
(0.629375 0 0)
(0.628526 0 0)
(0.623682 0 0)
(0.614987 0 0)
(0.607112 0 0)
(0.610868 0 0)
(0.624858 0 0)
(0.624858 0 0)
(0.624859 0 0)
(0.624859 0 0)
(0.624859 0 0)
(0.624859 0 0)
(0.62486 0 0)
(0.62486 0 0)
(0.62486 0 0)
(0.62486 0 0)
(0.62486 0 0)
(0.624861 0 0)
(0.624861 0 0)
(0.624861 0 0)
(0.624861 0 0)
(0.624862 0 0)
(0.624862 0 0)
(0.624862 0 0)
(0.624862 0 0)
(0.624862 0 0)
(0.624863 0 0)
(0.624863 0 0)
(0.624863 0 0)
(0.624863 0 0)
(0.624864 0 0)
(0.624864 0 0)
(0.624864 0 0)
(0.624864 0 0)
(0.624864 0 0)
(0.624865 0 0)
(0.624865 0 0)
(0.624865 0 0)
(0.624865 0 0)
(0.624866 0 0)
(0.624866 0 0)
(0.624866 0 0)
(0.624866 0 0)
(0.624866 0 0)
(0.624867 0 0)
(0.624867 0 0)
(0.624867 0 0)
(0.624867 0 0)
(0.624867 0 0)
(0.624868 0 0)
(0.624868 0 0)
(0.624868 0 0)
(0.624868 0 0)
(0.624868 0 0)
(0.624869 0 0)
(0.624869 0 0)
(0.624869 0 0)
(0.624869 0 0)
(0.62487 0 0)
(0.62487 0 0)
(0.62487 0 0)
(0.62487 0 0)
(0.62487 0 0)
(0.624871 0 0)
(0.624871 0 0)
(0.624871 0 0)
(0.624871 0 0)
(0.624871 0 0)
(0.624872 0 0)
(0.624872 0 0)
(0.624872 0 0)
(0.624872 0 0)
(0.624872 0 0)
(0.624873 0 0)
(0.624873 0 0)
(0.624873 0 0)
(0.624873 0 0)
(0.624873 0 0)
(0.624873 0 0)
(0.624874 0 0)
(0.624874 0 0)
(0.624874 0 0)
(0.624874 0 0)
(0.624874 0 0)
(0.624875 0 0)
(0.624875 0 0)
(0.624875 0 0)
(0.624876 0 0)
(0.624876 0 0)
(0.624875 0 0)
(0.624869 0 0)
(0.624864 0 0)
(0.624883 0 0)
(0.624955 0 0)
(0.625007 0 0)
(0.625007 0 0)
(0.625007 0 0)
(0.625007 0 0)
(0.625007 0 0)
(0.625007 0 0)
(0.625007 0 0)
(0.625007 0 0)
(0.625007 0 0)
(0.625007 0 0)
(0.625007 0 0)
(0.625007 0 0)
(0.625007 0 0)
(0.625007 0 0)
(0.625007 0 0)
(0.625007 0 0)
(0.625007 0 0)
(0.625007 0 0)
(0.625007 0 0)
(0.625007 0 0)
(0.625007 0 0)
(0.625007 0 0)
(0.625007 0 0)
(0.625007 0 0)
(0.625007 0 0)
(0.625007 0 0)
(0.625007 0 0)
(0.625007 0 0)
(0.625007 0 0)
(0.625007 0 0)
(0.625007 0 0)
(0.625007 0 0)
(0.625007 0 0)
(0.625007 0 0)
(0.625007 0 0)
(0.625007 0 0)
(0.625007 0 0)
(0.625007 0 0)
(0.625007 0 0)
(0.625007 0 0)
(0.625007 0 0)
(0.625007 0 0)
(0.625007 0 0)
(0.625007 0 0)
(0.625007 0 0)
(0.625007 0 0)
(0.625007 0 0)
(0.625007 0 0)
(0.625007 0 0)
(0.625007 0 0)
(0.625007 0 0)
(0.625007 0 0)
(0.625007 0 0)
(0.625007 0 0)
(0.625007 0 0)
(0.625007 0 0)
(0.625007 0 0)
(0.625007 0 0)
(0.625007 0 0)
(0.625007 0 0)
(0.625007 0 0)
(0.625007 0 0)
(0.625007 0 0)
(0.625007 0 0)
(0.625007 0 0)
(0.625007 0 0)
(0.625007 0 0)
(0.625007 0 0)
(0.625007 0 0)
(0.625007 0 0)
(0.625007 0 0)
(0.625007 0 0)
(0.625007 0 0)
(0.625007 0 0)
(0.625007 0 0)
(0.625007 0 0)
(0.625007 0 0)
(0.625007 0 0)
(0.625007 0 0)
(0.625007 0 0)
(0.625007 0 0)
(0.625007 0 0)
(0.625007 0 0)
(0.625007 0 0)
(0.625007 0 0)
(0.625007 0 0)
(0.625007 0 0)
(0.625007 0 0)
(0.625007 0 0)
(0.625007 0 0)
(0.625007 0 0)
(0.625007 0 0)
(0.625007 0 0)
(0.625007 0 0)
(0.625007 0 0)
(0.625007 0 0)
(0.625007 0 0)
(0.625007 0 0)
(0.625007 0 0)
(0.625007 0 0)
(0.625007 0 0)
(0.625007 0 0)
(0.625007 0 0)
(0.625007 0 0)
(0.625007 0 0)
(0.625007 0 0)
(0.625007 0 0)
(0.625007 0 0)
(0.625007 0 0)
(0.625007 0 0)
(0.625007 0 0)
(0.625007 0 0)
(0.625007 0 0)
(0.625007 0 0)
(0.625007 0 0)
(0.625007 0 0)
(0.625007 0 0)
(0.625007 0 0)
(0.625007 0 0)
(0.625007 0 0)
(0.625007 0 0)
(0.625007 0 0)
(0.625007 0 0)
(0.625007 0 0)
(0.625007 0 0)
(0.625007 0 0)
(0.625007 0 0)
(0.625007 0 0)
(0.625007 0 0)
(0.625007 0 0)
(0.625007 0 0)
(0.625007 0 0)
(0.625007 0 0)
(0.625007 0 0)
(0.625007 0 0)
(0.625007 0 0)
(0.625007 0 0)
(0.625007 0 0)
(0.625007 0 0)
(0.625007 0 0)
(0.625007 0 0)
(0.625007 0 0)
(0.625007 0 0)
(0.625007 0 0)
(0.625007 0 0)
(0.625007 0 0)
(0.625007 0 0)
(0.625007 0 0)
(0.625007 0 0)
(0.625007 0 0)
(0.625007 0 0)
(0.625007 0 0)
(0.625007 0 0)
(0.625007 0 0)
(0.625007 0 0)
(0.625007 0 0)
(0.625007 0 0)
(0.625007 0 0)
(0.625007 0 0)
(0.625007 0 0)
(0.625007 0 0)
(0.625007 0 0)
(0.625007 0 0)
(0.625007 0 0)
(0.625007 0 0)
(0.625007 0 0)
(0.625007 0 0)
(0.625007 0 0)
(0.625007 0 0)
(0.625007 0 0)
(0.625007 0 0)
(0.625007 0 0)
(0.625007 0 0)
(0.625007 0 0)
(0.625007 0 0)
(0.625007 0 0)
(0.625007 0 0)
(0.625007 0 0)
(0.625007 0 0)
(0.625007 0 0)
(0.625007 0 0)
(0.625007 0 0)
(0.625007 0 0)
(0.625007 0 0)
(0.625007 0 0)
(0.625007 0 0)
(0.625007 0 0)
(0.625007 0 0)
(0.625007 0 0)
(0.625007 0 0)
(0.625007 0 0)
(0.625007 0 0)
(0.625007 0 0)
(0.625007 0 0)
(0.625006 0 0)
(0.625006 0 0)
(0.625006 0 0)
(0.625006 0 0)
(0.625006 0 0)
(0.625006 0 0)
(0.625006 0 0)
(0.625006 0 0)
(0.625006 0 0)
(0.625006 0 0)
(0.625006 0 0)
(0.625006 0 0)
(0.625006 0 0)
(0.625006 0 0)
(0.625006 0 0)
(0.625006 0 0)
(0.625006 0 0)
(0.625006 0 0)
(0.625006 0 0)
(0.625006 0 0)
(0.625006 0 0)
(0.625006 0 0)
(0.625006 0 0)
(0.625006 0 0)
(0.625006 0 0)
(0.625006 0 0)
(0.625006 0 0)
(0.625009 0 0)
(0.625015 0 0)
(0.62501 0 0)
(0.624972 0 0)
(0.624907 0 0)
(0.624952 0 0)
(0.625393 0 0)
(0.626197 0 0)
(0.625805 0 0)
(0.620699 0 0)
(0.610645 0 0)
(0.61398 0 0)
(0.672774 0 0)
(0.784193 0 0)
(0.812255 0 0)
(0.682481 0 0)
(0.615696 0 0)
(0.612261 0 0)
(0.612249 0 0)
(0.612246 0 0)
(0.612243 0 0)
(0.61224 0 0)
(0.612237 0 0)
(0.612234 0 0)
(0.612231 0 0)
(0.612228 0 0)
(0.612225 0 0)
(0.612222 0 0)
(0.612218 0 0)
(0.612215 0 0)
(0.612212 0 0)
(0.612209 0 0)
(0.612206 0 0)
(0.612203 0 0)
(0.6122 0 0)
(0.612197 0 0)
(0.612193 0 0)
(0.61219 0 0)
(0.612187 0 0)
(0.612184 0 0)
(0.612181 0 0)
(0.612178 0 0)
(0.612174 0 0)
(0.612171 0 0)
(0.612168 0 0)
(0.612165 0 0)
(0.612162 0 0)
(0.612158 0 0)
(0.612155 0 0)
(0.612152 0 0)
(0.612149 0 0)
(0.612145 0 0)
(0.612142 0 0)
(0.612139 0 0)
(0.612136 0 0)
(0.612132 0 0)
(0.612129 0 0)
(0.612126 0 0)
(0.612122 0 0)
(0.612119 0 0)
(0.612116 0 0)
(0.612112 0 0)
(0.612109 0 0)
(0.612106 0 0)
(0.612102 0 0)
(0.612099 0 0)
(0.612096 0 0)
(0.612092 0 0)
(0.612089 0 0)
(0.612086 0 0)
(0.612082 0 0)
(0.612079 0 0)
(0.612076 0 0)
(0.612072 0 0)
(0.612069 0 0)
(0.612065 0 0)
(0.612062 0 0)
(0.612058 0 0)
(0.612056 0 0)
(0.612046 0 0)
(0.611972 0 0)
(0.611908 0 0)
(0.611906 0 0)
(0.611902 0 0)
(0.611899 0 0)
(0.611896 0 0)
(0.611892 0 0)
(0.611889 0 0)
(0.611886 0 0)
(0.611882 0 0)
(0.611879 0 0)
(0.611876 0 0)
(0.611872 0 0)
(0.611869 0 0)
(0.611866 0 0)
(0.611862 0 0)
(0.611859 0 0)
(0.611856 0 0)
(0.611852 0 0)
(0.611849 0 0)
(0.611846 0 0)
(0.611843 0 0)
(0.611839 0 0)
(0.611836 0 0)
(0.611833 0 0)
(0.611829 0 0)
(0.611826 0 0)
(0.611823 0 0)
(0.61182 0 0)
(0.611816 0 0)
(0.611813 0 0)
(0.61181 0 0)
(0.611807 0 0)
(0.611803 0 0)
(0.6118 0 0)
(0.611797 0 0)
(0.611794 0 0)
(0.611791 0 0)
(0.611787 0 0)
(0.611784 0 0)
(0.611781 0 0)
(0.611778 0 0)
(0.611775 0 0)
(0.611771 0 0)
(0.611768 0 0)
(0.611765 0 0)
(0.611762 0 0)
(0.611759 0 0)
(0.611756 0 0)
(0.611752 0 0)
(0.611749 0 0)
(0.611746 0 0)
(0.611743 0 0)
(0.61174 0 0)
(0.611737 0 0)
(0.611734 0 0)
(0.61173 0 0)
(0.611727 0 0)
(0.611724 0 0)
(0.611721 0 0)
(0.611718 0 0)
(0.611715 0 0)
(0.611712 0 0)
(0.611708 0 0)
(0.611705 0 0)
(0.611702 0 0)
(0.611699 0 0)
(0.611696 0 0)
(0.611693 0 0)
(0.61169 0 0)
(0.611687 0 0)
(0.611683 0 0)
(0.61168 0 0)
(0.611677 0 0)
(0.611674 0 0)
(0.611671 0 0)
(0.611668 0 0)
(0.611665 0 0)
(0.611661 0 0)
(0.611658 0 0)
(0.611655 0 0)
(0.611652 0 0)
(0.611649 0 0)
(0.611646 0 0)
(0.611643 0 0)
(0.611639 0 0)
(0.611636 0 0)
(0.611633 0 0)
(0.61163 0 0)
(0.611627 0 0)
(0.611623 0 0)
(0.61162 0 0)
(0.611617 0 0)
(0.611614 0 0)
(0.611611 0 0)
(0.611607 0 0)
(0.611604 0 0)
(0.611601 0 0)
(0.611598 0 0)
(0.611594 0 0)
(0.611591 0 0)
(0.611588 0 0)
(0.611584 0 0)
(0.611581 0 0)
(0.611578 0 0)
(0.611575 0 0)
(0.611571 0 0)
(0.611568 0 0)
(0.611565 0 0)
(0.611561 0 0)
(0.611558 0 0)
(0.611555 0 0)
(0.611551 0 0)
(0.611548 0 0)
(0.611545 0 0)
(0.611541 0 0)
(0.611538 0 0)
(0.611535 0 0)
(0.611531 0 0)
(0.611528 0 0)
(0.611524 0 0)
(0.611521 0 0)
(0.611518 0 0)
(0.611514 0 0)
(0.611511 0 0)
(0.611508 0 0)
(0.611504 0 0)
(0.611501 0 0)
(0.611497 0 0)
(0.611494 0 0)
(0.611491 0 0)
(0.611487 0 0)
(0.611484 0 0)
(0.61148 0 0)
(0.611477 0 0)
(0.611473 0 0)
(0.61147 0 0)
(0.611467 0 0)
(0.611463 0 0)
(0.61146 0 0)
(0.611456 0 0)
(0.611453 0 0)
(0.61145 0 0)
(0.611446 0 0)
(0.611443 0 0)
(0.611439 0 0)
(0.611436 0 0)
(0.611433 0 0)
(0.611429 0 0)
(0.611426 0 0)
(0.611422 0 0)
(0.611419 0 0)
(0.611416 0 0)
(0.611412 0 0)
(0.611409 0 0)
(0.611405 0 0)
(0.611402 0 0)
(0.611399 0 0)
(0.611395 0 0)
(0.611392 0 0)
(0.611389 0 0)
(0.611385 0 0)
(0.611382 0 0)
(0.611379 0 0)
(0.611375 0 0)
(0.611372 0 0)
(0.611369 0 0)
(0.611365 0 0)
(0.611362 0 0)
(0.611359 0 0)
(0.611355 0 0)
(0.611352 0 0)
(0.611349 0 0)
(0.611346 0 0)
(0.611342 0 0)
(0.611339 0 0)
(0.611336 0 0)
(0.611333 0 0)
(0.611329 0 0)
(0.611326 0 0)
(0.611323 0 0)
(0.61132 0 0)
(0.611316 0 0)
(0.611313 0 0)
(0.61131 0 0)
(0.611307 0 0)
(0.611303 0 0)
(0.6113 0 0)
(0.611297 0 0)
(0.611294 0 0)
(0.61129 0 0)
(0.611287 0 0)
(0.611284 0 0)
(0.611281 0 0)
(0.611278 0 0)
(0.611274 0 0)
(0.611271 0 0)
(0.611268 0 0)
(0.611265 0 0)
(0.611261 0 0)
(0.611258 0 0)
(0.611255 0 0)
(0.611252 0 0)
(0.611249 0 0)
(0.611245 0 0)
(0.611242 0 0)
(0.611239 0 0)
(0.611236 0 0)
(0.611232 0 0)
(0.611229 0 0)
(0.611226 0 0)
(0.611223 0 0)
(0.611219 0 0)
(0.611216 0 0)
(0.611213 0 0)
(0.61121 0 0)
(0.611206 0 0)
(0.611203 0 0)
(0.6112 0 0)
(0.611197 0 0)
(0.611193 0 0)
(0.61119 0 0)
(0.611187 0 0)
(0.611184 0 0)
(0.61118 0 0)
(0.611177 0 0)
(0.611174 0 0)
(0.61117 0 0)
(0.611167 0 0)
(0.611164 0 0)
(0.61116 0 0)
(0.611157 0 0)
(0.611154 0 0)
(0.61115 0 0)
(0.611147 0 0)
(0.611144 0 0)
(0.61114 0 0)
(0.611137 0 0)
(0.611134 0 0)
(0.61113 0 0)
(0.611127 0 0)
(0.611124 0 0)
(0.61112 0 0)
(0.611117 0 0)
(0.611113 0 0)
(0.61111 0 0)
(0.611107 0 0)
(0.611103 0 0)
(0.6111 0 0)
(0.611097 0 0)
(0.611093 0 0)
(0.61109 0 0)
(0.611086 0 0)
(0.611083 0 0)
(0.61108 0 0)
(0.611076 0 0)
(0.611073 0 0)
(0.611069 0 0)
(0.611066 0 0)
(0.611062 0 0)
(0.611059 0 0)
(0.611056 0 0)
(0.611052 0 0)
(0.611049 0 0)
(0.611045 0 0)
(0.611042 0 0)
(0.611039 0 0)
(0.611035 0 0)
(0.611032 0 0)
(0.611028 0 0)
(0.611025 0 0)
(0.611022 0 0)
(0.611018 0 0)
(0.611015 0 0)
(0.611012 0 0)
(0.611008 0 0)
(0.611005 0 0)
(0.611001 0 0)
(0.610998 0 0)
(0.610995 0 0)
(0.610991 0 0)
(0.610988 0 0)
(0.610985 0 0)
(0.610981 0 0)
(0.610978 0 0)
(0.610975 0 0)
(0.610971 0 0)
(0.610968 0 0)
(0.610965 0 0)
(0.610962 0 0)
(0.610958 0 0)
(0.610955 0 0)
(0.610952 0 0)
(0.610948 0 0)
(0.610945 0 0)
(0.610942 0 0)
(0.610939 0 0)
(0.610935 0 0)
(0.610932 0 0)
(0.610929 0 0)
(0.610926 0 0)
(0.610923 0 0)
(0.610919 0 0)
(0.610916 0 0)
(0.610913 0 0)
(0.61091 0 0)
(0.610907 0 0)
(0.610903 0 0)
(0.6109 0 0)
(0.610897 0 0)
(0.610894 0 0)
(0.610891 0 0)
(0.610888 0 0)
(0.610884 0 0)
(0.610881 0 0)
(0.610878 0 0)
(0.610875 0 0)
(0.610872 0 0)
(0.610869 0 0)
(0.610866 0 0)
(0.610862 0 0)
(0.610859 0 0)
(0.610856 0 0)
(0.610853 0 0)
(0.61085 0 0)
(0.610847 0 0)
(0.610844 0 0)
(0.610841 0 0)
(0.610837 0 0)
(0.610834 0 0)
(0.610831 0 0)
(0.610828 0 0)
(0.610825 0 0)
(0.610822 0 0)
(0.610819 0 0)
(0.610816 0 0)
(0.610813 0 0)
(0.610809 0 0)
(0.610806 0 0)
(0.610803 0 0)
(0.6108 0 0)
(0.610797 0 0)
(0.610794 0 0)
(0.610791 0 0)
(0.610788 0 0)
(0.610784 0 0)
(0.610781 0 0)
(0.610778 0 0)
(0.610775 0 0)
(0.610772 0 0)
(0.610769 0 0)
(0.610766 0 0)
(0.610762 0 0)
(0.610759 0 0)
(0.610756 0 0)
(0.610753 0 0)
(0.61075 0 0)
(0.610747 0 0)
(0.610743 0 0)
(0.61074 0 0)
(0.610737 0 0)
(0.610734 0 0)
(0.610731 0 0)
(0.610728 0 0)
(0.610724 0 0)
(0.610721 0 0)
(0.610718 0 0)
(0.610715 0 0)
(0.610712 0 0)
(0.610708 0 0)
(0.610705 0 0)
(0.610702 0 0)
(0.610699 0 0)
(0.610696 0 0)
(0.610692 0 0)
(0.610689 0 0)
(0.610686 0 0)
(0.610683 0 0)
(0.61068 0 0)
(0.610676 0 0)
(0.610673 0 0)
(0.61067 0 0)
(0.610667 0 0)
(0.610663 0 0)
(0.61066 0 0)
(0.610657 0 0)
(0.610654 0 0)
(0.610651 0 0)
(0.610647 0 0)
(0.610644 0 0)
(0.610641 0 0)
(0.610638 0 0)
(0.610635 0 0)
(0.610631 0 0)
(0.610628 0 0)
(0.610625 0 0)
(0.610622 0 0)
(0.610619 0 0)
(0.610615 0 0)
(0.610612 0 0)
(0.610609 0 0)
(0.610606 0 0)
(0.610603 0 0)
(0.6106 0 0)
(0.610596 0 0)
(0.610593 0 0)
(0.61059 0 0)
(0.610587 0 0)
(0.610584 0 0)
(0.610581 0 0)
(0.610577 0 0)
(0.610574 0 0)
(0.610571 0 0)
(0.610568 0 0)
(0.610565 0 0)
(0.610562 0 0)
(0.610559 0 0)
(0.610556 0 0)
(0.610552 0 0)
(0.610549 0 0)
(0.610546 0 0)
(0.610543 0 0)
(0.61054 0 0)
(0.610537 0 0)
(0.610534 0 0)
(0.610531 0 0)
(0.610527 0 0)
(0.610524 0 0)
(0.610521 0 0)
(0.610518 0 0)
(0.610515 0 0)
(0.610512 0 0)
(0.610509 0 0)
(0.610506 0 0)
(0.610502 0 0)
(0.610499 0 0)
(0.610496 0 0)
(0.610493 0 0)
(0.61049 0 0)
(0.610487 0 0)
(0.610484 0 0)
(0.61048 0 0)
(0.610477 0 0)
(0.610474 0 0)
(0.610471 0 0)
(0.610468 0 0)
(0.610465 0 0)
(0.610461 0 0)
(0.610458 0 0)
(0.610455 0 0)
(0.610452 0 0)
(0.610449 0 0)
(0.610445 0 0)
(0.610442 0 0)
(0.610439 0 0)
(0.610435 0 0)
(0.610432 0 0)
(0.610429 0 0)
(0.610426 0 0)
(0.610422 0 0)
(0.610419 0 0)
(0.610416 0 0)
(0.610412 0 0)
(0.610409 0 0)
(0.610406 0 0)
(0.610402 0 0)
(0.610399 0 0)
(0.610395 0 0)
(0.610392 0 0)
(0.610388 0 0)
(0.610385 0 0)
(0.610381 0 0)
(0.610378 0 0)
(0.610374 0 0)
(0.610371 0 0)
(0.610367 0 0)
(0.610364 0 0)
(0.61036 0 0)
(0.610357 0 0)
(0.610353 0 0)
(0.610349 0 0)
(0.610346 0 0)
(0.610342 0 0)
(0.610338 0 0)
(0.610335 0 0)
(0.610331 0 0)
(0.610327 0 0)
(0.610323 0 0)
(0.61032 0 0)
(0.610316 0 0)
(0.610312 0 0)
(0.610308 0 0)
(0.610304 0 0)
(0.6103 0 0)
(0.610297 0 0)
(0.610293 0 0)
(0.610289 0 0)
(0.610285 0 0)
(0.610281 0 0)
(0.610277 0 0)
(0.610273 0 0)
(0.610269 0 0)
(0.610265 0 0)
(0.610261 0 0)
(0.610257 0 0)
(0.610253 0 0)
(0.610249 0 0)
(0.610245 0 0)
(0.610241 0 0)
(0.610236 0 0)
(0.610232 0 0)
(0.610228 0 0)
(0.610224 0 0)
(0.61022 0 0)
(0.610216 0 0)
(0.610212 0 0)
(0.610207 0 0)
(0.610203 0 0)
(0.610199 0 0)
(0.610195 0 0)
(0.61019 0 0)
(0.610186 0 0)
(0.610182 0 0)
(0.610178 0 0)
(0.610173 0 0)
(0.610169 0 0)
(0.610165 0 0)
(0.61016 0 0)
(0.610156 0 0)
(0.610152 0 0)
(0.610147 0 0)
(0.610143 0 0)
(0.610138 0 0)
(0.610134 0 0)
(0.61013 0 0)
(0.610125 0 0)
(0.610121 0 0)
(0.610116 0 0)
(0.610112 0 0)
(0.610108 0 0)
(0.610103 0 0)
(0.610099 0 0)
(0.610094 0 0)
(0.61009 0 0)
(0.610085 0 0)
(0.610081 0 0)
(0.610076 0 0)
(0.610072 0 0)
(0.610067 0 0)
(0.610063 0 0)
(0.610058 0 0)
(0.610054 0 0)
(0.610049 0 0)
(0.610045 0 0)
(0.61004 0 0)
(0.610036 0 0)
(0.610031 0 0)
(0.610026 0 0)
(0.610022 0 0)
(0.610017 0 0)
(0.610013 0 0)
(0.610008 0 0)
(0.610004 0 0)
(0.609999 0 0)
(0.609994 0 0)
(0.60999 0 0)
(0.609985 0 0)
(0.609981 0 0)
(0.609976 0 0)
(0.609971 0 0)
(0.609967 0 0)
(0.609962 0 0)
(0.609957 0 0)
(0.609953 0 0)
(0.609948 0 0)
(0.609944 0 0)
(0.609939 0 0)
(0.609934 0 0)
(0.60993 0 0)
(0.609925 0 0)
(0.60992 0 0)
(0.609916 0 0)
(0.609911 0 0)
(0.609906 0 0)
(0.609902 0 0)
(0.609897 0 0)
(0.609892 0 0)
(0.609888 0 0)
(0.609883 0 0)
(0.609878 0 0)
(0.609874 0 0)
(0.609869 0 0)
(0.609864 0 0)
(0.60986 0 0)
(0.609855 0 0)
(0.60985 0 0)
(0.609846 0 0)
(0.609841 0 0)
(0.609836 0 0)
(0.609832 0 0)
(0.609827 0 0)
(0.609822 0 0)
(0.609818 0 0)
(0.609813 0 0)
(0.609808 0 0)
(0.609804 0 0)
(0.609799 0 0)
(0.609794 0 0)
(0.60979 0 0)
(0.609785 0 0)
(0.60978 0 0)
(0.609776 0 0)
(0.609771 0 0)
(0.609767 0 0)
(0.609762 0 0)
(0.609757 0 0)
(0.609753 0 0)
(0.609748 0 0)
(0.609744 0 0)
(0.609739 0 0)
(0.609735 0 0)
(0.60973 0 0)
(0.609725 0 0)
(0.609721 0 0)
(0.609716 0 0)
(0.609712 0 0)
(0.609707 0 0)
(0.609703 0 0)
(0.609698 0 0)
(0.609694 0 0)
(0.60969 0 0)
(0.609685 0 0)
(0.609681 0 0)
(0.609676 0 0)
(0.609672 0 0)
(0.609667 0 0)
(0.609663 0 0)
(0.609659 0 0)
(0.609654 0 0)
(0.60965 0 0)
(0.609645 0 0)
(0.609641 0 0)
(0.609637 0 0)
(0.609632 0 0)
(0.609628 0 0)
(0.609624 0 0)
(0.60962 0 0)
(0.609615 0 0)
(0.609611 0 0)
(0.609607 0 0)
(0.609603 0 0)
(0.609598 0 0)
(0.609594 0 0)
(0.60959 0 0)
(0.609586 0 0)
(0.609581 0 0)
(0.609577 0 0)
(0.609573 0 0)
(0.609569 0 0)
(0.609565 0 0)
(0.609561 0 0)
(0.609556 0 0)
(0.609552 0 0)
(0.609548 0 0)
(0.609544 0 0)
(0.60954 0 0)
(0.609536 0 0)
(0.609532 0 0)
(0.609528 0 0)
(0.609524 0 0)
(0.60952 0 0)
(0.609516 0 0)
(0.609511 0 0)
(0.609507 0 0)
(0.609503 0 0)
(0.609499 0 0)
(0.609495 0 0)
(0.609491 0 0)
(0.609487 0 0)
(0.609483 0 0)
(0.609479 0 0)
(0.609475 0 0)
(0.609471 0 0)
(0.609467 0 0)
(0.609463 0 0)
(0.609459 0 0)
(0.609455 0 0)
(0.609451 0 0)
(0.609447 0 0)
(0.609443 0 0)
(0.609439 0 0)
(0.609435 0 0)
(0.609431 0 0)
(0.609427 0 0)
(0.609423 0 0)
(0.609419 0 0)
(0.609415 0 0)
(0.609411 0 0)
(0.609407 0 0)
(0.609403 0 0)
(0.609399 0 0)
(0.609395 0 0)
(0.609391 0 0)
(0.609387 0 0)
(0.609383 0 0)
(0.609379 0 0)
(0.609375 0 0)
(0.609371 0 0)
(0.609367 0 0)
(0.609363 0 0)
(0.609358 0 0)
(0.609354 0 0)
(0.60935 0 0)
(0.609346 0 0)
(0.609342 0 0)
(0.609338 0 0)
(0.609334 0 0)
(0.60933 0 0)
(0.609326 0 0)
(0.609322 0 0)
(0.609318 0 0)
(0.609314 0 0)
(0.60931 0 0)
(0.609306 0 0)
(0.609302 0 0)
(0.609298 0 0)
(0.609294 0 0)
(0.60929 0 0)
(0.609286 0 0)
(0.609281 0 0)
(0.609277 0 0)
(0.609273 0 0)
(0.609269 0 0)
(0.609265 0 0)
(0.609261 0 0)
(0.609257 0 0)
(0.609253 0 0)
(0.609249 0 0)
(0.609245 0 0)
(0.609241 0 0)
(0.609237 0 0)
(0.609233 0 0)
(0.609229 0 0)
(0.609225 0 0)
(0.609221 0 0)
(0.609217 0 0)
(0.609213 0 0)
(0.609208 0 0)
(0.609204 0 0)
(0.6092 0 0)
(0.609196 0 0)
(0.609192 0 0)
(0.609188 0 0)
(0.609184 0 0)
(0.60918 0 0)
(0.609176 0 0)
(0.609172 0 0)
(0.609168 0 0)
(0.609164 0 0)
(0.60916 0 0)
(0.609156 0 0)
(0.609152 0 0)
(0.609148 0 0)
(0.609144 0 0)
(0.60914 0 0)
(0.609136 0 0)
(0.609132 0 0)
(0.609128 0 0)
(0.609124 0 0)
(0.60912 0 0)
(0.609116 0 0)
(0.609112 0 0)
(0.609108 0 0)
(0.609104 0 0)
(0.609101 0 0)
(0.609097 0 0)
(0.609093 0 0)
(0.609089 0 0)
(0.609085 0 0)
(0.609081 0 0)
(0.609077 0 0)
(0.609073 0 0)
(0.609069 0 0)
(0.609065 0 0)
(0.609061 0 0)
(0.609057 0 0)
(0.609053 0 0)
(0.609049 0 0)
(0.609045 0 0)
(0.609041 0 0)
(0.609037 0 0)
(0.609033 0 0)
(0.609029 0 0)
(0.609026 0 0)
(0.609022 0 0)
(0.609018 0 0)
(0.609014 0 0)
(0.60901 0 0)
(0.609006 0 0)
(0.609002 0 0)
(0.608998 0 0)
(0.608994 0 0)
(0.60899 0 0)
(0.608986 0 0)
(0.608982 0 0)
(0.608978 0 0)
(0.608974 0 0)
(0.60897 0 0)
(0.608966 0 0)
(0.608962 0 0)
(0.608958 0 0)
(0.608954 0 0)
(0.60895 0 0)
(0.608946 0 0)
(0.608942 0 0)
(0.608938 0 0)
(0.608934 0 0)
(0.60893 0 0)
(0.608926 0 0)
(0.608922 0 0)
(0.608918 0 0)
(0.608914 0 0)
(0.60891 0 0)
(0.608906 0 0)
(0.608902 0 0)
(0.608898 0 0)
(0.608894 0 0)
(0.60889 0 0)
(0.608886 0 0)
(0.608882 0 0)
(0.608878 0 0)
(0.608874 0 0)
(0.60887 0 0)
(0.608866 0 0)
(0.608862 0 0)
(0.608858 0 0)
(0.608854 0 0)
(0.608849 0 0)
(0.608845 0 0)
(0.608841 0 0)
(0.608837 0 0)
(0.608833 0 0)
(0.608829 0 0)
(0.608825 0 0)
(0.608821 0 0)
(0.608817 0 0)
(0.608813 0 0)
(0.608809 0 0)
(0.608805 0 0)
(0.608801 0 0)
(0.608796 0 0)
(0.608792 0 0)
(0.608788 0 0)
(0.608784 0 0)
(0.60878 0 0)
(0.608776 0 0)
(0.608772 0 0)
(0.608768 0 0)
(0.608764 0 0)
(0.60876 0 0)
(0.608756 0 0)
(0.608752 0 0)
(0.608747 0 0)
(0.608743 0 0)
(0.608739 0 0)
(0.608735 0 0)
(0.608731 0 0)
(0.608727 0 0)
(0.608723 0 0)
(0.608719 0 0)
(0.608715 0 0)
(0.608711 0 0)
(0.608707 0 0)
(0.608703 0 0)
(0.608699 0 0)
(0.608695 0 0)
(0.608691 0 0)
(0.608687 0 0)
(0.608683 0 0)
(0.608678 0 0)
(0.608674 0 0)
(0.60867 0 0)
(0.608666 0 0)
(0.608662 0 0)
(0.608658 0 0)
(0.608654 0 0)
(0.60865 0 0)
(0.608646 0 0)
(0.608642 0 0)
(0.608638 0 0)
(0.608634 0 0)
(0.60863 0 0)
(0.608626 0 0)
(0.608622 0 0)
(0.608618 0 0)
(0.608613 0 0)
(0.608609 0 0)
(0.608605 0 0)
(0.608601 0 0)
(0.608597 0 0)
(0.608593 0 0)
(0.608589 0 0)
(0.608585 0 0)
(0.608581 0 0)
(0.608577 0 0)
(0.608573 0 0)
(0.608568 0 0)
(0.608564 0 0)
(0.60856 0 0)
(0.608556 0 0)
(0.608552 0 0)
(0.608548 0 0)
(0.608544 0 0)
(0.60854 0 0)
(0.608536 0 0)
(0.608531 0 0)
(0.608527 0 0)
(0.608523 0 0)
(0.608519 0 0)
(0.608515 0 0)
(0.608511 0 0)
(0.608507 0 0)
(0.608502 0 0)
(0.608498 0 0)
(0.608494 0 0)
(0.60849 0 0)
(0.608486 0 0)
(0.608482 0 0)
(0.608477 0 0)
(0.608473 0 0)
(0.608469 0 0)
(0.608465 0 0)
(0.608461 0 0)
(0.608456 0 0)
)
;

boundaryField
{
    inlet
    {
        type            flowRateInlet;
        flowRate        0.0625;
        value           uniform (0.625 -0 -0);
    }
    outlet
    {
        type            zeroGradient;
    }
    right
    {
        type            empty;
    }
    left
    {
        type            empty;
    }
    atmosphere
    {
        type            empty;
    }
    bottomWall
    {
        type            empty;
    }
}


// ************************************************************************* //
