/*--------------------------------*- C++ -*----------------------------------*\
| =========                 |                                                 |
| \\      /  F ield         | foam-extend: Open Source CFD                    |
|  \\    /   O peration     | Version:     3.1                                |
|   \\  /    A nd           | Web:         http://www.extend-project.de       |
|    \\/     M anipulation  |                                                 |
\*---------------------------------------------------------------------------*/
FoamFile
{
    version     2.0;
    format      ascii;
    class       surfaceScalarField;
    location    "36";
    object      phi;
}
// * * * * * * * * * * * * * * * * * * * * * * * * * * * * * * * * * * * * * //

dimensions      [0 3 -1 0 0 0 0];

internalField   nonuniform List<scalar> 
2538
(
0.0728847
0.0729444
0.0730238
0.0731026
0.0731816
0.0732608
0.0733402
0.0734197
0.0734995
0.0735794
0.0736596
0.0737399
0.0738204
0.0739012
0.0739821
0.0740632
0.0741446
0.0742261
0.0743078
0.0743897
0.0744718
0.0745542
0.0746367
0.0747194
0.0748024
0.0748855
0.0749689
0.0750524
0.0751362
0.0752202
0.0753044
0.0753888
0.0754734
0.0755582
0.0756433
0.0757285
0.075814
0.0758997
0.0759856
0.0760717
0.0761581
0.0762447
0.0763314
0.0764185
0.0765057
0.0765932
0.0766808
0.0767688
0.0768569
0.0769453
0.0770339
0.0771227
0.0772118
0.0773011
0.0773906
0.0774804
0.0775704
0.0776606
0.0777511
0.0778418
0.0779327
0.0780239
0.0781154
0.0782071
0.078299
0.0783912
0.0784836
0.0785763
0.0786692
0.0787624
0.0788558
0.0789495
0.0790434
0.0791376
0.079232
0.0793267
0.0794217
0.0795169
0.0796124
0.0797081
0.0798041
0.0799004
0.0799969
0.0800938
0.0801908
0.0802882
0.0803858
0.0804837
0.0805819
0.0806803
0.080779
0.080878
0.0809773
0.0810769
0.0811767
0.0812768
0.0813772
0.0814779
0.0815789
0.0816802
0.0817818
0.0818836
0.0819858
0.0820883
0.082191
0.0822941
0.0823974
0.0825011
0.082605
0.0827093
0.0828138
0.0829187
0.0830239
0.0831294
0.0832352
0.0833413
0.0834478
0.0835546
0.0836616
0.083769
0.0838768
0.0839848
0.0840932
0.0842019
0.0843109
0.0844203
0.08453
0.08464
0.0847504
0.0848611
0.0849722
0.0850836
0.0851953
0.0853074
0.0854199
0.0855327
0.0856458
0.0857593
0.0858732
0.0859874
0.086102
0.0862169
0.0863322
0.0864479
0.0865639
0.0866804
0.0867971
0.0869143
0.0870319
0.0871498
0.0872681
0.0873868
0.0875058
0.0876253
0.0877452
0.0878654
0.0879861
0.0881071
0.0882286
0.0883504
0.0884727
0.0885953
0.0887184
0.0888419
0.0889658
0.0890901
0.0892149
0.0893401
0.0894656
0.0895917
0.0897181
0.089845
0.0899723
0.0901001
0.0902283
0.090357
0.0904861
0.0906156
0.0907457
0.0908761
0.0910071
0.0911384
0.0912703
0.0914026
0.0915661
0.0917482
0.091856
0.0918988
0.0919383
0.0919777
0.092017
0.0920565
0.0920959
0.0921354
0.092175
0.0922146
0.0922542
0.0922939
0.0923336
0.0923734
0.0924132
0.092453
0.0924929
0.0925329
0.0925728
0.0926128
0.0926529
0.092693
0.0927332
0.0927734
0.0928136
0.0928539
0.0928942
0.0929346
0.092975
0.0930154
0.0930559
0.0930965
0.0931371
0.0931777
0.0932184
0.0932591
0.0932999
0.0933407
0.0933815
0.0934224
0.0934634
0.0935044
0.0935454
0.0935865
0.0936276
0.0936688
0.09371
0.0937513
0.0937926
0.093834
0.0938754
0.0939168
0.0939583
0.0939998
0.0940414
0.0940831
0.0941247
0.0941665
0.0942082
0.0942501
0.0942919
0.0943339
0.0943758
0.0944178
0.0944599
0.094502
0.0945441
0.0945863
0.0946286
0.0946709
0.0947132
0.0947556
0.0947981
0.0948405
0.0948831
0.0949257
0.0949683
0.095011
0.0950537
0.0950965
0.0951393
0.0951822
0.0952251
0.0952681
0.0953111
0.0953542
0.0953973
0.0954405
0.0954837
0.095527
0.0955703
0.0956137
0.0956571
0.0957006
0.0957441
0.0957877
0.0958313
0.095875
0.0959188
0.0959625
0.0960064
0.0960503
0.0960942
0.0961382
0.0961822
0.0962263
0.0962704
0.0963146
0.0963589
0.0964032
0.0964475
0.0964919
0.0965364
0.0965809
0.0966255
0.0966701
0.0967148
0.0967595
0.0968043
0.0968491
0.096894
0.0969389
0.0969839
0.0970289
0.097074
0.0971192
0.0971644
0.0972097
0.097255
0.0973004
0.0973458
0.0973913
0.0974368
0.0974824
0.097528
0.0975737
0.0976195
0.0976653
0.0977112
0.0977571
0.0978031
0.0978491
0.0978952
0.0979414
0.0979876
0.0980338
0.0980802
0.0981265
0.098173
0.0982195
0.098266
0.0983126
0.0983593
0.098406
0.0984528
0.0984997
0.0985466
0.0985935
0.0986405
0.0986876
0.0987347
0.0987819
0.0988292
0.0988765
0.0989239
0.0989713
0.0990188
0.0990663
0.0991139
0.0991616
0.0992093
0.0992571
0.099305
0.0993529
0.0994009
0.0994489
0.099497
0.0995452
0.0995934
0.0996417
0.09969
0.0997384
0.0997869
0.0998354
0.099884
0.0999327
0.0999814
0.10003
0.100079
0.100128
0.100177
0.100226
0.100275
0.100324
0.100373
0.100423
0.100471
0.10054
0.100208
0.10444
0.109114
0.114831
0.118449
0.120858
0.122638
0.124073
0.125306
0.126411
0.12743
0.128387
0.129298
0.130172
0.131015
0.131833
0.132629
0.133406
0.134166
0.134912
0.135644
0.136363
0.137072
0.137771
0.138461
0.139142
0.139816
0.140482
0.141142
0.141796
0.142445
0.143088
0.143726
0.144359
0.144989
0.145614
0.146236
0.146854
0.14747
0.148082
0.148691
0.149298
0.149903
0.150505
0.151106
0.151704
0.152301
0.152897
0.153491
0.154083
0.154675
0.155265
0.155855
0.156444
0.157032
0.15762
0.158208
0.158795
0.159382
0.159969
0.160557
0.161144
0.161733
0.162321
0.162911
0.163501
0.164092
0.164685
0.165279
0.165875
0.166472
0.167072
0.167674
0.168278
0.168885
0.169496
0.17011
0.170728
0.171351
0.171978
0.172612
0.173251
0.173898
0.174554
0.175219
0.175895
0.176584
0.177288
0.17801
0.178754
0.179525
0.180328
0.181172
0.182065
0.183021
0.184053
0.185181
0.186424
0.187801
0.18933
0.191016
0.195535
0.197523
0.199388
0.201146
0.202814
0.204403
0.205921
0.207378
0.20878
0.210132
0.21144
0.212706
0.213935
0.21513
0.216294
0.217428
0.218536
0.219618
0.220676
0.221712
0.222728
0.223724
0.224702
0.225663
0.226607
0.227535
0.228449
0.229348
0.230234
0.231107
0.231968
0.232817
0.233655
0.234482
0.235299
0.236106
0.236903
0.237691
0.23847
0.23924
0.240002
0.240756
0.241503
0.242241
0.242973
0.243697
0.244415
0.245126
0.24583
0.246529
0.247221
0.247907
0.248587
0.249262
0.249931
0.250595
0.251254
0.251908
0.252557
0.2532
0.25384
0.254474
0.255104
0.25573
0.256351
0.256968
0.257581
0.25819
0.258795
0.259396
0.259994
0.260587
0.261177
0.261763
0.262346
0.262926
0.263502
0.264074
0.264644
0.26521
0.265773
0.266333
0.266889
0.267443
0.267994
0.268542
0.269087
0.26963
0.270169
0.270706
0.27124
0.271772
0.2723
0.272826
0.273352
0.273878
0.274405
0.274924
0.275413
0.275837
0.276194
0.276526
0.276857
0.277187
0.277516
0.277844
0.278171
0.278497
0.278822
0.279146
0.279469
0.279791
0.280112
0.280432
0.280751
0.28107
0.281387
0.281704
0.282019
0.282334
0.282648
0.282961
0.283273
0.283584
0.283895
0.284204
0.284513
0.284821
0.285128
0.285434
0.28574
0.286044
0.286348
0.286651
0.286953
0.287255
0.287555
0.287855
0.288154
0.288453
0.28875
0.289047
0.289343
0.289639
0.289933
0.290227
0.29052
0.290813
0.291105
0.291396
0.291686
0.291976
0.292264
0.292553
0.29284
0.293127
0.293413
0.293699
0.293984
0.294268
0.294551
0.294834
0.295116
0.295398
0.295679
0.295959
0.296238
0.296517
0.296796
0.297073
0.29735
0.297627
0.297903
0.298178
0.298453
0.298727
0.299
0.299273
0.299545
0.299817
0.300088
0.300358
0.300628
0.300898
0.301166
0.301434
0.301702
0.301969
0.302236
0.302501
0.302767
0.303032
0.303296
0.30356
0.303823
0.304085
0.304347
0.304609
0.30487
0.30513
0.30539
0.30565
0.305909
0.306167
0.306425
0.306682
0.306939
0.307196
0.307451
0.307707
0.307962
0.308216
0.30847
0.308723
0.308976
0.309228
0.30948
0.309732
0.309983
0.310233
0.310483
0.310733
0.310982
0.31123
0.311478
0.311726
0.311973
0.31222
0.312466
0.312712
0.312957
0.313202
0.313446
0.31369
0.313934
0.314177
0.31442
0.314662
0.314904
0.315145
0.315386
0.315626
0.315866
0.316106
0.316345
0.316584
0.316822
0.31706
0.317298
0.317535
0.317771
0.318008
0.318243
0.318479
0.318714
0.318948
0.319183
0.319416
0.31965
0.319883
0.320115
0.320347
0.320579
0.320811
0.321042
0.321272
0.321502
0.321732
0.321962
0.322191
0.322419
0.322648
0.322876
0.323103
0.32333
0.323557
0.323784
0.32401
0.324235
0.324461
0.324686
0.32491
0.325134
0.325358
0.325582
0.325805
0.326027
0.32625
0.326472
0.326693
0.326915
0.327136
0.327356
0.327577
0.327796
0.328016
0.328235
0.328454
0.328673
0.328891
0.329109
0.329326
0.329543
0.32976
0.329977
0.330193
0.330408
0.330624
0.330839
0.331054
0.331268
0.331482
0.331696
0.33191
0.332123
0.332336
0.332548
0.33276
0.332972
0.333184
0.333395
0.333606
0.333816
0.334027
0.334237
0.334446
0.334656
0.334865
0.335073
0.335282
0.33549
0.335698
0.335905
0.336112
0.336319
0.336526
0.336732
0.336938
0.337143
0.337349
0.337554
0.337759
0.337963
0.338167
0.338371
0.338575
0.338778
0.338981
0.339183
0.339386
0.339588
0.33979
0.339991
0.340192
0.340393
0.340594
0.340794
0.340995
0.341194
0.341394
0.341593
0.341792
0.341991
0.342189
0.342387
0.342585
0.342783
0.34298
0.343177
0.343374
0.34357
0.343766
0.343962
0.344158
0.344353
0.344548
0.344743
0.344938
0.345132
0.345326
0.34552
0.345713
0.345907
0.3461
0.346292
0.346485
0.346677
0.346869
0.34706
0.347252
0.347443
0.347634
0.347825
0.348015
0.348205
0.348395
0.348585
0.348774
0.348963
0.349152
0.34934
0.349529
0.349717
0.349905
0.350092
0.35028
0.350467
0.350654
0.35084
0.351027
0.351213
0.351399
0.351584
0.35177
0.351955
0.35214
0.352324
0.352509
0.352693
0.352877
0.353061
0.353244
0.353427
0.35361
0.353793
0.353975
0.354158
0.35434
0.354522
0.354703
0.354885
0.355066
0.355247
0.355427
0.355608
0.355788
0.355968
0.356147
0.356327
0.356506
0.356685
0.356864
0.357043
0.357221
0.3574
0.357578
0.357753
0.357925
0.358099
0.358293
0.358516
0.358751
0.358986
0.35922
0.359455
0.359689
0.359922
0.360155
0.360388
0.360621
0.360853
0.361085
0.361317
0.361548
0.361779
0.362009
0.362239
0.362469
0.362699
0.362928
0.363157
0.363385
0.363613
0.363841
0.364069
0.364296
0.364523
0.36475
0.364976
0.365202
0.365427
0.365653
0.365878
0.366102
0.366326
0.36655
0.366774
0.366998
0.367221
0.367443
0.367666
0.367888
0.36811
0.368331
0.368552
0.368773
0.368994
0.369214
0.369434
0.369654
0.369873
0.370092
0.370311
0.370529
0.370747
0.370965
0.371183
0.3714
0.371617
0.371833
0.37205
0.372266
0.372482
0.372697
0.372912
0.373127
0.373342
0.373556
0.37377
0.373984
0.374197
0.37441
0.374623
0.374836
0.375048
0.37526
0.375472
0.375683
0.375894
0.376105
0.376315
0.376526
0.376736
0.376946
0.377155
0.377364
0.377573
0.377782
0.37799
0.378198
0.378406
0.378613
0.378821
0.379028
0.379234
0.379441
0.379647
0.379853
0.380058
0.380264
0.380469
0.380674
0.380878
0.381082
0.381286
0.38149
0.381694
0.381897
0.3821
0.382303
0.382505
0.382707
0.382909
0.383111
0.383312
0.383513
0.383714
0.383915
0.384115
0.384315
0.384515
0.384715
0.384914
0.385113
0.385312
0.385511
0.385709
0.385907
0.386105
0.386302
0.3865
0.386697
0.386894
0.38709
0.387287
0.387483
0.387679
0.387874
0.388069
0.388265
0.388459
0.388654
0.388848
0.389043
0.389236
0.38943
0.389624
0.389817
0.39001
0.390202
0.390395
0.390587
0.390779
0.390971
0.391162
0.391353
0.391544
0.391735
0.391926
0.392116
0.392306
0.392496
0.392686
0.392875
0.393064
0.393253
0.393442
0.39363
0.393818
0.394007
0.394195
0.394382
0.394568
0.394752
0.394938
0.395136
0.395358
0.395572
0.395643
0.39544
0.395299
0.395274
0.395328
0.395372
0.395414
0.395449
0.395467
0.395466
0.395454
0.395439
0.395419
0.395385
0.395334
0.395273
0.395202
0.39512
0.395027
0.394921
0.394803
0.394676
0.39454
0.394397
0.394244
0.394075
0.393891
0.393696
0.39349
0.393278
0.393053
0.392814
0.392561
0.392298
0.392028
0.391748
0.391459
0.391159
0.390847
0.390519
0.390182
0.389836
0.389473
0.389096
0.38871
0.388315
0.387909
0.387495
0.387068
0.386629
0.38618
0.385722
0.385252
0.384766
0.384265
0.383753
0.383233
0.382702
0.382161
0.381612
0.381049
0.380469
0.379873
0.379267
0.378653
0.378032
0.377402
0.376758
0.376097
0.375421
0.374733
0.374034
0.373323
0.372599
0.371866
0.371121
0.370365
0.369598
0.368816
0.368014
0.367193
0.366358
0.365518
0.364674
0.363828
0.362977
0.362114
0.361211
0.36024
0.359201
0.358151
0.357213
0.356532
0.356134
0.355735
0.354664
0.352131
0.347973
0.343599
0.342383
0.348691
0.364717
0.383835
0.402276
0.402458
0.402641
0.402823
0.403005
0.403186
0.403368
0.403549
0.40373
0.403911
0.404092
0.404272
0.404453
0.404633
0.404812
0.404992
0.405171
0.40535
0.405529
0.405708
0.405887
0.406065
0.406243
0.406421
0.406599
0.406776
0.406953
0.407131
0.407307
0.407484
0.407661
0.407837
0.408013
0.408189
0.408364
0.40854
0.408715
0.40889
0.409065
0.40924
0.409414
0.409588
0.409762
0.409936
0.41011
0.410283
0.410456
0.410629
0.410802
0.410975
0.411147
0.411319
0.411491
0.411663
0.411835
0.412006
0.412178
0.412349
0.41252
0.41269
0.412861
0.413031
0.413201
0.413371
0.413541
0.41371
0.413879
0.414049
0.414217
0.414386
0.414555
0.414723
0.414891
0.415059
0.415227
0.415395
0.415562
0.415729
0.415896
0.416063
0.41623
0.416396
0.416561
0.416727
0.416898
0.417077
0.417246
0.417353
0.417378
0.417369
0.417359
0.41735
0.41734
0.417331
0.417321
0.417312
0.417302
0.417293
0.417283
0.417274
0.417264
0.417255
0.417245
0.417236
0.417226
0.417217
0.417207
0.417198
0.417189
0.417179
0.41717
0.41716
0.417151
0.417141
0.417132
0.417123
0.417113
0.417104
0.417095
0.417085
0.417076
0.417066
0.417057
0.417048
0.417038
0.417029
0.41702
0.41701
0.417001
0.416992
0.416982
0.416973
0.416964
0.416954
0.416945
0.416936
0.416927
0.416917
0.416908
0.416899
0.416889
0.41688
0.416871
0.416862
0.416852
0.416843
0.416834
0.416825
0.416816
0.416806
0.416797
0.416788
0.416779
0.41677
0.41676
0.416751
0.416742
0.416733
0.416724
0.416715
0.416705
0.416696
0.416687
0.416678
0.416669
0.41666
0.416651
0.416641
0.416632
0.416623
0.416614
0.416605
0.416596
0.416587
0.416578
0.416569
0.41656
0.416551
0.416542
0.416533
0.416523
0.416514
0.416505
0.416496
0.416487
0.416478
0.416469
0.41646
0.416451
0.416442
0.416433
0.416424
0.416415
0.416406
0.416397
0.416388
0.416379
0.416371
0.416362
0.416353
0.416344
0.416335
0.416326
0.416317
0.416308
0.416299
0.41629
0.416281
0.416272
0.416263
0.416255
0.416246
0.416237
0.416228
0.416219
0.41621
0.416201
0.416193
0.416184
0.416175
0.416166
0.416157
0.416148
0.41614
0.416131
0.416122
0.416113
0.416104
0.416096
0.416087
0.416078
0.416069
0.41606
0.416052
0.416043
0.416034
0.416025
0.416017
0.416008
0.415999
0.41599
0.415982
0.415973
0.415964
0.415956
0.415947
0.415938
0.415929
0.415921
0.415912
0.415903
0.415895
0.415886
0.415877
0.415869
0.41586
0.415851
0.415843
0.415834
0.415826
0.415817
0.415808
0.4158
0.415791
0.415782
0.415774
0.415765
0.415757
0.415748
0.41574
0.415731
0.415722
0.415714
0.415705
0.415697
0.415688
0.41568
0.415671
0.415663
0.415654
0.415645
0.415637
0.415628
0.41562
0.415611
0.415603
0.415594
0.415586
0.415577
0.415569
0.41556
0.415552
0.415544
0.415535
0.415527
0.415518
0.41551
0.415501
0.415493
0.415484
0.415476
0.415468
0.415459
0.415451
0.415442
0.415434
0.415426
0.415418
0.41541
0.4154
0.415384
0.415367
0.41538
0.415462
0.415558
0.415327
0.414255
0.4129
0.415245
0.428131
0.446195
0.421684
0.308572
0.172999
0.10582
0.0931343
0.0925634
0.0925192
0.0924764
0.0924337
0.0923911
0.0923485
0.0923059
0.0922634
0.0922209
0.0921785
0.0921361
0.0920938
0.0920515
0.0920093
0.0919671
0.0919249
0.0918828
0.0918408
0.0917988
0.0917568
0.0917149
0.091673
0.0916312
0.0915894
0.0915477
0.091506
0.0914643
0.0914227
0.0913811
0.0913396
0.0912981
0.0912567
0.0912153
0.091174
0.0911327
0.0910914
0.0910502
0.091009
0.0909679
0.0909268
0.0908858
0.0908448
0.0908038
0.0907629
0.0907221
0.0906812
0.0906404
0.0905997
0.090559
0.0905184
0.0904777
0.0904372
0.0903966
0.0903562
0.0903157
0.0902753
0.090235
0.0901946
0.0901544
0.0901141
0.090074
0.0900337
0.0899943
0.0899664
0.0899579
0.089958
0.089958
0.089958
0.089958
0.089958
0.089958
0.089958
0.089958
0.089958
0.0899579
0.0899579
0.0899579
0.0899579
0.0899579
0.0899579
0.0899579
0.0899579
0.0899579
0.0899579
0.0899579
0.0899579
0.0899579
0.0899579
0.0899579
0.0899579
0.0899579
0.0899579
0.0899579
0.0899579
0.0899579
0.0899579
0.0899579
0.0899579
0.0899579
0.0899579
0.0899579
0.0899579
0.0899579
0.0899579
0.0899579
0.0899579
0.0899579
0.089958
0.089958
0.089958
0.089958
0.089958
0.089958
0.089958
0.089958
0.089958
0.0899581
0.0899581
0.0899581
0.0899581
0.0899581
0.0899581
0.0899581
0.0899582
0.0899582
0.0899582
0.0899582
0.0899582
0.0899582
0.0899582
0.0899583
0.0899583
0.0899583
0.0899583
0.0899583
0.0899583
0.0899584
0.0899584
0.0899584
0.0899584
0.0899584
0.0899584
0.0899584
0.0899584
0.0899585
0.0899585
0.0899585
0.0899585
0.0899585
0.0899585
0.0899585
0.0899585
0.0899585
0.0899585
0.0899586
0.0899586
0.0899586
0.0899586
0.0899586
0.0899586
0.0899586
0.0899586
0.0899586
0.0899586
0.0899586
0.0899586
0.0899586
0.0899586
0.0899586
0.0899586
0.0899586
0.0899586
0.0899586
0.0899586
0.0899585
0.0899585
0.0899585
0.0899585
0.0899585
0.0899585
0.0899585
0.0899585
0.0899585
0.0899585
0.0899585
0.0899584
0.0899584
0.0899584
0.0899584
0.0899584
0.0899584
0.0899584
0.0899583
0.0899583
0.0899583
0.0899583
0.0899583
0.0899583
0.0899583
0.0899582
0.0899582
0.0899582
0.0899582
0.0899582
0.0899582
0.0899582
0.0899581
0.0899581
0.0899581
0.0899581
0.0899581
0.0899581
0.0899581
0.0899581
0.089958
0.089958
0.089958
0.089958
0.089958
0.089958
0.089958
0.089958
0.089958
0.089958
0.089958
0.0899579
0.0899579
0.0899579
0.0899579
0.0899579
0.0899579
0.0899579
0.0899579
0.0899579
0.0899579
0.0899579
0.0899579
0.0899579
0.0899579
0.0899579
0.0899579
0.0899579
0.0899579
0.0899579
0.0899579
0.0899579
0.089958
0.089958
0.089958
0.089958
0.089958
0.089958
0.089958
0.089958
0.089958
0.089958
0.089958
0.089958
0.089958
0.0899581
0.0899581
0.0899581
0.0899581
0.0899581
0.0899581
0.0899581
0.0899581
0.0899581
0.0899581
0.0899581
0.0899582
0.0899582
0.0899582
0.0899582
0.0899582
0.0899582
0.0899582
0.0899582
0.0899582
0.0899582
0.0899582
0.0899582
0.0899582
0.0899582
0.0899582
0.0899582
0.0899583
0.0899583
0.0899583
0.0899583
0.0899583
0.0899583
0.0899583
0.0899583
0.0899583
0.0899583
0.0899583
0.0899583
0.0899583
0.0899583
0.0899583
0.0899583
0.0899583
0.0899582
0.0899582
0.0899582
0.0899582
0.0899582
0.0899582
0.0899582
0.0899582
0.0899582
0.0899582
0.0899582
0.0899582
0.0899582
0.0899582
0.0899582
0.0899582
0.0899582
0.0899582
0.0899582
0.0899582
0.0899581
0.0899581
0.0899581
0.0899581
0.0899581
0.0899581
0.0899581
0.0899581
0.0899581
0.0899581
0.0899581
0.0899581
0.0899581
0.0899581
0.0899581
0.0899581
0.0899581
0.0899581
0.0899581
0.0899581
0.0899581
0.0899581
0.0899581
0.0899582
0.0899582
0.0899582
0.0899582
0.0899582
0.0899582
0.0899582
0.0899582
0.0899582
0.0899583
0.0899583
0.0899583
0.0899583
0.0899583
0.0899583
0.0899584
0.0899584
0.0899584
0.0899584
0.0899585
0.0899585
0.0899585
0.0899585
0.0899586
0.0899586
0.0899586
0.0899587
0.0899587
0.0899587
0.0899587
0.0899588
0.0899588
0.0899588
0.0899589
0.0899589
0.089959
0.089959
0.089959
0.0899591
0.0899591
0.0899591
0.0899592
0.0899592
0.0899593
0.0899593
0.0899593
0.0899594
0.0899594
0.0899595
0.0899595
0.0899596
0.0899596
0.0899596
0.0899597
0.0899597
0.0899598
0.0899598
0.0899598
0.0899599
0.0899599
0.08996
0.08996
0.0899601
0.0899601
0.0899601
0.0899602
0.0899602
0.0899603
0.0899603
0.0899604
0.0899604
0.0899604
0.0899605
0.0899605
0.0899606
0.0899606
0.0899607
0.0899607
0.0899607
0.0899608
0.0899608
0.0899609
0.0899609
0.089961
0.089961
0.089961
0.0899611
0.0899611
0.0899612
0.0899612
0.0899612
0.0899613
0.0899613
0.0899614
0.0899614
0.0899615
0.0899615
0.0899615
0.0899616
0.0899616
0.0899617
0.0899617
0.0899618
0.0899618
0.0899618
0.0899619
0.0899619
0.089962
0.089962
0.0899621
0.0899621
0.0899622
0.0899622
0.0899622
0.0899623
0.0899623
0.0899624
0.0899624
0.0899625
0.0899625
0.0899626
0.0899626
0.0899627
0.0899627
0.0899628
0.0899628
0.0899629
0.0899629
0.089963
0.089963
0.0899631
0.0899631
0.0899632
0.0899632
0.0899633
0.0899633
0.0899634
0.0899634
0.0899635
0.0899635
0.0899636
0.0899636
0.0899637
0.0899637
0.0899638
0.0899638
0.0899639
0.0899639
0.0899639
0.089964
0.089964
0.0899641
0.0899641
0.0899642
0.0899642
0.0899642
0.0899643
0.0899643
0.0899644
0.0899644
0.0899644
0.0899645
0.0899645
0.0899645
0.0899645
0.0899646
0.0899646
0.0899646
0.0899646
0.0899646
0.0899647
0.0899647
0.0899647
0.0899647
0.0899647
0.0899647
0.0899647
0.0899647
0.0899647
0.0899647
0.0899647
0.0899647
0.0899647
0.0899647
0.0899646
0.0899646
0.0899646
0.0899646
0.0899645
0.0899645
0.0899645
0.0899644
0.0899644
0.0899643
0.0899643
0.0899642
0.0899642
0.0899641
0.089964
0.089964
0.0899639
0.0899638
0.0899638
0.0899637
0.0899636
0.0899635
0.0899634
0.0899633
0.0899632
0.0899631
0.089963
0.0899629
0.0899628
0.0899627
0.0899626
0.0899624
0.0899623
0.0899622
0.0899621
0.0899619
0.0899618
0.0899616
0.0899615
0.0899613
0.0899612
0.089961
0.0899609
0.0899607
0.0899605
0.0899604
0.0899602
0.08996
0.0899598
0.0899597
0.0899595
0.0899593
0.0899591
0.0899589
0.0899587
0.0899585
0.0899583
0.0899581
0.0899579
0.0899577
0.0899575
0.0899572
0.089957
0.0899568
0.0899566
0.0899564
0.0899561
0.0899559
0.0899557
0.0899554
0.0899552
0.0899549
0.0899547
0.0899544
0.0899542
0.0899539
0.0899537
0.0899534
0.0899532
0.0899529
0.0899527
0.0899524
0.0899521
0.0899519
0.0899516
0.0899513
0.0899511
0.0899508
0.0899505
0.0899502
0.08995
0.0899497
0.0899494
0.0899491
0.0899489
0.0899486
0.0899483
0.089948
0.0899477
0.0899474
0.0899471
0.0899469
0.0899466
0.0899463
0.089946
0.0899457
0.0899454
0.0899451
0.0899448
0.0899445
0.0899442
0.0899439
0.0899436
0.0899433
0.089943
0.0899428
0.0899425
0.0899422
0.0899419
0.0899416
0.0899413
0.089941
0.0899407
0.0899404
0.0899401
0.0899398
0.0899395
0.0899392
0.0899389
0.0899386
0.0899384
0.0899381
0.0899378
0.0899375
0.0899372
0.0899369
0.0899366
0.0899364
0.0899361
0.0899358
0.0899355
0.0899352
0.089935
0.0899347
0.0899344
0.0899342
0.0899339
0.0899336
0.0899333
0.0899331
0.0899328
0.0899326
0.0899323
0.089932
0.0899318
0.0899315
0.0899313
0.089931
0.0899308
0.0899305
0.0899303
0.0899301
0.0899298
0.0899296
0.0899293
0.0899291
0.0899289
0.0899286
0.0899284
0.0899282
0.089928
0.0899277
0.0899275
0.0899273
0.0899271
0.0899269
0.0899267
0.0899265
0.0899263
0.0899261
0.0899259
0.0899256
0.0899255
0.0899253
0.0899251
0.0899249
0.0899247
0.0899245
0.0899243
0.0899241
0.0899239
0.0899237
0.0899236
0.0899234
0.0899232
0.089923
0.0899229
0.0899227
0.0899225
0.0899223
0.0899222
0.089922
0.0899218
0.0899217
0.0899215
0.0899213
0.0899212
0.089921
0.0899209
0.0899207
0.0899205
0.0899204
0.0899202
0.0899201
0.0899199
0.0899198
0.0899196
0.0899194
0.0899193
0.0899191
0.089919
0.0899188
0.0899187
0.0899185
0.0899184
0.0899182
0.0899181
0.0899179
0.0899178
0.0899176
0.0899175
0.0899173
0.0899172
0.089917
0.0899169
0.0899167
0.0899166
0.0899164
0.0899163
0.0899161
0.0899159
0.0899158
0.0899156
0.0899155
0.0899153
0.0899152
0.089915
0.0899149
0.0899147
0.0899146
0.0899144
0.0899143
0.0899141
0.089914
0.0899138
0.0899137
0.0899135
0.0899133
0.0899132
0.089913
0.0899129
0.0899127
0.0899126
0.0899124
0.0899123
0.0899121
0.089912
0.0899118
0.0899116
0.0899115
0.0899113
0.0899112
0.089911
0.0899109
0.0899107
0.0899106
0.0899104
0.0899102
0.0899101
0.0899099
0.0899098
0.0899096
0.0899095
0.0899093
0.0899092
0.089909
0.0899089
0.0899087
0.0899086
0.0899084
0.0899083
0.0899081
0.089908
0.0899078
0.0899077
0.0899075
0.0899074
0.0899072
0.0899071
0.0899069
0.0899068
0.0899066
0.0899065
0.0899063
0.0899062
0.089906
0.0899059
0.0899057
0.0899056
0.0899054
0.0899053
0.0899051
0.089905
0.0899049
0.0899047
0.0899046
0.0899044
0.0899043
0.0899041
0.089904
0.0899038
0.0899037
0.0899035
0.0899034
0.0899032
0.0899031
0.0899029
0.0899028
0.0899026
0.0899025
0.0899023
0.0899022
0.089902
0.0899019
0.0899017
0.0899016
0.0899014
0.0899013
0.0899011
0.089901
0.0899008
0.0899007
0.0899005
0.0899004
0.0899002
0.0899
0.0898999
0.0898997
0.0898996
0.0898994
0.0898993
0.0898991
0.089899
0.0898988
0.0898986
0.0898985
0.0898983
0.0898982
0.089898
0.0898978
0.0898977
0.0898975
0.0898974
0.0898972
0.089897
0.0898969
0.0898967
0.0898965
0.0898964
0.0898962
0.089896
0.0898959
0.0898957
0.0898955
0.0898954
0.0898952
0.089895
0.0898948
0.0898947
0.0898945
0.0898943
0.0898942
0.089894
0.0898938
0.0898937
0.0898935
0.0898933
0.0898931
0.089893
0.0898928
0.0898926
0.0898925
0.0898923
0.0898921
0.0898919
0.0898918
0.0898916
0.0898914
0.0898913
0.0898911
0.0898909
0.0898907
0.0898906
0.0898904
0.0898902
0.0898901
0.0898899
0.0898897
0.0898896
0.0898894
0.0898892
0.089889
0.0898889
0.0898887
0.0898885
0.0898884
0.0898882
0.089888
0.0898878
0.0898877
0.0898875
0.0898873
0.0898871
0.089887
0.0898868
0.0898866
0.0898864
0.0898863
0.0898861
0.0898859
0.0898857
0.0898855
0.0898854
0.0898852
0.089885
0.0898848
0.0898846
0.0898845
0.0898843
0.0898841
0.0898839
0.0898837
0.0898835
0.0898834
0.0898832
0.089883
0.0898828
0.0898826
0.0898824
0.0898822
0.0898821
0.0898819
0.0898817
0.0898815
0.0898813
0.0898811
0.0898809
0.0898807
0.0898805
0.0898804
0.0898802
0.08988
0.0898798
0.0898796
0.0898794
0.0898792
)
;

boundaryField
{
    inlet
    {
        type            calculated;
        value           uniform -0.0728847;
    }
    outlet
    {
        type            calculated;
        value           uniform 0.0898791;
    }
    right
    {
        type            empty;
    }
    left
    {
        type            empty;
    }
    atmosphere
    {
        type            empty;
    }
    bottomWall
    {
        type            empty;
    }
}


// ************************************************************************* //
