/*--------------------------------*- C++ -*----------------------------------*\
| =========                 |                                                 |
| \\      /  F ield         | foam-extend: Open Source CFD                    |
|  \\    /   O peration     | Version:     3.1                                |
|   \\  /    A nd           | Web:         http://www.extend-project.de       |
|    \\/     M anipulation  |                                                 |
\*---------------------------------------------------------------------------*/
FoamFile
{
    version     2.0;
    format      ascii;
    class       volVectorField;
    location    "36";
    object      U;
}
// * * * * * * * * * * * * * * * * * * * * * * * * * * * * * * * * * * * * * //

dimensions      [0 1 -1 0 0 0 0];

internalField   nonuniform List<vector> 
2539
(
(0.72865 0 0)
(0.729043 0 0)
(0.729845 0 0)
(0.730632 0 0)
(0.731421 0 0)
(0.732211 0 0)
(0.733004 0 0)
(0.733799 0 0)
(0.734596 0 0)
(0.735394 0 0)
(0.736195 0 0)
(0.736997 0 0)
(0.737801 0 0)
(0.738608 0 0)
(0.739416 0 0)
(0.740226 0 0)
(0.741038 0 0)
(0.741853 0 0)
(0.742669 0 0)
(0.743487 0 0)
(0.744307 0 0)
(0.74513 0 0)
(0.745954 0 0)
(0.74678 0 0)
(0.747609 0 0)
(0.748439 0 0)
(0.749272 0 0)
(0.750106 0 0)
(0.750943 0 0)
(0.751782 0 0)
(0.752622 0 0)
(0.753465 0 0)
(0.75431 0 0)
(0.755158 0 0)
(0.756007 0 0)
(0.756859 0 0)
(0.757712 0 0)
(0.758568 0 0)
(0.759426 0 0)
(0.760286 0 0)
(0.761149 0 0)
(0.762013 0 0)
(0.76288 0 0)
(0.763749 0 0)
(0.76462 0 0)
(0.765494 0 0)
(0.766369 0 0)
(0.767247 0 0)
(0.768128 0 0)
(0.76901 0 0)
(0.769895 0 0)
(0.770782 0 0)
(0.771672 0 0)
(0.772564 0 0)
(0.773458 0 0)
(0.774354 0 0)
(0.775253 0 0)
(0.776154 0 0)
(0.777058 0 0)
(0.777964 0 0)
(0.778872 0 0)
(0.779783 0 0)
(0.780696 0 0)
(0.781612 0 0)
(0.78253 0 0)
(0.78345 0 0)
(0.784373 0 0)
(0.785299 0 0)
(0.786227 0 0)
(0.787157 0 0)
(0.78809 0 0)
(0.789026 0 0)
(0.789964 0 0)
(0.790904 0 0)
(0.791847 0 0)
(0.792793 0 0)
(0.793741 0 0)
(0.794692 0 0)
(0.795646 0 0)
(0.796602 0 0)
(0.797561 0 0)
(0.798522 0 0)
(0.799486 0 0)
(0.800453 0 0)
(0.801422 0 0)
(0.802394 0 0)
(0.803369 0 0)
(0.804347 0 0)
(0.805327 0 0)
(0.80631 0 0)
(0.807296 0 0)
(0.808285 0 0)
(0.809276 0 0)
(0.81027 0 0)
(0.811267 0 0)
(0.812267 0 0)
(0.81327 0 0)
(0.814275 0 0)
(0.815284 0 0)
(0.816295 0 0)
(0.817309 0 0)
(0.818326 0 0)
(0.819347 0 0)
(0.82037 0 0)
(0.821396 0 0)
(0.822425 0 0)
(0.823457 0 0)
(0.824492 0 0)
(0.82553 0 0)
(0.826571 0 0)
(0.827615 0 0)
(0.828662 0 0)
(0.829712 0 0)
(0.830766 0 0)
(0.831822 0 0)
(0.832882 0 0)
(0.833945 0 0)
(0.835011 0 0)
(0.83608 0 0)
(0.837153 0 0)
(0.838228 0 0)
(0.839307 0 0)
(0.840389 0 0)
(0.841475 0 0)
(0.842563 0 0)
(0.843655 0 0)
(0.844751 0 0)
(0.845849 0 0)
(0.846951 0 0)
(0.848057 0 0)
(0.849166 0 0)
(0.850278 0 0)
(0.851394 0 0)
(0.852513 0 0)
(0.853636 0 0)
(0.854762 0 0)
(0.855892 0 0)
(0.857025 0 0)
(0.858162 0 0)
(0.859302 0 0)
(0.860446 0 0)
(0.861594 0 0)
(0.862745 0 0)
(0.8639 0 0)
(0.865058 0 0)
(0.866221 0 0)
(0.867387 0 0)
(0.868556 0 0)
(0.86973 0 0)
(0.870907 0 0)
(0.872088 0 0)
(0.873273 0 0)
(0.874462 0 0)
(0.875655 0 0)
(0.876851 0 0)
(0.878052 0 0)
(0.879256 0 0)
(0.880465 0 0)
(0.881677 0 0)
(0.882894 0 0)
(0.884114 0 0)
(0.885339 0 0)
(0.886568 0 0)
(0.887801 0 0)
(0.889038 0 0)
(0.890279 0 0)
(0.891524 0 0)
(0.892774 0 0)
(0.894027 0 0)
(0.895286 0 0)
(0.896548 0 0)
(0.897815 0 0)
(0.899086 0 0)
(0.900361 0 0)
(0.901641 0 0)
(0.902925 0 0)
(0.904214 0 0)
(0.905508 0 0)
(0.906805 0 0)
(0.908108 0 0)
(0.909415 0 0)
(0.910726 0 0)
(0.912043 0 0)
(0.913364 0 0)
(0.914689 0 0)
(0.916634 0 0)
(0.918329 0 0)
(0.91879 0 0)
(0.919186 0 0)
(0.91958 0 0)
(0.919973 0 0)
(0.920367 0 0)
(0.920762 0 0)
(0.921157 0 0)
(0.921552 0 0)
(0.921948 0 0)
(0.922344 0 0)
(0.92274 0 0)
(0.923137 0 0)
(0.923535 0 0)
(0.923933 0 0)
(0.924331 0 0)
(0.92473 0 0)
(0.925129 0 0)
(0.925528 0 0)
(0.925928 0 0)
(0.926329 0 0)
(0.92673 0 0)
(0.927131 0 0)
(0.927533 0 0)
(0.927935 0 0)
(0.928337 0 0)
(0.92874 0 0)
(0.929144 0 0)
(0.929548 0 0)
(0.929952 0 0)
(0.930357 0 0)
(0.930762 0 0)
(0.931168 0 0)
(0.931574 0 0)
(0.93198 0 0)
(0.932387 0 0)
(0.932795 0 0)
(0.933203 0 0)
(0.933611 0 0)
(0.93402 0 0)
(0.934429 0 0)
(0.934839 0 0)
(0.935249 0 0)
(0.93566 0 0)
(0.936071 0 0)
(0.936482 0 0)
(0.936894 0 0)
(0.937306 0 0)
(0.937719 0 0)
(0.938133 0 0)
(0.938546 0 0)
(0.938961 0 0)
(0.939375 0 0)
(0.939791 0 0)
(0.940206 0 0)
(0.940622 0 0)
(0.941039 0 0)
(0.941456 0 0)
(0.941873 0 0)
(0.942291 0 0)
(0.94271 0 0)
(0.943129 0 0)
(0.943548 0 0)
(0.943968 0 0)
(0.944388 0 0)
(0.944809 0 0)
(0.94523 0 0)
(0.945652 0 0)
(0.946074 0 0)
(0.946497 0 0)
(0.94692 0 0)
(0.947344 0 0)
(0.947768 0 0)
(0.948193 0 0)
(0.948618 0 0)
(0.949044 0 0)
(0.94947 0 0)
(0.949896 0 0)
(0.950323 0 0)
(0.950751 0 0)
(0.951179 0 0)
(0.951607 0 0)
(0.952036 0 0)
(0.952466 0 0)
(0.952896 0 0)
(0.953327 0 0)
(0.953758 0 0)
(0.954189 0 0)
(0.954621 0 0)
(0.955054 0 0)
(0.955487 0 0)
(0.95592 0 0)
(0.956354 0 0)
(0.956789 0 0)
(0.957224 0 0)
(0.957659 0 0)
(0.958095 0 0)
(0.958532 0 0)
(0.958969 0 0)
(0.959406 0 0)
(0.959844 0 0)
(0.960283 0 0)
(0.960722 0 0)
(0.961162 0 0)
(0.961602 0 0)
(0.962042 0 0)
(0.962484 0 0)
(0.962925 0 0)
(0.963368 0 0)
(0.96381 0 0)
(0.964254 0 0)
(0.964697 0 0)
(0.965142 0 0)
(0.965586 0 0)
(0.966032 0 0)
(0.966478 0 0)
(0.966924 0 0)
(0.967371 0 0)
(0.967819 0 0)
(0.968267 0 0)
(0.968715 0 0)
(0.969164 0 0)
(0.969614 0 0)
(0.970064 0 0)
(0.970515 0 0)
(0.970966 0 0)
(0.971418 0 0)
(0.97187 0 0)
(0.972323 0 0)
(0.972777 0 0)
(0.973231 0 0)
(0.973685 0 0)
(0.97414 0 0)
(0.974596 0 0)
(0.975052 0 0)
(0.975509 0 0)
(0.975966 0 0)
(0.976424 0 0)
(0.976882 0 0)
(0.977341 0 0)
(0.977801 0 0)
(0.978261 0 0)
(0.978722 0 0)
(0.979183 0 0)
(0.979645 0 0)
(0.980107 0 0)
(0.98057 0 0)
(0.981033 0 0)
(0.981497 0 0)
(0.981962 0 0)
(0.982427 0 0)
(0.982893 0 0)
(0.98336 0 0)
(0.983827 0 0)
(0.984294 0 0)
(0.984762 0 0)
(0.985231 0 0)
(0.9857 0 0)
(0.98617 0 0)
(0.98664 0 0)
(0.987112 0 0)
(0.987583 0 0)
(0.988055 0 0)
(0.988528 0 0)
(0.989002 0 0)
(0.989476 0 0)
(0.98995 0 0)
(0.990425 0 0)
(0.990901 0 0)
(0.991378 0 0)
(0.991855 0 0)
(0.992332 0 0)
(0.992811 0 0)
(0.993289 0 0)
(0.993769 0 0)
(0.994249 0 0)
(0.99473 0 0)
(0.995211 0 0)
(0.995693 0 0)
(0.996175 0 0)
(0.996658 0 0)
(0.997142 0 0)
(0.997626 0 0)
(0.998111 0 0)
(0.998597 0 0)
(0.999083 0 0)
(0.99957 0 0)
(1.00006 0 0)
(1.00055 0 0)
(1.00103 0 0)
(1.00152 0 0)
(1.00201 0 0)
(1.0025 0 0)
(1.003 0 0)
(1.00349 0 0)
(1.00398 0 0)
(1.00447 0 0)
(1.00495 0 0)
(1.00584 0 0)
(0.998313 0 0)
(1.05607 0 0)
(1.12622 0 0)
(1.1704 0 0)
(1.19857 0 0)
(1.21858 0 0)
(1.23419 0 0)
(1.24728 0 0)
(1.25884 0 0)
(1.26938 0 0)
(1.27922 0 0)
(1.28853 0 0)
(1.29743 0 0)
(1.306 0 0)
(1.3143 0 0)
(1.32236 0 0)
(1.33022 0 0)
(1.3379 0 0)
(1.34543 0 0)
(1.35281 0 0)
(1.36006 0 0)
(1.3672 0 0)
(1.37424 0 0)
(1.38118 0 0)
(1.38804 0 0)
(1.39481 0 0)
(1.40151 0 0)
(1.40814 0 0)
(1.41471 0 0)
(1.42122 0 0)
(1.42767 0 0)
(1.43408 0 0)
(1.44044 0 0)
(1.44675 0 0)
(1.45302 0 0)
(1.45926 0 0)
(1.46546 0 0)
(1.47163 0 0)
(1.47776 0 0)
(1.48387 0 0)
(1.48995 0 0)
(1.49601 0 0)
(1.50205 0 0)
(1.50806 0 0)
(1.51406 0 0)
(1.52003 0 0)
(1.52599 0 0)
(1.53194 0 0)
(1.53787 0 0)
(1.54379 0 0)
(1.5497 0 0)
(1.5556 0 0)
(1.5615 0 0)
(1.56738 0 0)
(1.57326 0 0)
(1.57914 0 0)
(1.58501 0 0)
(1.59089 0 0)
(1.59676 0 0)
(1.60263 0 0)
(1.6085 0 0)
(1.61438 0 0)
(1.62027 0 0)
(1.62616 0 0)
(1.63206 0 0)
(1.63797 0 0)
(1.64388 0 0)
(1.64982 0 0)
(1.65577 0 0)
(1.66173 0 0)
(1.66771 0 0)
(1.67372 0 0)
(1.67975 0 0)
(1.68581 0 0)
(1.6919 0 0)
(1.69802 0 0)
(1.70418 0 0)
(1.71038 0 0)
(1.71663 0 0)
(1.72293 0 0)
(1.7293 0 0)
(1.73573 0 0)
(1.74224 0 0)
(1.74884 0 0)
(1.75554 0 0)
(1.76236 0 0)
(1.76932 0 0)
(1.77644 0 0)
(1.78376 0 0)
(1.79132 0 0)
(1.79918 0 0)
(1.80739 0 0)
(1.81604 0 0)
(1.82526 0 0)
(1.83516 0 0)
(1.84591 0 0)
(1.85771 0 0)
(1.87076 0 0)
(1.88526 0 0)
(1.90134 0 0)
(1.94507 0 0)
(1.96562 0 0)
(1.98484 0 0)
(2.00291 0 0)
(2.02001 0 0)
(2.03627 0 0)
(2.05178 0 0)
(2.06664 0 0)
(2.08092 0 0)
(2.09468 0 0)
(2.10797 0 0)
(2.12083 0 0)
(2.1333 0 0)
(2.14541 0 0)
(2.1572 0 0)
(2.16868 0 0)
(2.17988 0 0)
(2.19083 0 0)
(2.20152 0 0)
(2.212 0 0)
(2.22225 0 0)
(2.23231 0 0)
(2.24218 0 0)
(2.25187 0 0)
(2.26139 0 0)
(2.27075 0 0)
(2.27995 0 0)
(2.28902 0 0)
(2.29794 0 0)
(2.30674 0 0)
(2.31541 0 0)
(2.32396 0 0)
(2.33239 0 0)
(2.34071 0 0)
(2.34893 0 0)
(2.35705 0 0)
(2.36507 0 0)
(2.37299 0 0)
(2.38083 0 0)
(2.38857 0 0)
(2.39623 0 0)
(2.40381 0 0)
(2.41131 0 0)
(2.41874 0 0)
(2.42609 0 0)
(2.43337 0 0)
(2.44058 0 0)
(2.44772 0 0)
(2.4548 0 0)
(2.46181 0 0)
(2.46876 0 0)
(2.47565 0 0)
(2.48248 0 0)
(2.48926 0 0)
(2.49598 0 0)
(2.50265 0 0)
(2.50926 0 0)
(2.51582 0 0)
(2.52233 0 0)
(2.5288 0 0)
(2.53521 0 0)
(2.54158 0 0)
(2.5479 0 0)
(2.55418 0 0)
(2.56042 0 0)
(2.56661 0 0)
(2.57276 0 0)
(2.57887 0 0)
(2.58494 0 0)
(2.59097 0 0)
(2.59696 0 0)
(2.60291 0 0)
(2.60883 0 0)
(2.61471 0 0)
(2.62056 0 0)
(2.62637 0 0)
(2.63214 0 0)
(2.63789 0 0)
(2.6436 0 0)
(2.64927 0 0)
(2.65492 0 0)
(2.66053 0 0)
(2.66612 0 0)
(2.67167 0 0)
(2.67719 0 0)
(2.68269 0 0)
(2.68815 0 0)
(2.69359 0 0)
(2.699 0 0)
(2.70438 0 0)
(2.70974 0 0)
(2.71507 0 0)
(2.72037 0 0)
(2.72564 0 0)
(2.73089 0 0)
(2.73614 0 0)
(2.74141 0 0)
(2.74668 0 0)
(2.7518 0 0)
(2.75646 0 0)
(2.76028 0 0)
(2.76361 0 0)
(2.76692 0 0)
(2.77022 0 0)
(2.77352 0 0)
(2.7768 0 0)
(2.78008 0 0)
(2.78334 0 0)
(2.78659 0 0)
(2.78984 0 0)
(2.79307 0 0)
(2.7963 0 0)
(2.79951 0 0)
(2.80272 0 0)
(2.80592 0 0)
(2.80911 0 0)
(2.81229 0 0)
(2.81546 0 0)
(2.81862 0 0)
(2.82177 0 0)
(2.82491 0 0)
(2.82805 0 0)
(2.83117 0 0)
(2.83429 0 0)
(2.8374 0 0)
(2.8405 0 0)
(2.84359 0 0)
(2.84667 0 0)
(2.84975 0 0)
(2.85281 0 0)
(2.85587 0 0)
(2.85892 0 0)
(2.86196 0 0)
(2.865 0 0)
(2.86802 0 0)
(2.87104 0 0)
(2.87405 0 0)
(2.87706 0 0)
(2.88005 0 0)
(2.88304 0 0)
(2.88602 0 0)
(2.88899 0 0)
(2.89196 0 0)
(2.89491 0 0)
(2.89786 0 0)
(2.9008 0 0)
(2.90374 0 0)
(2.90667 0 0)
(2.90959 0 0)
(2.9125 0 0)
(2.91541 0 0)
(2.91831 0 0)
(2.9212 0 0)
(2.92409 0 0)
(2.92697 0 0)
(2.92984 0 0)
(2.9327 0 0)
(2.93556 0 0)
(2.93841 0 0)
(2.94126 0 0)
(2.9441 0 0)
(2.94693 0 0)
(2.94975 0 0)
(2.95257 0 0)
(2.95538 0 0)
(2.95819 0 0)
(2.96099 0 0)
(2.96378 0 0)
(2.96657 0 0)
(2.96935 0 0)
(2.97212 0 0)
(2.97489 0 0)
(2.97765 0 0)
(2.98041 0 0)
(2.98315 0 0)
(2.9859 0 0)
(2.98864 0 0)
(2.99137 0 0)
(2.99409 0 0)
(2.99681 0 0)
(2.99952 0 0)
(3.00223 0 0)
(3.00493 0 0)
(3.00763 0 0)
(3.01032 0 0)
(3.013 0 0)
(3.01568 0 0)
(3.01836 0 0)
(3.02102 0 0)
(3.02369 0 0)
(3.02634 0 0)
(3.02899 0 0)
(3.03164 0 0)
(3.03428 0 0)
(3.03691 0 0)
(3.03954 0 0)
(3.04217 0 0)
(3.04478 0 0)
(3.0474 0 0)
(3.05 0 0)
(3.05261 0 0)
(3.0552 0 0)
(3.05779 0 0)
(3.06038 0 0)
(3.06296 0 0)
(3.06554 0 0)
(3.06811 0 0)
(3.07068 0 0)
(3.07324 0 0)
(3.07579 0 0)
(3.07834 0 0)
(3.08089 0 0)
(3.08343 0 0)
(3.08597 0 0)
(3.0885 0 0)
(3.09102 0 0)
(3.09355 0 0)
(3.09606 0 0)
(3.09857 0 0)
(3.10108 0 0)
(3.10358 0 0)
(3.10608 0 0)
(3.10857 0 0)
(3.11106 0 0)
(3.11354 0 0)
(3.11602 0 0)
(3.1185 0 0)
(3.12097 0 0)
(3.12343 0 0)
(3.12589 0 0)
(3.12835 0 0)
(3.1308 0 0)
(3.13324 0 0)
(3.13569 0 0)
(3.13812 0 0)
(3.14056 0 0)
(3.14298 0 0)
(3.14541 0 0)
(3.14783 0 0)
(3.15024 0 0)
(3.15266 0 0)
(3.15506 0 0)
(3.15746 0 0)
(3.15986 0 0)
(3.16226 0 0)
(3.16465 0 0)
(3.16703 0 0)
(3.16941 0 0)
(3.17179 0 0)
(3.17416 0 0)
(3.17653 0 0)
(3.1789 0 0)
(3.18126 0 0)
(3.18361 0 0)
(3.18596 0 0)
(3.18831 0 0)
(3.19066 0 0)
(3.193 0 0)
(3.19533 0 0)
(3.19766 0 0)
(3.19999 0 0)
(3.20231 0 0)
(3.20463 0 0)
(3.20695 0 0)
(3.20926 0 0)
(3.21157 0 0)
(3.21387 0 0)
(3.21617 0 0)
(3.21847 0 0)
(3.22076 0 0)
(3.22305 0 0)
(3.22534 0 0)
(3.22762 0 0)
(3.2299 0 0)
(3.23217 0 0)
(3.23444 0 0)
(3.2367 0 0)
(3.23897 0 0)
(3.24123 0 0)
(3.24348 0 0)
(3.24573 0 0)
(3.24798 0 0)
(3.25022 0 0)
(3.25246 0 0)
(3.2547 0 0)
(3.25693 0 0)
(3.25916 0 0)
(3.26139 0 0)
(3.26361 0 0)
(3.26583 0 0)
(3.26804 0 0)
(3.27025 0 0)
(3.27246 0 0)
(3.27467 0 0)
(3.27687 0 0)
(3.27906 0 0)
(3.28126 0 0)
(3.28345 0 0)
(3.28563 0 0)
(3.28782 0 0)
(3.29 0 0)
(3.29217 0 0)
(3.29435 0 0)
(3.29652 0 0)
(3.29868 0 0)
(3.30085 0 0)
(3.30301 0 0)
(3.30516 0 0)
(3.30732 0 0)
(3.30947 0 0)
(3.31161 0 0)
(3.31375 0 0)
(3.31589 0 0)
(3.31803 0 0)
(3.32016 0 0)
(3.32229 0 0)
(3.32442 0 0)
(3.32654 0 0)
(3.32866 0 0)
(3.33078 0 0)
(3.33289 0 0)
(3.33501 0 0)
(3.33711 0 0)
(3.33922 0 0)
(3.34132 0 0)
(3.34342 0 0)
(3.34551 0 0)
(3.3476 0 0)
(3.34969 0 0)
(3.35178 0 0)
(3.35386 0 0)
(3.35594 0 0)
(3.35801 0 0)
(3.36009 0 0)
(3.36216 0 0)
(3.36422 0 0)
(3.36629 0 0)
(3.36835 0 0)
(3.37041 0 0)
(3.37246 0 0)
(3.37451 0 0)
(3.37656 0 0)
(3.37861 0 0)
(3.38065 0 0)
(3.38269 0 0)
(3.38473 0 0)
(3.38676 0 0)
(3.38879 0 0)
(3.39082 0 0)
(3.39285 0 0)
(3.39487 0 0)
(3.39689 0 0)
(3.39891 0 0)
(3.40092 0 0)
(3.40293 0 0)
(3.40494 0 0)
(3.40694 0 0)
(3.40895 0 0)
(3.41095 0 0)
(3.41294 0 0)
(3.41494 0 0)
(3.41693 0 0)
(3.41891 0 0)
(3.4209 0 0)
(3.42288 0 0)
(3.42486 0 0)
(3.42684 0 0)
(3.42881 0 0)
(3.43078 0 0)
(3.43275 0 0)
(3.43472 0 0)
(3.43668 0 0)
(3.43864 0 0)
(3.4406 0 0)
(3.44256 0 0)
(3.44451 0 0)
(3.44646 0 0)
(3.44841 0 0)
(3.45035 0 0)
(3.45229 0 0)
(3.45423 0 0)
(3.45617 0 0)
(3.4581 0 0)
(3.46003 0 0)
(3.46196 0 0)
(3.46389 0 0)
(3.46581 0 0)
(3.46773 0 0)
(3.46965 0 0)
(3.47156 0 0)
(3.47348 0 0)
(3.47539 0 0)
(3.47729 0 0)
(3.4792 0 0)
(3.4811 0 0)
(3.483 0 0)
(3.4849 0 0)
(3.48679 0 0)
(3.48869 0 0)
(3.49057 0 0)
(3.49246 0 0)
(3.49435 0 0)
(3.49623 0 0)
(3.49811 0 0)
(3.49999 0 0)
(3.50186 0 0)
(3.50373 0 0)
(3.5056 0 0)
(3.50747 0 0)
(3.50933 0 0)
(3.5112 0 0)
(3.51306 0 0)
(3.51491 0 0)
(3.51677 0 0)
(3.51862 0 0)
(3.52047 0 0)
(3.52232 0 0)
(3.52417 0 0)
(3.52601 0 0)
(3.52785 0 0)
(3.52969 0 0)
(3.53152 0 0)
(3.53336 0 0)
(3.53519 0 0)
(3.53702 0 0)
(3.53884 0 0)
(3.54067 0 0)
(3.54249 0 0)
(3.54431 0 0)
(3.54612 0 0)
(3.54794 0 0)
(3.54975 0 0)
(3.55156 0 0)
(3.55337 0 0)
(3.55517 0 0)
(3.55698 0 0)
(3.55878 0 0)
(3.56058 0 0)
(3.56237 0 0)
(3.56417 0 0)
(3.56596 0 0)
(3.56775 0 0)
(3.56953 0 0)
(3.57132 0 0)
(3.57311 0 0)
(3.57489 0 0)
(3.57666 0 0)
(3.5784 0 0)
(3.58011 0 0)
(3.58187 0 0)
(3.58398 0 0)
(3.58633 0 0)
(3.58868 0 0)
(3.59103 0 0)
(3.59338 0 0)
(3.59572 0 0)
(3.59806 0 0)
(3.60039 0 0)
(3.60272 0 0)
(3.60505 0 0)
(3.60737 0 0)
(3.60969 0 0)
(3.61201 0 0)
(3.61432 0 0)
(3.61663 0 0)
(3.61894 0 0)
(3.62124 0 0)
(3.62354 0 0)
(3.62584 0 0)
(3.62813 0 0)
(3.63042 0 0)
(3.63271 0 0)
(3.63499 0 0)
(3.63728 0 0)
(3.63955 0 0)
(3.64183 0 0)
(3.6441 0 0)
(3.64636 0 0)
(3.64863 0 0)
(3.65089 0 0)
(3.65315 0 0)
(3.6554 0 0)
(3.65765 0 0)
(3.6599 0 0)
(3.66214 0 0)
(3.66439 0 0)
(3.66662 0 0)
(3.66886 0 0)
(3.67109 0 0)
(3.67332 0 0)
(3.67555 0 0)
(3.67777 0 0)
(3.67999 0 0)
(3.6822 0 0)
(3.68442 0 0)
(3.68663 0 0)
(3.68884 0 0)
(3.69104 0 0)
(3.69324 0 0)
(3.69544 0 0)
(3.69763 0 0)
(3.69983 0 0)
(3.70201 0 0)
(3.7042 0 0)
(3.70638 0 0)
(3.70856 0 0)
(3.71074 0 0)
(3.71291 0 0)
(3.71508 0 0)
(3.71725 0 0)
(3.71942 0 0)
(3.72158 0 0)
(3.72374 0 0)
(3.72589 0 0)
(3.72805 0 0)
(3.7302 0 0)
(3.73234 0 0)
(3.73449 0 0)
(3.73663 0 0)
(3.73877 0 0)
(3.7409 0 0)
(3.74304 0 0)
(3.74517 0 0)
(3.74729 0 0)
(3.74942 0 0)
(3.75154 0 0)
(3.75366 0 0)
(3.75577 0 0)
(3.75789 0 0)
(3.76 0 0)
(3.7621 0 0)
(3.76421 0 0)
(3.76631 0 0)
(3.76841 0 0)
(3.7705 0 0)
(3.7726 0 0)
(3.77469 0 0)
(3.77677 0 0)
(3.77886 0 0)
(3.78094 0 0)
(3.78302 0 0)
(3.7851 0 0)
(3.78717 0 0)
(3.78924 0 0)
(3.79131 0 0)
(3.79338 0 0)
(3.79544 0 0)
(3.7975 0 0)
(3.79956 0 0)
(3.80161 0 0)
(3.80366 0 0)
(3.80571 0 0)
(3.80776 0 0)
(3.8098 0 0)
(3.81185 0 0)
(3.81388 0 0)
(3.81592 0 0)
(3.81795 0 0)
(3.81998 0 0)
(3.82201 0 0)
(3.82404 0 0)
(3.82606 0 0)
(3.82808 0 0)
(3.8301 0 0)
(3.83212 0 0)
(3.83413 0 0)
(3.83614 0 0)
(3.83815 0 0)
(3.84015 0 0)
(3.84215 0 0)
(3.84415 0 0)
(3.84615 0 0)
(3.84815 0 0)
(3.85014 0 0)
(3.85213 0 0)
(3.85411 0 0)
(3.8561 0 0)
(3.85808 0 0)
(3.86006 0 0)
(3.86204 0 0)
(3.86401 0 0)
(3.86598 0 0)
(3.86795 0 0)
(3.86992 0 0)
(3.87189 0 0)
(3.87385 0 0)
(3.87581 0 0)
(3.87776 0 0)
(3.87972 0 0)
(3.88167 0 0)
(3.88362 0 0)
(3.88557 0 0)
(3.88751 0 0)
(3.88946 0 0)
(3.8914 0 0)
(3.89333 0 0)
(3.89527 0 0)
(3.8972 0 0)
(3.89913 0 0)
(3.90106 0 0)
(3.90299 0 0)
(3.90491 0 0)
(3.90683 0 0)
(3.90875 0 0)
(3.91066 0 0)
(3.91258 0 0)
(3.91449 0 0)
(3.9164 0 0)
(3.91831 0 0)
(3.92021 0 0)
(3.92211 0 0)
(3.92401 0 0)
(3.92591 0 0)
(3.9278 0 0)
(3.9297 0 0)
(3.93159 0 0)
(3.93347 0 0)
(3.93536 0 0)
(3.93724 0 0)
(3.93913 0 0)
(3.94101 0 0)
(3.94289 0 0)
(3.94476 0 0)
(3.94661 0 0)
(3.94844 0 0)
(3.95032 0 0)
(3.95241 0 0)
(3.95476 0 0)
(3.95667 0 0)
(3.9562 0 0)
(3.95356 0 0)
(3.95242 0 0)
(3.95306 0 0)
(3.95351 0 0)
(3.95393 0 0)
(3.95434 0 0)
(3.95463 0 0)
(3.95471 0 0)
(3.95461 0 0)
(3.95447 0 0)
(3.95431 0 0)
(3.95406 0 0)
(3.95363 0 0)
(3.95305 0 0)
(3.9524 0 0)
(3.95164 0 0)
(3.95077 0 0)
(3.94978 0 0)
(3.94863 0 0)
(3.94742 0 0)
(3.9461 0 0)
(3.94471 0 0)
(3.94324 0 0)
(3.94163 0 0)
(3.93987 0 0)
(3.93796 0 0)
(3.93595 0 0)
(3.93386 0 0)
(3.93169 0 0)
(3.92937 0 0)
(3.92691 0 0)
(3.92432 0 0)
(3.92165 0 0)
(3.91891 0 0)
(3.91606 0 0)
(3.91311 0 0)
(3.91007 0 0)
(3.90686 0 0)
(3.90351 0 0)
(3.90013 0 0)
(3.8966 0 0)
(3.89287 0 0)
(3.88905 0 0)
(3.88516 0 0)
(3.88114 0 0)
(3.87704 0 0)
(3.87285 0 0)
(3.86852 0 0)
(3.86406 0 0)
(3.85953 0 0)
(3.85491 0 0)
(3.85013 0 0)
(3.84519 0 0)
(3.84012 0 0)
(3.83495 0 0)
(3.8297 0 0)
(3.82434 0 0)
(3.81889 0 0)
(3.81335 0 0)
(3.80763 0 0)
(3.80175 0 0)
(3.79572 0 0)
(3.78961 0 0)
(3.78345 0 0)
(3.77719 0 0)
(3.77084 0 0)
(3.76432 0 0)
(3.75763 0 0)
(3.7508 0 0)
(3.74386 0 0)
(3.73682 0 0)
(3.72964 0 0)
(3.72235 0 0)
(3.71497 0 0)
(3.70745 0 0)
(3.69984 0 0)
(3.69212 0 0)
(3.6842 0 0)
(3.67607 0 0)
(3.66778 0 0)
(3.65938 0 0)
(3.65097 0 0)
(3.64252 0 0)
(3.63403 0 0)
(3.62551 0 0)
(3.61677 0 0)
(3.60745 0 0)
(3.59735 0 0)
(3.58667 0 0)
(3.57635 0 0)
(3.56792 0 0)
(3.56272 0 0)
(3.55996 0 0)
(3.55474 0 0)
(3.53854 0 0)
(3.50408 0 0)
(3.45537 0 0)
(3.4166 0 0)
(3.43105 0 0)
(3.54278 0 0)
(3.75155 0 0)
(4.02184 0 0)
(4.02367 0 0)
(4.0255 0 0)
(4.02732 0 0)
(4.02914 0 0)
(4.03096 0 0)
(4.03277 0 0)
(4.03459 0 0)
(4.0364 0 0)
(4.03821 0 0)
(4.04002 0 0)
(4.04182 0 0)
(4.04362 0 0)
(4.04543 0 0)
(4.04722 0 0)
(4.04902 0 0)
(4.05082 0 0)
(4.05261 0 0)
(4.0544 0 0)
(4.05619 0 0)
(4.05797 0 0)
(4.05976 0 0)
(4.06154 0 0)
(4.06332 0 0)
(4.0651 0 0)
(4.06687 0 0)
(4.06865 0 0)
(4.07042 0 0)
(4.07219 0 0)
(4.07396 0 0)
(4.07572 0 0)
(4.07749 0 0)
(4.07925 0 0)
(4.08101 0 0)
(4.08277 0 0)
(4.08452 0 0)
(4.08627 0 0)
(4.08803 0 0)
(4.08978 0 0)
(4.09152 0 0)
(4.09327 0 0)
(4.09501 0 0)
(4.09675 0 0)
(4.09849 0 0)
(4.10023 0 0)
(4.10196 0 0)
(4.1037 0 0)
(4.10543 0 0)
(4.10716 0 0)
(4.10888 0 0)
(4.11061 0 0)
(4.11233 0 0)
(4.11405 0 0)
(4.11577 0 0)
(4.11749 0 0)
(4.11921 0 0)
(4.12092 0 0)
(4.12263 0 0)
(4.12434 0 0)
(4.12605 0 0)
(4.12775 0 0)
(4.12946 0 0)
(4.13116 0 0)
(4.13286 0 0)
(4.13456 0 0)
(4.13625 0 0)
(4.13795 0 0)
(4.13964 0 0)
(4.14133 0 0)
(4.14302 0 0)
(4.1447 0 0)
(4.14639 0 0)
(4.14807 0 0)
(4.14975 0 0)
(4.15143 0 0)
(4.15311 0 0)
(4.15478 0 0)
(4.15646 0 0)
(4.15813 0 0)
(4.1598 0 0)
(4.16147 0 0)
(4.16313 0 0)
(4.16479 0 0)
(4.16643 0 0)
(4.16811 0 0)
(4.16986 0 0)
(4.17168 0 0)
(4.17323 0 0)
(4.17383 0 0)
(4.17374 0 0)
(4.17364 0 0)
(4.17355 0 0)
(4.17345 0 0)
(4.17336 0 0)
(4.17326 0 0)
(4.17317 0 0)
(4.17307 0 0)
(4.17297 0 0)
(4.17288 0 0)
(4.17279 0 0)
(4.17269 0 0)
(4.1726 0 0)
(4.1725 0 0)
(4.17241 0 0)
(4.17231 0 0)
(4.17222 0 0)
(4.17212 0 0)
(4.17203 0 0)
(4.17193 0 0)
(4.17184 0 0)
(4.17174 0 0)
(4.17165 0 0)
(4.17156 0 0)
(4.17146 0 0)
(4.17137 0 0)
(4.17127 0 0)
(4.17118 0 0)
(4.17109 0 0)
(4.17099 0 0)
(4.1709 0 0)
(4.1708 0 0)
(4.17071 0 0)
(4.17062 0 0)
(4.17052 0 0)
(4.17043 0 0)
(4.17034 0 0)
(4.17024 0 0)
(4.17015 0 0)
(4.17006 0 0)
(4.16996 0 0)
(4.16987 0 0)
(4.16978 0 0)
(4.16968 0 0)
(4.16959 0 0)
(4.1695 0 0)
(4.1694 0 0)
(4.16931 0 0)
(4.16922 0 0)
(4.16913 0 0)
(4.16903 0 0)
(4.16894 0 0)
(4.16885 0 0)
(4.16876 0 0)
(4.16866 0 0)
(4.16857 0 0)
(4.16848 0 0)
(4.16839 0 0)
(4.16829 0 0)
(4.1682 0 0)
(4.16811 0 0)
(4.16802 0 0)
(4.16793 0 0)
(4.16783 0 0)
(4.16774 0 0)
(4.16765 0 0)
(4.16756 0 0)
(4.16747 0 0)
(4.16737 0 0)
(4.16728 0 0)
(4.16719 0 0)
(4.1671 0 0)
(4.16701 0 0)
(4.16692 0 0)
(4.16683 0 0)
(4.16673 0 0)
(4.16664 0 0)
(4.16655 0 0)
(4.16646 0 0)
(4.16637 0 0)
(4.16628 0 0)
(4.16619 0 0)
(4.1661 0 0)
(4.16601 0 0)
(4.16591 0 0)
(4.16582 0 0)
(4.16573 0 0)
(4.16564 0 0)
(4.16555 0 0)
(4.16546 0 0)
(4.16537 0 0)
(4.16528 0 0)
(4.16519 0 0)
(4.1651 0 0)
(4.16501 0 0)
(4.16492 0 0)
(4.16483 0 0)
(4.16474 0 0)
(4.16465 0 0)
(4.16456 0 0)
(4.16447 0 0)
(4.16438 0 0)
(4.16429 0 0)
(4.1642 0 0)
(4.16411 0 0)
(4.16402 0 0)
(4.16393 0 0)
(4.16384 0 0)
(4.16375 0 0)
(4.16366 0 0)
(4.16357 0 0)
(4.16348 0 0)
(4.16339 0 0)
(4.1633 0 0)
(4.16321 0 0)
(4.16312 0 0)
(4.16304 0 0)
(4.16295 0 0)
(4.16286 0 0)
(4.16277 0 0)
(4.16268 0 0)
(4.16259 0 0)
(4.1625 0 0)
(4.16241 0 0)
(4.16232 0 0)
(4.16224 0 0)
(4.16215 0 0)
(4.16206 0 0)
(4.16197 0 0)
(4.16188 0 0)
(4.16179 0 0)
(4.1617 0 0)
(4.16162 0 0)
(4.16153 0 0)
(4.16144 0 0)
(4.16135 0 0)
(4.16126 0 0)
(4.16118 0 0)
(4.16109 0 0)
(4.161 0 0)
(4.16091 0 0)
(4.16082 0 0)
(4.16074 0 0)
(4.16065 0 0)
(4.16056 0 0)
(4.16047 0 0)
(4.16039 0 0)
(4.1603 0 0)
(4.16021 0 0)
(4.16012 0 0)
(4.16004 0 0)
(4.15995 0 0)
(4.15986 0 0)
(4.15977 0 0)
(4.15969 0 0)
(4.1596 0 0)
(4.15951 0 0)
(4.15943 0 0)
(4.15934 0 0)
(4.15925 0 0)
(4.15916 0 0)
(4.15908 0 0)
(4.15899 0 0)
(4.1589 0 0)
(4.15882 0 0)
(4.15873 0 0)
(4.15864 0 0)
(4.15856 0 0)
(4.15847 0 0)
(4.15838 0 0)
(4.1583 0 0)
(4.15821 0 0)
(4.15813 0 0)
(4.15804 0 0)
(4.15795 0 0)
(4.15787 0 0)
(4.15778 0 0)
(4.1577 0 0)
(4.15761 0 0)
(4.15752 0 0)
(4.15744 0 0)
(4.15735 0 0)
(4.15727 0 0)
(4.15718 0 0)
(4.1571 0 0)
(4.15701 0 0)
(4.15692 0 0)
(4.15684 0 0)
(4.15675 0 0)
(4.15667 0 0)
(4.15658 0 0)
(4.1565 0 0)
(4.15641 0 0)
(4.15633 0 0)
(4.15624 0 0)
(4.15616 0 0)
(4.15607 0 0)
(4.15599 0 0)
(4.1559 0 0)
(4.15582 0 0)
(4.15573 0 0)
(4.15565 0 0)
(4.15556 0 0)
(4.15548 0 0)
(4.15539 0 0)
(4.15531 0 0)
(4.15522 0 0)
(4.15514 0 0)
(4.15506 0 0)
(4.15497 0 0)
(4.15489 0 0)
(4.1548 0 0)
(4.15472 0 0)
(4.15463 0 0)
(4.15455 0 0)
(4.15447 0 0)
(4.15438 0 0)
(4.1543 0 0)
(4.15422 0 0)
(4.15414 0 0)
(4.15406 0 0)
(4.15394 0 0)
(4.15374 0 0)
(4.15361 0 0)
(4.15399 0 0)
(4.15525 0 0)
(4.15591 0 0)
(4.15062 0 0)
(4.13448 0 0)
(4.12353 0 0)
(4.18136 0 0)
(4.38125 0 0)
(4.54266 0 0)
(3.89103 0 0)
(2.28041 0 0)
(1.17957 0 0)
(0.936824 0 0)
(0.925862 0 0)
(0.925406 0 0)
(0.924978 0 0)
(0.924551 0 0)
(0.924124 0 0)
(0.923698 0 0)
(0.923272 0 0)
(0.922846 0 0)
(0.922422 0 0)
(0.921997 0 0)
(0.921573 0 0)
(0.92115 0 0)
(0.920727 0 0)
(0.920304 0 0)
(0.919882 0 0)
(0.91946 0 0)
(0.919039 0 0)
(0.918618 0 0)
(0.918198 0 0)
(0.917778 0 0)
(0.917358 0 0)
(0.916939 0 0)
(0.916521 0 0)
(0.916103 0 0)
(0.915685 0 0)
(0.915268 0 0)
(0.914851 0 0)
(0.914435 0 0)
(0.914019 0 0)
(0.913604 0 0)
(0.913189 0 0)
(0.912774 0 0)
(0.91236 0 0)
(0.911946 0 0)
(0.911533 0 0)
(0.91112 0 0)
(0.910708 0 0)
(0.910296 0 0)
(0.909885 0 0)
(0.909474 0 0)
(0.909063 0 0)
(0.908653 0 0)
(0.908243 0 0)
(0.907834 0 0)
(0.907425 0 0)
(0.907016 0 0)
(0.906608 0 0)
(0.906201 0 0)
(0.905793 0 0)
(0.905387 0 0)
(0.90498 0 0)
(0.904574 0 0)
(0.904169 0 0)
(0.903764 0 0)
(0.903359 0 0)
(0.902955 0 0)
(0.902551 0 0)
(0.902148 0 0)
(0.901745 0 0)
(0.901343 0 0)
(0.90094 0 0)
(0.900539 0 0)
(0.900135 0 0)
(0.899752 0 0)
(0.899577 0 0)
(0.89958 0 0)
(0.89958 0 0)
(0.89958 0 0)
(0.89958 0 0)
(0.89958 0 0)
(0.89958 0 0)
(0.89958 0 0)
(0.89958 0 0)
(0.89958 0 0)
(0.899579 0 0)
(0.899579 0 0)
(0.899579 0 0)
(0.899579 0 0)
(0.899579 0 0)
(0.899579 0 0)
(0.899579 0 0)
(0.899579 0 0)
(0.899579 0 0)
(0.899579 0 0)
(0.899579 0 0)
(0.899579 0 0)
(0.899579 0 0)
(0.899579 0 0)
(0.899579 0 0)
(0.899579 0 0)
(0.899579 0 0)
(0.899579 0 0)
(0.899579 0 0)
(0.899579 0 0)
(0.899579 0 0)
(0.899579 0 0)
(0.899579 0 0)
(0.899579 0 0)
(0.899579 0 0)
(0.899579 0 0)
(0.899579 0 0)
(0.899579 0 0)
(0.899579 0 0)
(0.899579 0 0)
(0.899579 0 0)
(0.899579 0 0)
(0.899579 0 0)
(0.899579 0 0)
(0.89958 0 0)
(0.89958 0 0)
(0.89958 0 0)
(0.89958 0 0)
(0.89958 0 0)
(0.89958 0 0)
(0.89958 0 0)
(0.89958 0 0)
(0.899581 0 0)
(0.899581 0 0)
(0.899581 0 0)
(0.899581 0 0)
(0.899581 0 0)
(0.899581 0 0)
(0.899581 0 0)
(0.899581 0 0)
(0.899582 0 0)
(0.899582 0 0)
(0.899582 0 0)
(0.899582 0 0)
(0.899582 0 0)
(0.899582 0 0)
(0.899583 0 0)
(0.899583 0 0)
(0.899583 0 0)
(0.899583 0 0)
(0.899583 0 0)
(0.899583 0 0)
(0.899583 0 0)
(0.899584 0 0)
(0.899584 0 0)
(0.899584 0 0)
(0.899584 0 0)
(0.899584 0 0)
(0.899584 0 0)
(0.899584 0 0)
(0.899585 0 0)
(0.899585 0 0)
(0.899585 0 0)
(0.899585 0 0)
(0.899585 0 0)
(0.899585 0 0)
(0.899585 0 0)
(0.899585 0 0)
(0.899585 0 0)
(0.899585 0 0)
(0.899586 0 0)
(0.899586 0 0)
(0.899586 0 0)
(0.899586 0 0)
(0.899586 0 0)
(0.899586 0 0)
(0.899586 0 0)
(0.899586 0 0)
(0.899586 0 0)
(0.899586 0 0)
(0.899586 0 0)
(0.899586 0 0)
(0.899586 0 0)
(0.899586 0 0)
(0.899586 0 0)
(0.899586 0 0)
(0.899586 0 0)
(0.899586 0 0)
(0.899586 0 0)
(0.899586 0 0)
(0.899586 0 0)
(0.899585 0 0)
(0.899585 0 0)
(0.899585 0 0)
(0.899585 0 0)
(0.899585 0 0)
(0.899585 0 0)
(0.899585 0 0)
(0.899585 0 0)
(0.899585 0 0)
(0.899585 0 0)
(0.899584 0 0)
(0.899584 0 0)
(0.899584 0 0)
(0.899584 0 0)
(0.899584 0 0)
(0.899584 0 0)
(0.899584 0 0)
(0.899584 0 0)
(0.899583 0 0)
(0.899583 0 0)
(0.899583 0 0)
(0.899583 0 0)
(0.899583 0 0)
(0.899583 0 0)
(0.899583 0 0)
(0.899582 0 0)
(0.899582 0 0)
(0.899582 0 0)
(0.899582 0 0)
(0.899582 0 0)
(0.899582 0 0)
(0.899582 0 0)
(0.899581 0 0)
(0.899581 0 0)
(0.899581 0 0)
(0.899581 0 0)
(0.899581 0 0)
(0.899581 0 0)
(0.899581 0 0)
(0.89958 0 0)
(0.89958 0 0)
(0.89958 0 0)
(0.89958 0 0)
(0.89958 0 0)
(0.89958 0 0)
(0.89958 0 0)
(0.89958 0 0)
(0.89958 0 0)
(0.89958 0 0)
(0.89958 0 0)
(0.899579 0 0)
(0.899579 0 0)
(0.899579 0 0)
(0.899579 0 0)
(0.899579 0 0)
(0.899579 0 0)
(0.899579 0 0)
(0.899579 0 0)
(0.899579 0 0)
(0.899579 0 0)
(0.899579 0 0)
(0.899579 0 0)
(0.899579 0 0)
(0.899579 0 0)
(0.899579 0 0)
(0.899579 0 0)
(0.899579 0 0)
(0.899579 0 0)
(0.899579 0 0)
(0.899579 0 0)
(0.899579 0 0)
(0.899579 0 0)
(0.89958 0 0)
(0.89958 0 0)
(0.89958 0 0)
(0.89958 0 0)
(0.89958 0 0)
(0.89958 0 0)
(0.89958 0 0)
(0.89958 0 0)
(0.89958 0 0)
(0.89958 0 0)
(0.89958 0 0)
(0.89958 0 0)
(0.89958 0 0)
(0.899581 0 0)
(0.899581 0 0)
(0.899581 0 0)
(0.899581 0 0)
(0.899581 0 0)
(0.899581 0 0)
(0.899581 0 0)
(0.899581 0 0)
(0.899581 0 0)
(0.899581 0 0)
(0.899581 0 0)
(0.899582 0 0)
(0.899582 0 0)
(0.899582 0 0)
(0.899582 0 0)
(0.899582 0 0)
(0.899582 0 0)
(0.899582 0 0)
(0.899582 0 0)
(0.899582 0 0)
(0.899582 0 0)
(0.899582 0 0)
(0.899582 0 0)
(0.899582 0 0)
(0.899582 0 0)
(0.899582 0 0)
(0.899583 0 0)
(0.899583 0 0)
(0.899583 0 0)
(0.899583 0 0)
(0.899583 0 0)
(0.899583 0 0)
(0.899583 0 0)
(0.899583 0 0)
(0.899583 0 0)
(0.899583 0 0)
(0.899583 0 0)
(0.899583 0 0)
(0.899583 0 0)
(0.899583 0 0)
(0.899583 0 0)
(0.899583 0 0)
(0.899583 0 0)
(0.899583 0 0)
(0.899582 0 0)
(0.899582 0 0)
(0.899582 0 0)
(0.899582 0 0)
(0.899582 0 0)
(0.899582 0 0)
(0.899582 0 0)
(0.899582 0 0)
(0.899582 0 0)
(0.899582 0 0)
(0.899582 0 0)
(0.899582 0 0)
(0.899582 0 0)
(0.899582 0 0)
(0.899582 0 0)
(0.899582 0 0)
(0.899582 0 0)
(0.899582 0 0)
(0.899582 0 0)
(0.899582 0 0)
(0.899581 0 0)
(0.899581 0 0)
(0.899581 0 0)
(0.899581 0 0)
(0.899581 0 0)
(0.899581 0 0)
(0.899581 0 0)
(0.899581 0 0)
(0.899581 0 0)
(0.899581 0 0)
(0.899581 0 0)
(0.899581 0 0)
(0.899581 0 0)
(0.899581 0 0)
(0.899581 0 0)
(0.899581 0 0)
(0.899581 0 0)
(0.899581 0 0)
(0.899581 0 0)
(0.899581 0 0)
(0.899581 0 0)
(0.899581 0 0)
(0.899582 0 0)
(0.899582 0 0)
(0.899582 0 0)
(0.899582 0 0)
(0.899582 0 0)
(0.899582 0 0)
(0.899582 0 0)
(0.899582 0 0)
(0.899582 0 0)
(0.899583 0 0)
(0.899583 0 0)
(0.899583 0 0)
(0.899583 0 0)
(0.899583 0 0)
(0.899583 0 0)
(0.899584 0 0)
(0.899584 0 0)
(0.899584 0 0)
(0.899584 0 0)
(0.899584 0 0)
(0.899585 0 0)
(0.899585 0 0)
(0.899585 0 0)
(0.899586 0 0)
(0.899586 0 0)
(0.899586 0 0)
(0.899586 0 0)
(0.899587 0 0)
(0.899587 0 0)
(0.899587 0 0)
(0.899588 0 0)
(0.899588 0 0)
(0.899588 0 0)
(0.899589 0 0)
(0.899589 0 0)
(0.899589 0 0)
(0.89959 0 0)
(0.89959 0 0)
(0.89959 0 0)
(0.899591 0 0)
(0.899591 0 0)
(0.899592 0 0)
(0.899592 0 0)
(0.899592 0 0)
(0.899593 0 0)
(0.899593 0 0)
(0.899594 0 0)
(0.899594 0 0)
(0.899594 0 0)
(0.899595 0 0)
(0.899595 0 0)
(0.899596 0 0)
(0.899596 0 0)
(0.899597 0 0)
(0.899597 0 0)
(0.899597 0 0)
(0.899598 0 0)
(0.899598 0 0)
(0.899599 0 0)
(0.899599 0 0)
(0.8996 0 0)
(0.8996 0 0)
(0.8996 0 0)
(0.899601 0 0)
(0.899601 0 0)
(0.899602 0 0)
(0.899602 0 0)
(0.899603 0 0)
(0.899603 0 0)
(0.899603 0 0)
(0.899604 0 0)
(0.899604 0 0)
(0.899605 0 0)
(0.899605 0 0)
(0.899606 0 0)
(0.899606 0 0)
(0.899606 0 0)
(0.899607 0 0)
(0.899607 0 0)
(0.899608 0 0)
(0.899608 0 0)
(0.899608 0 0)
(0.899609 0 0)
(0.899609 0 0)
(0.89961 0 0)
(0.89961 0 0)
(0.899611 0 0)
(0.899611 0 0)
(0.899611 0 0)
(0.899612 0 0)
(0.899612 0 0)
(0.899613 0 0)
(0.899613 0 0)
(0.899614 0 0)
(0.899614 0 0)
(0.899614 0 0)
(0.899615 0 0)
(0.899615 0 0)
(0.899616 0 0)
(0.899616 0 0)
(0.899616 0 0)
(0.899617 0 0)
(0.899617 0 0)
(0.899618 0 0)
(0.899618 0 0)
(0.899619 0 0)
(0.899619 0 0)
(0.89962 0 0)
(0.89962 0 0)
(0.89962 0 0)
(0.899621 0 0)
(0.899621 0 0)
(0.899622 0 0)
(0.899622 0 0)
(0.899623 0 0)
(0.899623 0 0)
(0.899624 0 0)
(0.899624 0 0)
(0.899625 0 0)
(0.899625 0 0)
(0.899626 0 0)
(0.899626 0 0)
(0.899626 0 0)
(0.899627 0 0)
(0.899627 0 0)
(0.899628 0 0)
(0.899628 0 0)
(0.899629 0 0)
(0.899629 0 0)
(0.89963 0 0)
(0.89963 0 0)
(0.899631 0 0)
(0.899631 0 0)
(0.899632 0 0)
(0.899632 0 0)
(0.899633 0 0)
(0.899633 0 0)
(0.899634 0 0)
(0.899634 0 0)
(0.899635 0 0)
(0.899635 0 0)
(0.899636 0 0)
(0.899636 0 0)
(0.899637 0 0)
(0.899637 0 0)
(0.899638 0 0)
(0.899638 0 0)
(0.899639 0 0)
(0.899639 0 0)
(0.89964 0 0)
(0.89964 0 0)
(0.899641 0 0)
(0.899641 0 0)
(0.899641 0 0)
(0.899642 0 0)
(0.899642 0 0)
(0.899643 0 0)
(0.899643 0 0)
(0.899643 0 0)
(0.899644 0 0)
(0.899644 0 0)
(0.899644 0 0)
(0.899645 0 0)
(0.899645 0 0)
(0.899645 0 0)
(0.899646 0 0)
(0.899646 0 0)
(0.899646 0 0)
(0.899646 0 0)
(0.899646 0 0)
(0.899647 0 0)
(0.899647 0 0)
(0.899647 0 0)
(0.899647 0 0)
(0.899647 0 0)
(0.899647 0 0)
(0.899647 0 0)
(0.899647 0 0)
(0.899647 0 0)
(0.899647 0 0)
(0.899647 0 0)
(0.899647 0 0)
(0.899647 0 0)
(0.899647 0 0)
(0.899646 0 0)
(0.899646 0 0)
(0.899646 0 0)
(0.899646 0 0)
(0.899645 0 0)
(0.899645 0 0)
(0.899645 0 0)
(0.899644 0 0)
(0.899644 0 0)
(0.899644 0 0)
(0.899643 0 0)
(0.899643 0 0)
(0.899642 0 0)
(0.899641 0 0)
(0.899641 0 0)
(0.89964 0 0)
(0.899639 0 0)
(0.899639 0 0)
(0.899638 0 0)
(0.899637 0 0)
(0.899636 0 0)
(0.899636 0 0)
(0.899635 0 0)
(0.899634 0 0)
(0.899633 0 0)
(0.899632 0 0)
(0.899631 0 0)
(0.89963 0 0)
(0.899629 0 0)
(0.899627 0 0)
(0.899626 0 0)
(0.899625 0 0)
(0.899624 0 0)
(0.899623 0 0)
(0.899621 0 0)
(0.89962 0 0)
(0.899619 0 0)
(0.899617 0 0)
(0.899616 0 0)
(0.899614 0 0)
(0.899613 0 0)
(0.899611 0 0)
(0.89961 0 0)
(0.899608 0 0)
(0.899606 0 0)
(0.899605 0 0)
(0.899603 0 0)
(0.899601 0 0)
(0.899599 0 0)
(0.899598 0 0)
(0.899596 0 0)
(0.899594 0 0)
(0.899592 0 0)
(0.89959 0 0)
(0.899588 0 0)
(0.899586 0 0)
(0.899584 0 0)
(0.899582 0 0)
(0.89958 0 0)
(0.899578 0 0)
(0.899576 0 0)
(0.899574 0 0)
(0.899571 0 0)
(0.899569 0 0)
(0.899567 0 0)
(0.899565 0 0)
(0.899562 0 0)
(0.89956 0 0)
(0.899558 0 0)
(0.899555 0 0)
(0.899553 0 0)
(0.899551 0 0)
(0.899548 0 0)
(0.899546 0 0)
(0.899543 0 0)
(0.899541 0 0)
(0.899538 0 0)
(0.899536 0 0)
(0.899533 0 0)
(0.899531 0 0)
(0.899528 0 0)
(0.899525 0 0)
(0.899523 0 0)
(0.89952 0 0)
(0.899517 0 0)
(0.899515 0 0)
(0.899512 0 0)
(0.899509 0 0)
(0.899507 0 0)
(0.899504 0 0)
(0.899501 0 0)
(0.899498 0 0)
(0.899496 0 0)
(0.899493 0 0)
(0.89949 0 0)
(0.899487 0 0)
(0.899484 0 0)
(0.899481 0 0)
(0.899479 0 0)
(0.899476 0 0)
(0.899473 0 0)
(0.89947 0 0)
(0.899467 0 0)
(0.899464 0 0)
(0.899461 0 0)
(0.899458 0 0)
(0.899455 0 0)
(0.899453 0 0)
(0.89945 0 0)
(0.899447 0 0)
(0.899444 0 0)
(0.899441 0 0)
(0.899438 0 0)
(0.899435 0 0)
(0.899432 0 0)
(0.899429 0 0)
(0.899426 0 0)
(0.899423 0 0)
(0.89942 0 0)
(0.899417 0 0)
(0.899414 0 0)
(0.899411 0 0)
(0.899408 0 0)
(0.899405 0 0)
(0.899403 0 0)
(0.8994 0 0)
(0.899397 0 0)
(0.899394 0 0)
(0.899391 0 0)
(0.899388 0 0)
(0.899385 0 0)
(0.899382 0 0)
(0.899379 0 0)
(0.899376 0 0)
(0.899374 0 0)
(0.899371 0 0)
(0.899368 0 0)
(0.899365 0 0)
(0.899362 0 0)
(0.899359 0 0)
(0.899357 0 0)
(0.899354 0 0)
(0.899351 0 0)
(0.899348 0 0)
(0.899346 0 0)
(0.899343 0 0)
(0.89934 0 0)
(0.899337 0 0)
(0.899335 0 0)
(0.899332 0 0)
(0.899329 0 0)
(0.899327 0 0)
(0.899324 0 0)
(0.899322 0 0)
(0.899319 0 0)
(0.899317 0 0)
(0.899314 0 0)
(0.899312 0 0)
(0.899309 0 0)
(0.899307 0 0)
(0.899304 0 0)
(0.899302 0 0)
(0.899299 0 0)
(0.899297 0 0)
(0.899295 0 0)
(0.899292 0 0)
(0.89929 0 0)
(0.899288 0 0)
(0.899285 0 0)
(0.899283 0 0)
(0.899281 0 0)
(0.899279 0 0)
(0.899276 0 0)
(0.899274 0 0)
(0.899272 0 0)
(0.89927 0 0)
(0.899268 0 0)
(0.899266 0 0)
(0.899264 0 0)
(0.899262 0 0)
(0.89926 0 0)
(0.899257 0 0)
(0.899255 0 0)
(0.899254 0 0)
(0.899252 0 0)
(0.89925 0 0)
(0.899248 0 0)
(0.899246 0 0)
(0.899244 0 0)
(0.899242 0 0)
(0.89924 0 0)
(0.899238 0 0)
(0.899237 0 0)
(0.899235 0 0)
(0.899233 0 0)
(0.899231 0 0)
(0.899229 0 0)
(0.899228 0 0)
(0.899226 0 0)
(0.899224 0 0)
(0.899223 0 0)
(0.899221 0 0)
(0.899219 0 0)
(0.899218 0 0)
(0.899216 0 0)
(0.899214 0 0)
(0.899213 0 0)
(0.899211 0 0)
(0.899209 0 0)
(0.899208 0 0)
(0.899206 0 0)
(0.899205 0 0)
(0.899203 0 0)
(0.899201 0 0)
(0.8992 0 0)
(0.899198 0 0)
(0.899197 0 0)
(0.899195 0 0)
(0.899194 0 0)
(0.899192 0 0)
(0.899191 0 0)
(0.899189 0 0)
(0.899188 0 0)
(0.899186 0 0)
(0.899185 0 0)
(0.899183 0 0)
(0.899181 0 0)
(0.89918 0 0)
(0.899178 0 0)
(0.899177 0 0)
(0.899175 0 0)
(0.899174 0 0)
(0.899172 0 0)
(0.899171 0 0)
(0.899169 0 0)
(0.899168 0 0)
(0.899166 0 0)
(0.899165 0 0)
(0.899163 0 0)
(0.899162 0 0)
(0.89916 0 0)
(0.899159 0 0)
(0.899157 0 0)
(0.899156 0 0)
(0.899154 0 0)
(0.899153 0 0)
(0.899151 0 0)
(0.89915 0 0)
(0.899148 0 0)
(0.899147 0 0)
(0.899145 0 0)
(0.899143 0 0)
(0.899142 0 0)
(0.89914 0 0)
(0.899139 0 0)
(0.899137 0 0)
(0.899136 0 0)
(0.899134 0 0)
(0.899133 0 0)
(0.899131 0 0)
(0.89913 0 0)
(0.899128 0 0)
(0.899127 0 0)
(0.899125 0 0)
(0.899123 0 0)
(0.899122 0 0)
(0.89912 0 0)
(0.899119 0 0)
(0.899117 0 0)
(0.899116 0 0)
(0.899114 0 0)
(0.899113 0 0)
(0.899111 0 0)
(0.899109 0 0)
(0.899108 0 0)
(0.899106 0 0)
(0.899105 0 0)
(0.899103 0 0)
(0.899102 0 0)
(0.8991 0 0)
(0.899099 0 0)
(0.899097 0 0)
(0.899096 0 0)
(0.899094 0 0)
(0.899092 0 0)
(0.899091 0 0)
(0.899089 0 0)
(0.899088 0 0)
(0.899086 0 0)
(0.899085 0 0)
(0.899083 0 0)
(0.899082 0 0)
(0.89908 0 0)
(0.899079 0 0)
(0.899077 0 0)
(0.899076 0 0)
(0.899074 0 0)
(0.899073 0 0)
(0.899071 0 0)
(0.89907 0 0)
(0.899068 0 0)
(0.899067 0 0)
(0.899065 0 0)
(0.899064 0 0)
(0.899062 0 0)
(0.899061 0 0)
(0.89906 0 0)
(0.899058 0 0)
(0.899057 0 0)
(0.899055 0 0)
(0.899054 0 0)
(0.899052 0 0)
(0.899051 0 0)
(0.899049 0 0)
(0.899048 0 0)
(0.899046 0 0)
(0.899045 0 0)
(0.899043 0 0)
(0.899042 0 0)
(0.89904 0 0)
(0.899039 0 0)
(0.899037 0 0)
(0.899036 0 0)
(0.899035 0 0)
(0.899033 0 0)
(0.899032 0 0)
(0.89903 0 0)
(0.899029 0 0)
(0.899027 0 0)
(0.899026 0 0)
(0.899024 0 0)
(0.899023 0 0)
(0.899021 0 0)
(0.89902 0 0)
(0.899018 0 0)
(0.899017 0 0)
(0.899015 0 0)
(0.899014 0 0)
(0.899012 0 0)
(0.89901 0 0)
(0.899009 0 0)
(0.899007 0 0)
(0.899006 0 0)
(0.899004 0 0)
(0.899003 0 0)
(0.899001 0 0)
(0.899 0 0)
(0.898998 0 0)
(0.898997 0 0)
(0.898995 0 0)
(0.898993 0 0)
(0.898992 0 0)
(0.89899 0 0)
(0.898989 0 0)
(0.898987 0 0)
(0.898986 0 0)
(0.898984 0 0)
(0.898982 0 0)
(0.898981 0 0)
(0.898979 0 0)
(0.898978 0 0)
(0.898976 0 0)
(0.898974 0 0)
(0.898973 0 0)
(0.898971 0 0)
(0.898969 0 0)
(0.898968 0 0)
(0.898966 0 0)
(0.898964 0 0)
(0.898963 0 0)
(0.898961 0 0)
(0.898959 0 0)
(0.898958 0 0)
(0.898956 0 0)
(0.898954 0 0)
(0.898953 0 0)
(0.898951 0 0)
(0.898949 0 0)
(0.898948 0 0)
(0.898946 0 0)
(0.898944 0 0)
(0.898943 0 0)
(0.898941 0 0)
(0.898939 0 0)
(0.898937 0 0)
(0.898936 0 0)
(0.898934 0 0)
(0.898932 0 0)
(0.898931 0 0)
(0.898929 0 0)
(0.898927 0 0)
(0.898925 0 0)
(0.898924 0 0)
(0.898922 0 0)
(0.89892 0 0)
(0.898919 0 0)
(0.898917 0 0)
(0.898915 0 0)
(0.898913 0 0)
(0.898912 0 0)
(0.89891 0 0)
(0.898908 0 0)
(0.898907 0 0)
(0.898905 0 0)
(0.898903 0 0)
(0.898902 0 0)
(0.8989 0 0)
(0.898898 0 0)
(0.898896 0 0)
(0.898895 0 0)
(0.898893 0 0)
(0.898891 0 0)
(0.89889 0 0)
(0.898888 0 0)
(0.898886 0 0)
(0.898884 0 0)
(0.898883 0 0)
(0.898881 0 0)
(0.898879 0 0)
(0.898878 0 0)
(0.898876 0 0)
(0.898874 0 0)
(0.898872 0 0)
(0.898871 0 0)
(0.898869 0 0)
(0.898867 0 0)
(0.898865 0 0)
(0.898863 0 0)
(0.898862 0 0)
(0.89886 0 0)
(0.898858 0 0)
(0.898856 0 0)
(0.898854 0 0)
(0.898853 0 0)
(0.898851 0 0)
(0.898849 0 0)
(0.898847 0 0)
(0.898845 0 0)
(0.898844 0 0)
(0.898842 0 0)
(0.89884 0 0)
(0.898838 0 0)
(0.898836 0 0)
(0.898834 0 0)
(0.898833 0 0)
(0.898831 0 0)
(0.898829 0 0)
(0.898827 0 0)
(0.898825 0 0)
(0.898823 0 0)
(0.898821 0 0)
(0.89882 0 0)
(0.898818 0 0)
(0.898816 0 0)
(0.898814 0 0)
(0.898812 0 0)
(0.89881 0 0)
(0.898808 0 0)
(0.898806 0 0)
(0.898804 0 0)
(0.898803 0 0)
(0.898801 0 0)
(0.898799 0 0)
(0.898797 0 0)
(0.898795 0 0)
(0.898793 0 0)
(0.898791 0 0)
)
;

boundaryField
{
    inlet
    {
        type            calculated;
        value           uniform (0.728847 -0 -0);
    }
    outlet
    {
        type            calculated;
        value           uniform (0.898791 0 0);
    }
    right
    {
        type            empty;
    }
    left
    {
        type            empty;
    }
    atmosphere
    {
        type            empty;
    }
    bottomWall
    {
        type            empty;
    }
}


// ************************************************************************* //
