/*--------------------------------*- C++ -*----------------------------------*\
| =========                 |                                                 |
| \\      /  F ield         | foam-extend: Open Source CFD                    |
|  \\    /   O peration     | Version:     3.1                                |
|   \\  /    A nd           | Web:         http://www.extend-project.de       |
|    \\/     M anipulation  |                                                 |
\*---------------------------------------------------------------------------*/
FoamFile
{
    version     2.0;
    format      ascii;
    class       volVectorField;
    location    "30";
    object      HU;
}
// * * * * * * * * * * * * * * * * * * * * * * * * * * * * * * * * * * * * * //

dimensions      [0 2 -1 0 0 0 0];

internalField   nonuniform List<vector> 
2539
(
(0.624831 0 0)
(0.624657 0 0)
(0.624663 0 0)
(0.624663 0 0)
(0.624662 0 0)
(0.624662 0 0)
(0.624661 0 0)
(0.624661 0 0)
(0.62466 0 0)
(0.62466 0 0)
(0.62466 0 0)
(0.624659 0 0)
(0.624659 0 0)
(0.624658 0 0)
(0.624658 0 0)
(0.624657 0 0)
(0.624657 0 0)
(0.624656 0 0)
(0.624656 0 0)
(0.624655 0 0)
(0.624655 0 0)
(0.624655 0 0)
(0.624654 0 0)
(0.624654 0 0)
(0.624653 0 0)
(0.624653 0 0)
(0.624652 0 0)
(0.624652 0 0)
(0.624651 0 0)
(0.624651 0 0)
(0.62465 0 0)
(0.62465 0 0)
(0.624649 0 0)
(0.624649 0 0)
(0.624648 0 0)
(0.624648 0 0)
(0.624647 0 0)
(0.624647 0 0)
(0.624646 0 0)
(0.624646 0 0)
(0.624645 0 0)
(0.624645 0 0)
(0.624644 0 0)
(0.624644 0 0)
(0.624643 0 0)
(0.624643 0 0)
(0.624642 0 0)
(0.624642 0 0)
(0.624641 0 0)
(0.624641 0 0)
(0.62464 0 0)
(0.62464 0 0)
(0.624639 0 0)
(0.624639 0 0)
(0.624638 0 0)
(0.624638 0 0)
(0.624637 0 0)
(0.624637 0 0)
(0.624636 0 0)
(0.624635 0 0)
(0.624635 0 0)
(0.624634 0 0)
(0.624634 0 0)
(0.624633 0 0)
(0.624633 0 0)
(0.624632 0 0)
(0.624632 0 0)
(0.624631 0 0)
(0.624631 0 0)
(0.62463 0 0)
(0.624629 0 0)
(0.624629 0 0)
(0.624628 0 0)
(0.624628 0 0)
(0.624627 0 0)
(0.624627 0 0)
(0.624626 0 0)
(0.624625 0 0)
(0.624625 0 0)
(0.624624 0 0)
(0.624624 0 0)
(0.624623 0 0)
(0.624622 0 0)
(0.624622 0 0)
(0.624621 0 0)
(0.624621 0 0)
(0.62462 0 0)
(0.62462 0 0)
(0.624619 0 0)
(0.624618 0 0)
(0.624618 0 0)
(0.624617 0 0)
(0.624616 0 0)
(0.624616 0 0)
(0.624615 0 0)
(0.624615 0 0)
(0.624614 0 0)
(0.624613 0 0)
(0.624613 0 0)
(0.624612 0 0)
(0.624611 0 0)
(0.624611 0 0)
(0.62461 0 0)
(0.62461 0 0)
(0.624609 0 0)
(0.624608 0 0)
(0.624608 0 0)
(0.624607 0 0)
(0.624606 0 0)
(0.624606 0 0)
(0.624605 0 0)
(0.624604 0 0)
(0.624604 0 0)
(0.624603 0 0)
(0.624602 0 0)
(0.624602 0 0)
(0.624601 0 0)
(0.6246 0 0)
(0.6246 0 0)
(0.624599 0 0)
(0.624598 0 0)
(0.624598 0 0)
(0.624597 0 0)
(0.624596 0 0)
(0.624595 0 0)
(0.624595 0 0)
(0.624594 0 0)
(0.624593 0 0)
(0.624593 0 0)
(0.624592 0 0)
(0.624591 0 0)
(0.62459 0 0)
(0.62459 0 0)
(0.624589 0 0)
(0.624588 0 0)
(0.624587 0 0)
(0.624587 0 0)
(0.624586 0 0)
(0.624585 0 0)
(0.624584 0 0)
(0.624584 0 0)
(0.624583 0 0)
(0.624582 0 0)
(0.624581 0 0)
(0.624581 0 0)
(0.62458 0 0)
(0.624579 0 0)
(0.624578 0 0)
(0.624577 0 0)
(0.624577 0 0)
(0.624576 0 0)
(0.624575 0 0)
(0.624574 0 0)
(0.624573 0 0)
(0.624573 0 0)
(0.624572 0 0)
(0.624571 0 0)
(0.62457 0 0)
(0.624569 0 0)
(0.624569 0 0)
(0.624568 0 0)
(0.624567 0 0)
(0.624566 0 0)
(0.624565 0 0)
(0.624564 0 0)
(0.624563 0 0)
(0.624563 0 0)
(0.624562 0 0)
(0.624561 0 0)
(0.62456 0 0)
(0.624559 0 0)
(0.624558 0 0)
(0.624557 0 0)
(0.624556 0 0)
(0.624555 0 0)
(0.624555 0 0)
(0.624554 0 0)
(0.624553 0 0)
(0.624552 0 0)
(0.624551 0 0)
(0.62455 0 0)
(0.624549 0 0)
(0.624548 0 0)
(0.624547 0 0)
(0.624336 0 0)
(0.624423 0 0)
(0.624844 0 0)
(0.624865 0 0)
(0.624867 0 0)
(0.624867 0 0)
(0.624866 0 0)
(0.624866 0 0)
(0.624866 0 0)
(0.624866 0 0)
(0.624866 0 0)
(0.624866 0 0)
(0.624866 0 0)
(0.624866 0 0)
(0.624866 0 0)
(0.624866 0 0)
(0.624866 0 0)
(0.624866 0 0)
(0.624865 0 0)
(0.624865 0 0)
(0.624865 0 0)
(0.624865 0 0)
(0.624865 0 0)
(0.624865 0 0)
(0.624865 0 0)
(0.624865 0 0)
(0.624865 0 0)
(0.624865 0 0)
(0.624865 0 0)
(0.624865 0 0)
(0.624864 0 0)
(0.624864 0 0)
(0.624864 0 0)
(0.624864 0 0)
(0.624864 0 0)
(0.624864 0 0)
(0.624864 0 0)
(0.624864 0 0)
(0.624864 0 0)
(0.624864 0 0)
(0.624864 0 0)
(0.624863 0 0)
(0.624863 0 0)
(0.624863 0 0)
(0.624863 0 0)
(0.624863 0 0)
(0.624863 0 0)
(0.624863 0 0)
(0.624863 0 0)
(0.624863 0 0)
(0.624863 0 0)
(0.624863 0 0)
(0.624862 0 0)
(0.624862 0 0)
(0.624862 0 0)
(0.624862 0 0)
(0.624862 0 0)
(0.624862 0 0)
(0.624862 0 0)
(0.624862 0 0)
(0.624862 0 0)
(0.624862 0 0)
(0.624862 0 0)
(0.624861 0 0)
(0.624861 0 0)
(0.624861 0 0)
(0.624861 0 0)
(0.624861 0 0)
(0.624861 0 0)
(0.624861 0 0)
(0.624861 0 0)
(0.624861 0 0)
(0.624861 0 0)
(0.624861 0 0)
(0.62486 0 0)
(0.62486 0 0)
(0.62486 0 0)
(0.62486 0 0)
(0.62486 0 0)
(0.62486 0 0)
(0.62486 0 0)
(0.62486 0 0)
(0.62486 0 0)
(0.62486 0 0)
(0.624859 0 0)
(0.624859 0 0)
(0.624859 0 0)
(0.624859 0 0)
(0.624859 0 0)
(0.624859 0 0)
(0.624859 0 0)
(0.624859 0 0)
(0.624859 0 0)
(0.624859 0 0)
(0.624858 0 0)
(0.624858 0 0)
(0.624858 0 0)
(0.624858 0 0)
(0.624858 0 0)
(0.624858 0 0)
(0.624858 0 0)
(0.624858 0 0)
(0.624858 0 0)
(0.624858 0 0)
(0.624857 0 0)
(0.624857 0 0)
(0.624857 0 0)
(0.624857 0 0)
(0.624857 0 0)
(0.624857 0 0)
(0.624857 0 0)
(0.624857 0 0)
(0.624857 0 0)
(0.624857 0 0)
(0.624856 0 0)
(0.624856 0 0)
(0.624856 0 0)
(0.624856 0 0)
(0.624856 0 0)
(0.624856 0 0)
(0.624856 0 0)
(0.624856 0 0)
(0.624856 0 0)
(0.624856 0 0)
(0.624855 0 0)
(0.624855 0 0)
(0.624855 0 0)
(0.624855 0 0)
(0.624855 0 0)
(0.624855 0 0)
(0.624855 0 0)
(0.624855 0 0)
(0.624855 0 0)
(0.624854 0 0)
(0.624854 0 0)
(0.624854 0 0)
(0.624854 0 0)
(0.624854 0 0)
(0.624854 0 0)
(0.624854 0 0)
(0.624854 0 0)
(0.624854 0 0)
(0.624853 0 0)
(0.624853 0 0)
(0.624853 0 0)
(0.624853 0 0)
(0.624853 0 0)
(0.624853 0 0)
(0.624853 0 0)
(0.624853 0 0)
(0.624853 0 0)
(0.624852 0 0)
(0.624852 0 0)
(0.624852 0 0)
(0.624852 0 0)
(0.624852 0 0)
(0.624852 0 0)
(0.624852 0 0)
(0.624852 0 0)
(0.624852 0 0)
(0.624851 0 0)
(0.624851 0 0)
(0.624851 0 0)
(0.624851 0 0)
(0.624851 0 0)
(0.624851 0 0)
(0.624851 0 0)
(0.624851 0 0)
(0.624851 0 0)
(0.62485 0 0)
(0.62485 0 0)
(0.62485 0 0)
(0.62485 0 0)
(0.62485 0 0)
(0.62485 0 0)
(0.62485 0 0)
(0.62485 0 0)
(0.624849 0 0)
(0.624849 0 0)
(0.624849 0 0)
(0.624849 0 0)
(0.624849 0 0)
(0.624849 0 0)
(0.624849 0 0)
(0.624849 0 0)
(0.624849 0 0)
(0.624848 0 0)
(0.624848 0 0)
(0.624848 0 0)
(0.624848 0 0)
(0.624848 0 0)
(0.624848 0 0)
(0.624848 0 0)
(0.624848 0 0)
(0.624847 0 0)
(0.624847 0 0)
(0.624847 0 0)
(0.624847 0 0)
(0.624853 0 0)
(0.624723 0 0)
(0.627348 0 0)
(0.597419 0 0)
(0.604912 0 0)
(0.612977 0 0)
(0.617567 0 0)
(0.619828 0 0)
(0.621023 0 0)
(0.621702 0 0)
(0.622119 0 0)
(0.622394 0 0)
(0.622588 0 0)
(0.622734 0 0)
(0.622849 0 0)
(0.622943 0 0)
(0.623022 0 0)
(0.62309 0 0)
(0.623149 0 0)
(0.623201 0 0)
(0.623248 0 0)
(0.623291 0 0)
(0.623329 0 0)
(0.623364 0 0)
(0.623396 0 0)
(0.623426 0 0)
(0.623454 0 0)
(0.623479 0 0)
(0.623503 0 0)
(0.623525 0 0)
(0.623546 0 0)
(0.623566 0 0)
(0.623584 0 0)
(0.623602 0 0)
(0.623618 0 0)
(0.623634 0 0)
(0.623648 0 0)
(0.623662 0 0)
(0.623676 0 0)
(0.623688 0 0)
(0.6237 0 0)
(0.623711 0 0)
(0.623722 0 0)
(0.623733 0 0)
(0.623742 0 0)
(0.623752 0 0)
(0.623761 0 0)
(0.623769 0 0)
(0.623778 0 0)
(0.623785 0 0)
(0.623793 0 0)
(0.6238 0 0)
(0.623807 0 0)
(0.623813 0 0)
(0.623819 0 0)
(0.623825 0 0)
(0.62383 0 0)
(0.623835 0 0)
(0.62384 0 0)
(0.623845 0 0)
(0.623849 0 0)
(0.623853 0 0)
(0.623857 0 0)
(0.623861 0 0)
(0.623864 0 0)
(0.623867 0 0)
(0.623869 0 0)
(0.623871 0 0)
(0.623873 0 0)
(0.623875 0 0)
(0.623876 0 0)
(0.623877 0 0)
(0.623877 0 0)
(0.623877 0 0)
(0.623877 0 0)
(0.623876 0 0)
(0.623874 0 0)
(0.623872 0 0)
(0.623869 0 0)
(0.623865 0 0)
(0.623861 0 0)
(0.623855 0 0)
(0.623849 0 0)
(0.62384 0 0)
(0.623831 0 0)
(0.623819 0 0)
(0.623806 0 0)
(0.623789 0 0)
(0.623769 0 0)
(0.623745 0 0)
(0.623715 0 0)
(0.623679 0 0)
(0.623634 0 0)
(0.623578 0 0)
(0.623507 0 0)
(0.62342 0 0)
(0.62331 0 0)
(0.623175 0 0)
(0.623009 0 0)
(0.622813 0 0)
(0.622588 0 0)
(0.622347 0 0)
(0.622116 0 0)
(0.621715 0 0)
(0.621961 0 0)
(0.622168 0 0)
(0.622344 0 0)
(0.622496 0 0)
(0.622629 0 0)
(0.622745 0 0)
(0.622849 0 0)
(0.622941 0 0)
(0.623025 0 0)
(0.6231 0 0)
(0.623168 0 0)
(0.623231 0 0)
(0.623289 0 0)
(0.623341 0 0)
(0.62339 0 0)
(0.623436 0 0)
(0.623478 0 0)
(0.623518 0 0)
(0.623555 0 0)
(0.62359 0 0)
(0.623622 0 0)
(0.623653 0 0)
(0.623682 0 0)
(0.62371 0 0)
(0.623736 0 0)
(0.623761 0 0)
(0.623784 0 0)
(0.623807 0 0)
(0.623828 0 0)
(0.623849 0 0)
(0.623869 0 0)
(0.623887 0 0)
(0.623905 0 0)
(0.623923 0 0)
(0.623939 0 0)
(0.623955 0 0)
(0.623971 0 0)
(0.623986 0 0)
(0.624 0 0)
(0.624014 0 0)
(0.624027 0 0)
(0.62404 0 0)
(0.624052 0 0)
(0.624064 0 0)
(0.624076 0 0)
(0.624087 0 0)
(0.624098 0 0)
(0.624109 0 0)
(0.62412 0 0)
(0.62413 0 0)
(0.624139 0 0)
(0.624149 0 0)
(0.624158 0 0)
(0.624167 0 0)
(0.624176 0 0)
(0.624184 0 0)
(0.624193 0 0)
(0.624201 0 0)
(0.624209 0 0)
(0.624217 0 0)
(0.624224 0 0)
(0.624232 0 0)
(0.624239 0 0)
(0.624246 0 0)
(0.624253 0 0)
(0.624259 0 0)
(0.624266 0 0)
(0.624273 0 0)
(0.624279 0 0)
(0.624285 0 0)
(0.624291 0 0)
(0.624297 0 0)
(0.624303 0 0)
(0.624309 0 0)
(0.624314 0 0)
(0.62432 0 0)
(0.624325 0 0)
(0.62433 0 0)
(0.624335 0 0)
(0.624341 0 0)
(0.624346 0 0)
(0.62435 0 0)
(0.624355 0 0)
(0.62436 0 0)
(0.624365 0 0)
(0.624369 0 0)
(0.624374 0 0)
(0.624378 0 0)
(0.624383 0 0)
(0.624387 0 0)
(0.624391 0 0)
(0.624396 0 0)
(0.624399 0 0)
(0.6244 0 0)
(0.624399 0 0)
(0.624401 0 0)
(0.624418 0 0)
(0.624472 0 0)
(0.624568 0 0)
(0.624625 0 0)
(0.624626 0 0)
(0.624628 0 0)
(0.624629 0 0)
(0.624631 0 0)
(0.624632 0 0)
(0.624634 0 0)
(0.624636 0 0)
(0.624637 0 0)
(0.624639 0 0)
(0.62464 0 0)
(0.624642 0 0)
(0.624643 0 0)
(0.624644 0 0)
(0.624646 0 0)
(0.624647 0 0)
(0.624649 0 0)
(0.62465 0 0)
(0.624651 0 0)
(0.624653 0 0)
(0.624654 0 0)
(0.624656 0 0)
(0.624657 0 0)
(0.624658 0 0)
(0.624659 0 0)
(0.624661 0 0)
(0.624662 0 0)
(0.624663 0 0)
(0.624665 0 0)
(0.624666 0 0)
(0.624667 0 0)
(0.624668 0 0)
(0.62467 0 0)
(0.624671 0 0)
(0.624672 0 0)
(0.624673 0 0)
(0.624674 0 0)
(0.624676 0 0)
(0.624677 0 0)
(0.624678 0 0)
(0.624679 0 0)
(0.62468 0 0)
(0.624681 0 0)
(0.624682 0 0)
(0.624684 0 0)
(0.624685 0 0)
(0.624686 0 0)
(0.624687 0 0)
(0.624688 0 0)
(0.624689 0 0)
(0.62469 0 0)
(0.624691 0 0)
(0.624692 0 0)
(0.624693 0 0)
(0.624694 0 0)
(0.624695 0 0)
(0.624696 0 0)
(0.624697 0 0)
(0.624698 0 0)
(0.624699 0 0)
(0.6247 0 0)
(0.624701 0 0)
(0.624702 0 0)
(0.624703 0 0)
(0.624704 0 0)
(0.624705 0 0)
(0.624706 0 0)
(0.624707 0 0)
(0.624708 0 0)
(0.624709 0 0)
(0.62471 0 0)
(0.624711 0 0)
(0.624712 0 0)
(0.624713 0 0)
(0.624714 0 0)
(0.624714 0 0)
(0.624715 0 0)
(0.624716 0 0)
(0.624717 0 0)
(0.624718 0 0)
(0.624719 0 0)
(0.62472 0 0)
(0.624721 0 0)
(0.624721 0 0)
(0.624722 0 0)
(0.624723 0 0)
(0.624724 0 0)
(0.624725 0 0)
(0.624726 0 0)
(0.624726 0 0)
(0.624727 0 0)
(0.624728 0 0)
(0.624729 0 0)
(0.62473 0 0)
(0.62473 0 0)
(0.624731 0 0)
(0.624732 0 0)
(0.624733 0 0)
(0.624734 0 0)
(0.624734 0 0)
(0.624735 0 0)
(0.624736 0 0)
(0.624737 0 0)
(0.624737 0 0)
(0.624738 0 0)
(0.624739 0 0)
(0.62474 0 0)
(0.62474 0 0)
(0.624741 0 0)
(0.624742 0 0)
(0.624742 0 0)
(0.624743 0 0)
(0.624744 0 0)
(0.624745 0 0)
(0.624745 0 0)
(0.624746 0 0)
(0.624747 0 0)
(0.624747 0 0)
(0.624748 0 0)
(0.624749 0 0)
(0.624749 0 0)
(0.62475 0 0)
(0.624751 0 0)
(0.624751 0 0)
(0.624752 0 0)
(0.624753 0 0)
(0.624753 0 0)
(0.624754 0 0)
(0.624755 0 0)
(0.624755 0 0)
(0.624756 0 0)
(0.624757 0 0)
(0.624757 0 0)
(0.624758 0 0)
(0.624759 0 0)
(0.624759 0 0)
(0.62476 0 0)
(0.624761 0 0)
(0.624761 0 0)
(0.624762 0 0)
(0.624762 0 0)
(0.624763 0 0)
(0.624764 0 0)
(0.624764 0 0)
(0.624765 0 0)
(0.624765 0 0)
(0.624766 0 0)
(0.624767 0 0)
(0.624767 0 0)
(0.624768 0 0)
(0.624768 0 0)
(0.624769 0 0)
(0.62477 0 0)
(0.62477 0 0)
(0.624771 0 0)
(0.624771 0 0)
(0.624772 0 0)
(0.624772 0 0)
(0.624773 0 0)
(0.624773 0 0)
(0.624774 0 0)
(0.624775 0 0)
(0.624775 0 0)
(0.624776 0 0)
(0.624776 0 0)
(0.624777 0 0)
(0.624777 0 0)
(0.624778 0 0)
(0.624778 0 0)
(0.624779 0 0)
(0.624779 0 0)
(0.62478 0 0)
(0.62478 0 0)
(0.624781 0 0)
(0.624782 0 0)
(0.624782 0 0)
(0.624783 0 0)
(0.624783 0 0)
(0.624784 0 0)
(0.624784 0 0)
(0.624785 0 0)
(0.624785 0 0)
(0.624786 0 0)
(0.624786 0 0)
(0.624787 0 0)
(0.624787 0 0)
(0.624788 0 0)
(0.624788 0 0)
(0.624789 0 0)
(0.624789 0 0)
(0.62479 0 0)
(0.62479 0 0)
(0.62479 0 0)
(0.624791 0 0)
(0.624791 0 0)
(0.624792 0 0)
(0.624792 0 0)
(0.624793 0 0)
(0.624793 0 0)
(0.624794 0 0)
(0.624794 0 0)
(0.624795 0 0)
(0.624795 0 0)
(0.624796 0 0)
(0.624796 0 0)
(0.624797 0 0)
(0.624797 0 0)
(0.624797 0 0)
(0.624798 0 0)
(0.624798 0 0)
(0.624799 0 0)
(0.624799 0 0)
(0.6248 0 0)
(0.6248 0 0)
(0.624801 0 0)
(0.624801 0 0)
(0.624801 0 0)
(0.624802 0 0)
(0.624802 0 0)
(0.624803 0 0)
(0.624803 0 0)
(0.624804 0 0)
(0.624804 0 0)
(0.624804 0 0)
(0.624805 0 0)
(0.624805 0 0)
(0.624806 0 0)
(0.624806 0 0)
(0.624806 0 0)
(0.624807 0 0)
(0.624807 0 0)
(0.624808 0 0)
(0.624808 0 0)
(0.624809 0 0)
(0.624809 0 0)
(0.624809 0 0)
(0.62481 0 0)
(0.62481 0 0)
(0.624811 0 0)
(0.624811 0 0)
(0.624811 0 0)
(0.624812 0 0)
(0.624812 0 0)
(0.624812 0 0)
(0.624813 0 0)
(0.624813 0 0)
(0.624814 0 0)
(0.624814 0 0)
(0.624814 0 0)
(0.624815 0 0)
(0.624815 0 0)
(0.624816 0 0)
(0.624816 0 0)
(0.624816 0 0)
(0.624817 0 0)
(0.624817 0 0)
(0.624817 0 0)
(0.624818 0 0)
(0.624818 0 0)
(0.624818 0 0)
(0.624819 0 0)
(0.624819 0 0)
(0.62482 0 0)
(0.62482 0 0)
(0.62482 0 0)
(0.624821 0 0)
(0.624821 0 0)
(0.624821 0 0)
(0.624822 0 0)
(0.624822 0 0)
(0.624822 0 0)
(0.624823 0 0)
(0.624823 0 0)
(0.624823 0 0)
(0.624824 0 0)
(0.624824 0 0)
(0.624825 0 0)
(0.624825 0 0)
(0.624825 0 0)
(0.624826 0 0)
(0.624826 0 0)
(0.624826 0 0)
(0.624827 0 0)
(0.624827 0 0)
(0.624827 0 0)
(0.624828 0 0)
(0.624828 0 0)
(0.624828 0 0)
(0.624829 0 0)
(0.624829 0 0)
(0.624829 0 0)
(0.62483 0 0)
(0.62483 0 0)
(0.62483 0 0)
(0.624831 0 0)
(0.624831 0 0)
(0.624831 0 0)
(0.624832 0 0)
(0.624832 0 0)
(0.624832 0 0)
(0.624832 0 0)
(0.624833 0 0)
(0.624833 0 0)
(0.624833 0 0)
(0.624834 0 0)
(0.624834 0 0)
(0.624834 0 0)
(0.624835 0 0)
(0.624835 0 0)
(0.624835 0 0)
(0.624836 0 0)
(0.624836 0 0)
(0.624836 0 0)
(0.624836 0 0)
(0.624837 0 0)
(0.624837 0 0)
(0.624837 0 0)
(0.624838 0 0)
(0.624838 0 0)
(0.624838 0 0)
(0.624839 0 0)
(0.624839 0 0)
(0.624839 0 0)
(0.624839 0 0)
(0.62484 0 0)
(0.62484 0 0)
(0.62484 0 0)
(0.624841 0 0)
(0.624841 0 0)
(0.624841 0 0)
(0.624842 0 0)
(0.624842 0 0)
(0.624842 0 0)
(0.624842 0 0)
(0.624843 0 0)
(0.624843 0 0)
(0.624843 0 0)
(0.624844 0 0)
(0.624844 0 0)
(0.624844 0 0)
(0.624844 0 0)
(0.624845 0 0)
(0.624845 0 0)
(0.624845 0 0)
(0.624845 0 0)
(0.624846 0 0)
(0.624849 0 0)
(0.624853 0 0)
(0.624847 0 0)
(0.624818 0 0)
(0.624796 0 0)
(0.624796 0 0)
(0.624797 0 0)
(0.624797 0 0)
(0.624798 0 0)
(0.624798 0 0)
(0.624798 0 0)
(0.624799 0 0)
(0.624799 0 0)
(0.6248 0 0)
(0.6248 0 0)
(0.624801 0 0)
(0.624801 0 0)
(0.624801 0 0)
(0.624802 0 0)
(0.624802 0 0)
(0.624803 0 0)
(0.624803 0 0)
(0.624804 0 0)
(0.624804 0 0)
(0.624804 0 0)
(0.624805 0 0)
(0.624805 0 0)
(0.624806 0 0)
(0.624806 0 0)
(0.624806 0 0)
(0.624807 0 0)
(0.624807 0 0)
(0.624808 0 0)
(0.624808 0 0)
(0.624808 0 0)
(0.624809 0 0)
(0.624809 0 0)
(0.62481 0 0)
(0.62481 0 0)
(0.62481 0 0)
(0.624811 0 0)
(0.624811 0 0)
(0.624812 0 0)
(0.624812 0 0)
(0.624812 0 0)
(0.624813 0 0)
(0.624813 0 0)
(0.624813 0 0)
(0.624814 0 0)
(0.624814 0 0)
(0.624815 0 0)
(0.624815 0 0)
(0.624815 0 0)
(0.624816 0 0)
(0.624816 0 0)
(0.624816 0 0)
(0.624817 0 0)
(0.624817 0 0)
(0.624817 0 0)
(0.624818 0 0)
(0.624818 0 0)
(0.624819 0 0)
(0.624819 0 0)
(0.624819 0 0)
(0.62482 0 0)
(0.62482 0 0)
(0.62482 0 0)
(0.624821 0 0)
(0.624821 0 0)
(0.624821 0 0)
(0.624822 0 0)
(0.624822 0 0)
(0.624822 0 0)
(0.624823 0 0)
(0.624823 0 0)
(0.624823 0 0)
(0.624824 0 0)
(0.624824 0 0)
(0.624824 0 0)
(0.624825 0 0)
(0.624825 0 0)
(0.624825 0 0)
(0.624826 0 0)
(0.624826 0 0)
(0.624826 0 0)
(0.624827 0 0)
(0.624827 0 0)
(0.624827 0 0)
(0.624828 0 0)
(0.624828 0 0)
(0.624828 0 0)
(0.624829 0 0)
(0.624829 0 0)
(0.624829 0 0)
(0.62483 0 0)
(0.62483 0 0)
(0.62483 0 0)
(0.624831 0 0)
(0.624831 0 0)
(0.624831 0 0)
(0.624832 0 0)
(0.624832 0 0)
(0.624832 0 0)
(0.624833 0 0)
(0.624833 0 0)
(0.624833 0 0)
(0.624834 0 0)
(0.624834 0 0)
(0.624834 0 0)
(0.624834 0 0)
(0.624835 0 0)
(0.624835 0 0)
(0.624835 0 0)
(0.624836 0 0)
(0.624836 0 0)
(0.624836 0 0)
(0.624837 0 0)
(0.624837 0 0)
(0.624837 0 0)
(0.624838 0 0)
(0.624838 0 0)
(0.624838 0 0)
(0.624838 0 0)
(0.624839 0 0)
(0.624839 0 0)
(0.624839 0 0)
(0.62484 0 0)
(0.62484 0 0)
(0.62484 0 0)
(0.62484 0 0)
(0.624841 0 0)
(0.624841 0 0)
(0.624841 0 0)
(0.624842 0 0)
(0.624842 0 0)
(0.624842 0 0)
(0.624842 0 0)
(0.624843 0 0)
(0.624843 0 0)
(0.624843 0 0)
(0.624844 0 0)
(0.624844 0 0)
(0.624844 0 0)
(0.624844 0 0)
(0.624845 0 0)
(0.624845 0 0)
(0.624845 0 0)
(0.624846 0 0)
(0.624846 0 0)
(0.624846 0 0)
(0.624846 0 0)
(0.624847 0 0)
(0.624847 0 0)
(0.624847 0 0)
(0.624847 0 0)
(0.624848 0 0)
(0.624848 0 0)
(0.624848 0 0)
(0.624848 0 0)
(0.624849 0 0)
(0.624849 0 0)
(0.624849 0 0)
(0.62485 0 0)
(0.62485 0 0)
(0.62485 0 0)
(0.62485 0 0)
(0.624851 0 0)
(0.624851 0 0)
(0.624851 0 0)
(0.624851 0 0)
(0.624852 0 0)
(0.624852 0 0)
(0.624852 0 0)
(0.624852 0 0)
(0.624852 0 0)
(0.624853 0 0)
(0.624855 0 0)
(0.624857 0 0)
(0.624853 0 0)
(0.624836 0 0)
(0.624815 0 0)
(0.624851 0 0)
(0.625039 0 0)
(0.625284 0 0)
(0.625091 0 0)
(0.624951 0 0)
(0.624965 0 0)
(0.624968 0 0)
(0.624969 0 0)
(0.624978 0 0)
(0.624995 0 0)
(0.625009 0 0)
(0.625013 0 0)
(0.625014 0 0)
(0.625021 0 0)
(0.625035 0 0)
(0.625047 0 0)
(0.625052 0 0)
(0.625062 0 0)
(0.62507 0 0)
(0.625079 0 0)
(0.625092 0 0)
(0.625097 0 0)
(0.625106 0 0)
(0.625112 0 0)
(0.625117 0 0)
(0.625129 0 0)
(0.625141 0 0)
(0.625152 0 0)
(0.625161 0 0)
(0.625167 0 0)
(0.625174 0 0)
(0.625186 0 0)
(0.625198 0 0)
(0.625207 0 0)
(0.625214 0 0)
(0.62522 0 0)
(0.625229 0 0)
(0.625236 0 0)
(0.625244 0 0)
(0.625258 0 0)
(0.625269 0 0)
(0.625273 0 0)
(0.625284 0 0)
(0.625301 0 0)
(0.625308 0 0)
(0.625314 0 0)
(0.625324 0 0)
(0.625332 0 0)
(0.625339 0 0)
(0.625351 0 0)
(0.625361 0 0)
(0.625369 0 0)
(0.625376 0 0)
(0.625389 0 0)
(0.625403 0 0)
(0.625414 0 0)
(0.625422 0 0)
(0.625429 0 0)
(0.625439 0 0)
(0.625447 0 0)
(0.625455 0 0)
(0.62547 0 0)
(0.625485 0 0)
(0.625497 0 0)
(0.625505 0 0)
(0.62551 0 0)
(0.625519 0 0)
(0.625527 0 0)
(0.625542 0 0)
(0.625557 0 0)
(0.62557 0 0)
(0.62558 0 0)
(0.625589 0 0)
(0.625603 0 0)
(0.625613 0 0)
(0.625622 0 0)
(0.625634 0 0)
(0.625644 0 0)
(0.625654 0 0)
(0.625673 0 0)
(0.625691 0 0)
(0.625707 0 0)
(0.625717 0 0)
(0.625721 0 0)
(0.625725 0 0)
(0.62573 0 0)
(0.625736 0 0)
(0.625756 0 0)
(0.625808 0 0)
(0.625878 0 0)
(0.625931 0 0)
(0.625902 0 0)
(0.625739 0 0)
(0.625457 0 0)
(0.625244 0 0)
(0.62546 0 0)
(0.626429 0 0)
(0.628059 0 0)
(0.629376 0 0)
(0.628527 0 0)
(0.623683 0 0)
(0.614988 0 0)
(0.607113 0 0)
(0.610869 0 0)
(0.62486 0 0)
(0.62486 0 0)
(0.62486 0 0)
(0.62486 0 0)
(0.62486 0 0)
(0.624861 0 0)
(0.624861 0 0)
(0.624861 0 0)
(0.624861 0 0)
(0.624862 0 0)
(0.624862 0 0)
(0.624862 0 0)
(0.624862 0 0)
(0.624863 0 0)
(0.624863 0 0)
(0.624863 0 0)
(0.624863 0 0)
(0.624863 0 0)
(0.624864 0 0)
(0.624864 0 0)
(0.624864 0 0)
(0.624864 0 0)
(0.624865 0 0)
(0.624865 0 0)
(0.624865 0 0)
(0.624865 0 0)
(0.624865 0 0)
(0.624866 0 0)
(0.624866 0 0)
(0.624866 0 0)
(0.624866 0 0)
(0.624867 0 0)
(0.624867 0 0)
(0.624867 0 0)
(0.624867 0 0)
(0.624867 0 0)
(0.624868 0 0)
(0.624868 0 0)
(0.624868 0 0)
(0.624868 0 0)
(0.624868 0 0)
(0.624869 0 0)
(0.624869 0 0)
(0.624869 0 0)
(0.624869 0 0)
(0.62487 0 0)
(0.62487 0 0)
(0.62487 0 0)
(0.62487 0 0)
(0.62487 0 0)
(0.624871 0 0)
(0.624871 0 0)
(0.624871 0 0)
(0.624871 0 0)
(0.624871 0 0)
(0.624872 0 0)
(0.624872 0 0)
(0.624872 0 0)
(0.624872 0 0)
(0.624872 0 0)
(0.624873 0 0)
(0.624873 0 0)
(0.624873 0 0)
(0.624873 0 0)
(0.624873 0 0)
(0.624874 0 0)
(0.624874 0 0)
(0.624874 0 0)
(0.624874 0 0)
(0.624874 0 0)
(0.624875 0 0)
(0.624875 0 0)
(0.624875 0 0)
(0.624875 0 0)
(0.624875 0 0)
(0.624876 0 0)
(0.624876 0 0)
(0.624876 0 0)
(0.624876 0 0)
(0.624876 0 0)
(0.624877 0 0)
(0.624877 0 0)
(0.624878 0 0)
(0.624876 0 0)
(0.62487 0 0)
(0.624865 0 0)
(0.624885 0 0)
(0.624957 0 0)
(0.625009 0 0)
(0.625009 0 0)
(0.625009 0 0)
(0.625009 0 0)
(0.625009 0 0)
(0.625009 0 0)
(0.625009 0 0)
(0.625009 0 0)
(0.625009 0 0)
(0.625009 0 0)
(0.625009 0 0)
(0.625009 0 0)
(0.625009 0 0)
(0.625009 0 0)
(0.625009 0 0)
(0.625009 0 0)
(0.625009 0 0)
(0.625009 0 0)
(0.625009 0 0)
(0.625009 0 0)
(0.625009 0 0)
(0.625009 0 0)
(0.625009 0 0)
(0.625009 0 0)
(0.625009 0 0)
(0.625009 0 0)
(0.625009 0 0)
(0.625009 0 0)
(0.625009 0 0)
(0.625009 0 0)
(0.625009 0 0)
(0.625009 0 0)
(0.625009 0 0)
(0.625009 0 0)
(0.625009 0 0)
(0.625009 0 0)
(0.625009 0 0)
(0.625009 0 0)
(0.625009 0 0)
(0.625009 0 0)
(0.625009 0 0)
(0.625009 0 0)
(0.625009 0 0)
(0.625009 0 0)
(0.625009 0 0)
(0.625009 0 0)
(0.625009 0 0)
(0.625009 0 0)
(0.625009 0 0)
(0.625009 0 0)
(0.625009 0 0)
(0.625009 0 0)
(0.625009 0 0)
(0.625009 0 0)
(0.625009 0 0)
(0.625009 0 0)
(0.625009 0 0)
(0.625009 0 0)
(0.625009 0 0)
(0.625009 0 0)
(0.625009 0 0)
(0.625009 0 0)
(0.625009 0 0)
(0.625009 0 0)
(0.625009 0 0)
(0.625009 0 0)
(0.625009 0 0)
(0.625009 0 0)
(0.625009 0 0)
(0.625009 0 0)
(0.625009 0 0)
(0.625009 0 0)
(0.625009 0 0)
(0.625009 0 0)
(0.625009 0 0)
(0.625009 0 0)
(0.625009 0 0)
(0.625009 0 0)
(0.625009 0 0)
(0.625009 0 0)
(0.625009 0 0)
(0.625009 0 0)
(0.625009 0 0)
(0.625009 0 0)
(0.625009 0 0)
(0.625009 0 0)
(0.625009 0 0)
(0.625009 0 0)
(0.625009 0 0)
(0.625009 0 0)
(0.625009 0 0)
(0.625009 0 0)
(0.625009 0 0)
(0.625009 0 0)
(0.625009 0 0)
(0.625009 0 0)
(0.625009 0 0)
(0.625009 0 0)
(0.625009 0 0)
(0.625009 0 0)
(0.625009 0 0)
(0.625009 0 0)
(0.625009 0 0)
(0.625009 0 0)
(0.625009 0 0)
(0.625009 0 0)
(0.625009 0 0)
(0.625009 0 0)
(0.625009 0 0)
(0.625009 0 0)
(0.625009 0 0)
(0.625009 0 0)
(0.625009 0 0)
(0.625009 0 0)
(0.625009 0 0)
(0.625009 0 0)
(0.625009 0 0)
(0.625009 0 0)
(0.625009 0 0)
(0.625009 0 0)
(0.625009 0 0)
(0.625009 0 0)
(0.625009 0 0)
(0.625009 0 0)
(0.625009 0 0)
(0.625009 0 0)
(0.625009 0 0)
(0.625009 0 0)
(0.625009 0 0)
(0.625009 0 0)
(0.625009 0 0)
(0.625009 0 0)
(0.625009 0 0)
(0.625009 0 0)
(0.625009 0 0)
(0.625009 0 0)
(0.625009 0 0)
(0.625009 0 0)
(0.625009 0 0)
(0.625008 0 0)
(0.625008 0 0)
(0.625008 0 0)
(0.625008 0 0)
(0.625008 0 0)
(0.625008 0 0)
(0.625008 0 0)
(0.625008 0 0)
(0.625008 0 0)
(0.625008 0 0)
(0.625008 0 0)
(0.625008 0 0)
(0.625008 0 0)
(0.625008 0 0)
(0.625008 0 0)
(0.625008 0 0)
(0.625008 0 0)
(0.625008 0 0)
(0.625008 0 0)
(0.625008 0 0)
(0.625008 0 0)
(0.625008 0 0)
(0.625008 0 0)
(0.625008 0 0)
(0.625008 0 0)
(0.625008 0 0)
(0.625008 0 0)
(0.625008 0 0)
(0.625008 0 0)
(0.625008 0 0)
(0.625008 0 0)
(0.625008 0 0)
(0.625008 0 0)
(0.625008 0 0)
(0.625008 0 0)
(0.625008 0 0)
(0.625008 0 0)
(0.625008 0 0)
(0.625008 0 0)
(0.625008 0 0)
(0.625008 0 0)
(0.625008 0 0)
(0.625008 0 0)
(0.625008 0 0)
(0.625008 0 0)
(0.625008 0 0)
(0.625008 0 0)
(0.625008 0 0)
(0.625008 0 0)
(0.625008 0 0)
(0.625008 0 0)
(0.625008 0 0)
(0.625008 0 0)
(0.625008 0 0)
(0.625008 0 0)
(0.625008 0 0)
(0.625008 0 0)
(0.625008 0 0)
(0.625008 0 0)
(0.625008 0 0)
(0.625008 0 0)
(0.625008 0 0)
(0.625008 0 0)
(0.625008 0 0)
(0.625008 0 0)
(0.625008 0 0)
(0.625008 0 0)
(0.625008 0 0)
(0.625008 0 0)
(0.625008 0 0)
(0.625008 0 0)
(0.625008 0 0)
(0.625008 0 0)
(0.625008 0 0)
(0.625008 0 0)
(0.625008 0 0)
(0.625008 0 0)
(0.625008 0 0)
(0.625008 0 0)
(0.625008 0 0)
(0.625008 0 0)
(0.625008 0 0)
(0.625008 0 0)
(0.625008 0 0)
(0.625008 0 0)
(0.625008 0 0)
(0.625008 0 0)
(0.625008 0 0)
(0.625008 0 0)
(0.625008 0 0)
(0.625008 0 0)
(0.625008 0 0)
(0.625008 0 0)
(0.625008 0 0)
(0.625008 0 0)
(0.625008 0 0)
(0.625008 0 0)
(0.625008 0 0)
(0.625008 0 0)
(0.625008 0 0)
(0.625008 0 0)
(0.625009 0 0)
(0.625014 0 0)
(0.625016 0 0)
(0.624997 0 0)
(0.624941 0 0)
(0.624907 0 0)
(0.625125 0 0)
(0.625812 0 0)
(0.626288 0 0)
(0.62381 0 0)
(0.615425 0 0)
(0.608775 0 0)
(0.637679 0 0)
(0.733523 0 0)
(0.819641 0 0)
(0.74186 0 0)
(0.620548 0 0)
(0.604641 0 0)
(0.604706 0 0)
(0.604707 0 0)
(0.604708 0 0)
(0.604709 0 0)
(0.604711 0 0)
(0.604712 0 0)
(0.604713 0 0)
(0.604715 0 0)
(0.604716 0 0)
(0.604717 0 0)
(0.604719 0 0)
(0.60472 0 0)
(0.604722 0 0)
(0.604723 0 0)
(0.604725 0 0)
(0.604726 0 0)
(0.604728 0 0)
(0.60473 0 0)
(0.604731 0 0)
(0.604733 0 0)
(0.604735 0 0)
(0.604737 0 0)
(0.604738 0 0)
(0.60474 0 0)
(0.604742 0 0)
(0.604743 0 0)
(0.604745 0 0)
(0.604747 0 0)
(0.604749 0 0)
(0.60475 0 0)
(0.604752 0 0)
(0.604754 0 0)
(0.604755 0 0)
(0.604757 0 0)
(0.604759 0 0)
(0.60476 0 0)
(0.604762 0 0)
(0.604763 0 0)
(0.604765 0 0)
(0.604766 0 0)
(0.604767 0 0)
(0.60477 0 0)
(0.604764 0 0)
(0.604694 0 0)
(0.604635 0 0)
(0.604638 0 0)
(0.604639 0 0)
(0.604639 0 0)
(0.60464 0 0)
(0.604641 0 0)
(0.604641 0 0)
(0.604642 0 0)
(0.604642 0 0)
(0.604642 0 0)
(0.604642 0 0)
(0.604642 0 0)
(0.604642 0 0)
(0.604642 0 0)
(0.604642 0 0)
(0.604641 0 0)
(0.60464 0 0)
(0.60464 0 0)
(0.604639 0 0)
(0.604637 0 0)
(0.604636 0 0)
(0.604635 0 0)
(0.604633 0 0)
(0.604631 0 0)
(0.604629 0 0)
(0.604627 0 0)
(0.604625 0 0)
(0.604622 0 0)
(0.60462 0 0)
(0.604617 0 0)
(0.604614 0 0)
(0.60461 0 0)
(0.604607 0 0)
(0.604603 0 0)
(0.6046 0 0)
(0.604596 0 0)
(0.604591 0 0)
(0.604587 0 0)
(0.604582 0 0)
(0.604578 0 0)
(0.604573 0 0)
(0.604567 0 0)
(0.604562 0 0)
(0.604556 0 0)
(0.60455 0 0)
(0.604544 0 0)
(0.604538 0 0)
(0.604531 0 0)
(0.604525 0 0)
(0.604518 0 0)
(0.604511 0 0)
(0.604503 0 0)
(0.604496 0 0)
(0.604488 0 0)
(0.60448 0 0)
(0.604471 0 0)
(0.604463 0 0)
(0.604454 0 0)
(0.604445 0 0)
(0.604436 0 0)
(0.604426 0 0)
(0.604417 0 0)
(0.604407 0 0)
(0.604396 0 0)
(0.604386 0 0)
(0.604375 0 0)
(0.604364 0 0)
(0.604353 0 0)
(0.604342 0 0)
(0.60433 0 0)
(0.604318 0 0)
(0.604306 0 0)
(0.604293 0 0)
(0.604281 0 0)
(0.604268 0 0)
(0.604255 0 0)
(0.604241 0 0)
(0.604228 0 0)
(0.604214 0 0)
(0.6042 0 0)
(0.604185 0 0)
(0.604171 0 0)
(0.604156 0 0)
(0.604141 0 0)
(0.604125 0 0)
(0.60411 0 0)
(0.604094 0 0)
(0.604078 0 0)
(0.604061 0 0)
(0.604045 0 0)
(0.604028 0 0)
(0.604011 0 0)
(0.603994 0 0)
(0.603976 0 0)
(0.603959 0 0)
(0.603941 0 0)
(0.603923 0 0)
(0.603905 0 0)
(0.603886 0 0)
(0.603868 0 0)
(0.603849 0 0)
(0.60383 0 0)
(0.603811 0 0)
(0.603792 0 0)
(0.603772 0 0)
(0.603753 0 0)
(0.603733 0 0)
(0.603714 0 0)
(0.603694 0 0)
(0.603674 0 0)
(0.603654 0 0)
(0.603633 0 0)
(0.603613 0 0)
(0.603593 0 0)
(0.603572 0 0)
(0.603552 0 0)
(0.603531 0 0)
(0.603511 0 0)
(0.60349 0 0)
(0.60347 0 0)
(0.603449 0 0)
(0.603428 0 0)
(0.603408 0 0)
(0.603387 0 0)
(0.603367 0 0)
(0.603346 0 0)
(0.603326 0 0)
(0.603305 0 0)
(0.603285 0 0)
(0.603265 0 0)
(0.603244 0 0)
(0.603224 0 0)
(0.603204 0 0)
(0.603184 0 0)
(0.603164 0 0)
(0.603144 0 0)
(0.603125 0 0)
(0.603105 0 0)
(0.603086 0 0)
(0.603066 0 0)
(0.603047 0 0)
(0.603028 0 0)
(0.603009 0 0)
(0.60299 0 0)
(0.602972 0 0)
(0.602953 0 0)
(0.602935 0 0)
(0.602917 0 0)
(0.602899 0 0)
(0.602881 0 0)
(0.602864 0 0)
(0.602846 0 0)
(0.602829 0 0)
(0.602812 0 0)
(0.602795 0 0)
(0.602778 0 0)
(0.602761 0 0)
(0.602745 0 0)
(0.602729 0 0)
(0.602713 0 0)
(0.602697 0 0)
(0.602681 0 0)
(0.602666 0 0)
(0.60265 0 0)
(0.602635 0 0)
(0.60262 0 0)
(0.602605 0 0)
(0.60259 0 0)
(0.602576 0 0)
(0.602561 0 0)
(0.602547 0 0)
(0.602533 0 0)
(0.602519 0 0)
(0.602505 0 0)
(0.602491 0 0)
(0.602478 0 0)
(0.602464 0 0)
(0.602451 0 0)
(0.602438 0 0)
(0.602425 0 0)
(0.602412 0 0)
(0.6024 0 0)
(0.602387 0 0)
(0.602375 0 0)
(0.602362 0 0)
(0.60235 0 0)
(0.602338 0 0)
(0.602326 0 0)
(0.602314 0 0)
(0.602302 0 0)
(0.602291 0 0)
(0.602279 0 0)
(0.602268 0 0)
(0.602257 0 0)
(0.602245 0 0)
(0.602234 0 0)
(0.602223 0 0)
(0.602213 0 0)
(0.602202 0 0)
(0.602191 0 0)
(0.60218 0 0)
(0.60217 0 0)
(0.60216 0 0)
(0.602149 0 0)
(0.602139 0 0)
(0.602129 0 0)
(0.602119 0 0)
(0.602109 0 0)
(0.602099 0 0)
(0.602089 0 0)
(0.602079 0 0)
(0.60207 0 0)
(0.60206 0 0)
(0.602051 0 0)
(0.602041 0 0)
(0.602032 0 0)
(0.602023 0 0)
(0.602013 0 0)
(0.602004 0 0)
(0.601995 0 0)
(0.601986 0 0)
(0.601977 0 0)
(0.601968 0 0)
(0.601959 0 0)
(0.601951 0 0)
(0.601942 0 0)
(0.601933 0 0)
(0.601925 0 0)
(0.601916 0 0)
(0.601907 0 0)
(0.601899 0 0)
(0.60189 0 0)
(0.601882 0 0)
(0.601874 0 0)
(0.601865 0 0)
(0.601857 0 0)
(0.601848 0 0)
(0.60184 0 0)
(0.601832 0 0)
(0.601824 0 0)
(0.601815 0 0)
(0.601807 0 0)
(0.601799 0 0)
(0.601791 0 0)
(0.601783 0 0)
(0.601775 0 0)
(0.601766 0 0)
(0.601758 0 0)
(0.60175 0 0)
(0.601742 0 0)
(0.601734 0 0)
(0.601726 0 0)
(0.601718 0 0)
(0.601709 0 0)
(0.601701 0 0)
(0.601693 0 0)
(0.601685 0 0)
(0.601677 0 0)
(0.601669 0 0)
(0.60166 0 0)
(0.601652 0 0)
(0.601644 0 0)
(0.601636 0 0)
(0.601628 0 0)
(0.601619 0 0)
(0.601611 0 0)
(0.601603 0 0)
(0.601595 0 0)
(0.601586 0 0)
(0.601578 0 0)
(0.60157 0 0)
(0.601562 0 0)
(0.601553 0 0)
(0.601545 0 0)
(0.601537 0 0)
(0.601529 0 0)
(0.60152 0 0)
(0.601512 0 0)
(0.601504 0 0)
(0.601496 0 0)
(0.601487 0 0)
(0.601479 0 0)
(0.601471 0 0)
(0.601462 0 0)
(0.601454 0 0)
(0.601446 0 0)
(0.601438 0 0)
(0.601429 0 0)
(0.601421 0 0)
(0.601413 0 0)
(0.601405 0 0)
(0.601397 0 0)
(0.601388 0 0)
(0.60138 0 0)
(0.601372 0 0)
(0.601364 0 0)
(0.601356 0 0)
(0.601348 0 0)
(0.601339 0 0)
(0.601331 0 0)
(0.601323 0 0)
(0.601315 0 0)
(0.601307 0 0)
(0.601299 0 0)
(0.601291 0 0)
(0.601283 0 0)
(0.601275 0 0)
(0.601267 0 0)
(0.601259 0 0)
(0.60125 0 0)
(0.601242 0 0)
(0.601234 0 0)
(0.601226 0 0)
(0.601218 0 0)
(0.60121 0 0)
(0.601202 0 0)
(0.601194 0 0)
(0.601186 0 0)
(0.601178 0 0)
(0.60117 0 0)
(0.601162 0 0)
(0.601154 0 0)
(0.601146 0 0)
(0.601138 0 0)
(0.60113 0 0)
(0.601122 0 0)
(0.601114 0 0)
(0.601106 0 0)
(0.601097 0 0)
(0.601089 0 0)
(0.601081 0 0)
(0.601073 0 0)
(0.601065 0 0)
(0.601057 0 0)
(0.601048 0 0)
(0.60104 0 0)
(0.601032 0 0)
(0.601024 0 0)
(0.601016 0 0)
(0.601007 0 0)
(0.600999 0 0)
(0.600991 0 0)
(0.600983 0 0)
(0.600974 0 0)
(0.600966 0 0)
(0.600958 0 0)
(0.600949 0 0)
(0.600941 0 0)
(0.600933 0 0)
(0.600924 0 0)
(0.600916 0 0)
(0.600908 0 0)
(0.600899 0 0)
(0.600891 0 0)
(0.600883 0 0)
(0.600874 0 0)
(0.600866 0 0)
(0.600858 0 0)
(0.600849 0 0)
(0.600841 0 0)
(0.600832 0 0)
(0.600824 0 0)
(0.600816 0 0)
(0.600807 0 0)
(0.600799 0 0)
(0.600791 0 0)
(0.600782 0 0)
(0.600774 0 0)
(0.600766 0 0)
(0.600757 0 0)
(0.600749 0 0)
(0.600741 0 0)
(0.600732 0 0)
(0.600724 0 0)
(0.600716 0 0)
(0.600707 0 0)
(0.600699 0 0)
(0.600691 0 0)
(0.600683 0 0)
(0.600674 0 0)
(0.600666 0 0)
(0.600658 0 0)
(0.600649 0 0)
(0.600641 0 0)
(0.600633 0 0)
(0.600624 0 0)
(0.600616 0 0)
(0.600608 0 0)
(0.6006 0 0)
(0.600591 0 0)
(0.600583 0 0)
(0.600575 0 0)
(0.600566 0 0)
(0.600558 0 0)
(0.60055 0 0)
(0.600541 0 0)
(0.600533 0 0)
(0.600525 0 0)
(0.600516 0 0)
(0.600508 0 0)
(0.600499 0 0)
(0.600491 0 0)
(0.600482 0 0)
(0.600474 0 0)
(0.600465 0 0)
(0.600457 0 0)
(0.600448 0 0)
(0.60044 0 0)
(0.600431 0 0)
(0.600423 0 0)
(0.600414 0 0)
(0.600406 0 0)
(0.600397 0 0)
(0.600388 0 0)
(0.60038 0 0)
(0.600371 0 0)
(0.600362 0 0)
(0.600353 0 0)
(0.600345 0 0)
(0.600336 0 0)
(0.600327 0 0)
(0.600318 0 0)
(0.600309 0 0)
(0.600301 0 0)
(0.600292 0 0)
(0.600283 0 0)
(0.600274 0 0)
(0.600265 0 0)
(0.600256 0 0)
(0.600247 0 0)
(0.600238 0 0)
(0.600229 0 0)
(0.60022 0 0)
(0.600211 0 0)
(0.600202 0 0)
(0.600193 0 0)
(0.600184 0 0)
(0.600175 0 0)
(0.600166 0 0)
(0.600157 0 0)
(0.600148 0 0)
(0.600139 0 0)
(0.60013 0 0)
(0.60012 0 0)
(0.600111 0 0)
(0.600102 0 0)
(0.600093 0 0)
(0.600084 0 0)
(0.600075 0 0)
(0.600065 0 0)
(0.600056 0 0)
(0.600047 0 0)
(0.600038 0 0)
(0.600029 0 0)
(0.600019 0 0)
(0.60001 0 0)
(0.600001 0 0)
(0.599992 0 0)
(0.599982 0 0)
(0.599973 0 0)
(0.599964 0 0)
(0.599955 0 0)
(0.599945 0 0)
(0.599936 0 0)
(0.599927 0 0)
(0.599917 0 0)
(0.599908 0 0)
(0.599899 0 0)
(0.599889 0 0)
(0.59988 0 0)
(0.59987 0 0)
(0.599861 0 0)
(0.599851 0 0)
(0.599842 0 0)
(0.599833 0 0)
(0.599823 0 0)
(0.599814 0 0)
(0.599804 0 0)
(0.599795 0 0)
(0.599785 0 0)
(0.599775 0 0)
(0.599766 0 0)
(0.599756 0 0)
(0.599747 0 0)
(0.599737 0 0)
(0.599727 0 0)
(0.599718 0 0)
(0.599708 0 0)
(0.599699 0 0)
(0.599689 0 0)
(0.599679 0 0)
(0.59967 0 0)
(0.59966 0 0)
(0.59965 0 0)
(0.599641 0 0)
(0.599631 0 0)
(0.599621 0 0)
(0.599612 0 0)
(0.599602 0 0)
(0.599592 0 0)
(0.599583 0 0)
(0.599573 0 0)
(0.599563 0 0)
(0.599554 0 0)
(0.599544 0 0)
(0.599534 0 0)
(0.599525 0 0)
(0.599515 0 0)
(0.599505 0 0)
(0.599496 0 0)
(0.599486 0 0)
(0.599477 0 0)
(0.599467 0 0)
(0.599458 0 0)
(0.599448 0 0)
(0.599438 0 0)
(0.599429 0 0)
(0.59942 0 0)
(0.59941 0 0)
(0.599401 0 0)
(0.599391 0 0)
(0.599382 0 0)
(0.599372 0 0)
(0.599363 0 0)
(0.599354 0 0)
(0.599344 0 0)
(0.599335 0 0)
(0.599326 0 0)
(0.599317 0 0)
(0.599307 0 0)
(0.599298 0 0)
(0.599289 0 0)
(0.59928 0 0)
(0.599271 0 0)
(0.599262 0 0)
(0.599252 0 0)
(0.599243 0 0)
(0.599234 0 0)
(0.599225 0 0)
(0.599216 0 0)
(0.599207 0 0)
(0.599198 0 0)
(0.599189 0 0)
(0.59918 0 0)
(0.599172 0 0)
(0.599163 0 0)
(0.599154 0 0)
(0.599145 0 0)
(0.599136 0 0)
(0.599127 0 0)
(0.599119 0 0)
(0.59911 0 0)
(0.599101 0 0)
(0.599092 0 0)
(0.599083 0 0)
(0.599075 0 0)
(0.599066 0 0)
(0.599057 0 0)
(0.599049 0 0)
(0.59904 0 0)
(0.599031 0 0)
(0.599023 0 0)
(0.599014 0 0)
(0.599006 0 0)
(0.598997 0 0)
(0.598989 0 0)
(0.59898 0 0)
(0.598972 0 0)
(0.598963 0 0)
(0.598955 0 0)
(0.598946 0 0)
(0.598938 0 0)
(0.598929 0 0)
(0.598921 0 0)
(0.598913 0 0)
(0.598904 0 0)
(0.598896 0 0)
(0.598888 0 0)
(0.598879 0 0)
(0.598871 0 0)
(0.598863 0 0)
(0.598855 0 0)
(0.598846 0 0)
(0.598838 0 0)
(0.59883 0 0)
(0.598822 0 0)
(0.598814 0 0)
(0.598806 0 0)
(0.598798 0 0)
(0.59879 0 0)
(0.598782 0 0)
(0.598774 0 0)
(0.598766 0 0)
(0.598758 0 0)
(0.59875 0 0)
(0.598742 0 0)
(0.598734 0 0)
(0.598726 0 0)
(0.598718 0 0)
(0.59871 0 0)
(0.598702 0 0)
(0.598695 0 0)
(0.598687 0 0)
(0.598679 0 0)
(0.598671 0 0)
(0.598663 0 0)
(0.598656 0 0)
(0.598648 0 0)
(0.59864 0 0)
(0.598633 0 0)
(0.598625 0 0)
(0.598617 0 0)
(0.59861 0 0)
(0.598602 0 0)
(0.598594 0 0)
(0.598587 0 0)
(0.598579 0 0)
(0.598571 0 0)
(0.598564 0 0)
(0.598556 0 0)
(0.598549 0 0)
(0.598541 0 0)
(0.598533 0 0)
(0.598526 0 0)
(0.598518 0 0)
(0.598511 0 0)
(0.598503 0 0)
(0.598496 0 0)
(0.598488 0 0)
(0.598481 0 0)
(0.598473 0 0)
(0.598466 0 0)
(0.598458 0 0)
(0.598451 0 0)
(0.598443 0 0)
(0.598436 0 0)
(0.598428 0 0)
(0.598421 0 0)
(0.598413 0 0)
(0.598406 0 0)
(0.598398 0 0)
(0.598391 0 0)
(0.598383 0 0)
(0.598376 0 0)
(0.598368 0 0)
(0.598361 0 0)
(0.598353 0 0)
(0.598346 0 0)
(0.598339 0 0)
(0.598331 0 0)
(0.598324 0 0)
(0.598316 0 0)
(0.598309 0 0)
(0.598302 0 0)
(0.598294 0 0)
(0.598287 0 0)
(0.59828 0 0)
(0.598272 0 0)
(0.598265 0 0)
(0.598258 0 0)
(0.59825 0 0)
(0.598243 0 0)
(0.598236 0 0)
(0.598229 0 0)
(0.598221 0 0)
(0.598214 0 0)
(0.598207 0 0)
(0.5982 0 0)
(0.598192 0 0)
(0.598185 0 0)
(0.598178 0 0)
(0.598171 0 0)
(0.598163 0 0)
(0.598156 0 0)
(0.598149 0 0)
(0.598142 0 0)
(0.598135 0 0)
(0.598128 0 0)
(0.598121 0 0)
(0.598113 0 0)
(0.598106 0 0)
(0.598099 0 0)
(0.598092 0 0)
(0.598085 0 0)
(0.598078 0 0)
(0.598071 0 0)
(0.598064 0 0)
(0.598057 0 0)
(0.598049 0 0)
(0.598042 0 0)
(0.598035 0 0)
(0.598028 0 0)
(0.598021 0 0)
(0.598014 0 0)
(0.598007 0 0)
(0.598 0 0)
(0.597993 0 0)
(0.597986 0 0)
(0.597979 0 0)
(0.597972 0 0)
(0.597965 0 0)
(0.597958 0 0)
(0.597951 0 0)
(0.597944 0 0)
(0.597937 0 0)
(0.59793 0 0)
(0.597923 0 0)
(0.597916 0 0)
(0.597909 0 0)
(0.597902 0 0)
(0.597895 0 0)
(0.597888 0 0)
(0.597881 0 0)
(0.597874 0 0)
(0.597867 0 0)
(0.59786 0 0)
(0.597853 0 0)
(0.597847 0 0)
(0.59784 0 0)
(0.597833 0 0)
(0.597826 0 0)
(0.597819 0 0)
(0.597812 0 0)
(0.597805 0 0)
(0.597799 0 0)
(0.597792 0 0)
(0.597785 0 0)
(0.597778 0 0)
(0.597771 0 0)
(0.597765 0 0)
(0.597758 0 0)
(0.597751 0 0)
(0.597744 0 0)
(0.597738 0 0)
(0.597731 0 0)
(0.597724 0 0)
(0.597718 0 0)
(0.597711 0 0)
(0.597704 0 0)
(0.597698 0 0)
(0.597691 0 0)
(0.597684 0 0)
(0.597678 0 0)
(0.597671 0 0)
(0.597665 0 0)
(0.597658 0 0)
(0.597652 0 0)
(0.597645 0 0)
(0.597638 0 0)
(0.597632 0 0)
(0.597625 0 0)
(0.597619 0 0)
(0.597612 0 0)
(0.597606 0 0)
(0.5976 0 0)
(0.597593 0 0)
(0.597587 0 0)
(0.59758 0 0)
(0.597574 0 0)
(0.597567 0 0)
(0.597561 0 0)
(0.597554 0 0)
(0.597548 0 0)
(0.597542 0 0)
(0.597535 0 0)
(0.597529 0 0)
(0.597523 0 0)
(0.597516 0 0)
(0.59751 0 0)
(0.597504 0 0)
(0.597497 0 0)
(0.597491 0 0)
(0.597485 0 0)
(0.597478 0 0)
(0.597472 0 0)
(0.597466 0 0)
(0.597459 0 0)
(0.597453 0 0)
(0.597447 0 0)
(0.597441 0 0)
(0.597434 0 0)
(0.597428 0 0)
(0.597422 0 0)
(0.597416 0 0)
(0.597409 0 0)
(0.597403 0 0)
(0.597397 0 0)
(0.597391 0 0)
(0.597385 0 0)
(0.597378 0 0)
(0.597372 0 0)
(0.597366 0 0)
(0.59736 0 0)
(0.597354 0 0)
(0.597348 0 0)
(0.597342 0 0)
(0.597335 0 0)
(0.597329 0 0)
(0.597323 0 0)
(0.597317 0 0)
(0.597311 0 0)
(0.597305 0 0)
(0.597299 0 0)
(0.597293 0 0)
(0.597287 0 0)
(0.597281 0 0)
(0.597275 0 0)
(0.597269 0 0)
(0.597263 0 0)
(0.597257 0 0)
(0.597251 0 0)
(0.597245 0 0)
(0.597239 0 0)
(0.597233 0 0)
(0.597227 0 0)
(0.597221 0 0)
(0.597215 0 0)
(0.597209 0 0)
(0.597203 0 0)
(0.597197 0 0)
(0.597191 0 0)
(0.597185 0 0)
(0.597179 0 0)
(0.597173 0 0)
(0.597168 0 0)
(0.597162 0 0)
(0.597156 0 0)
(0.59715 0 0)
(0.597144 0 0)
(0.597138 0 0)
(0.597132 0 0)
(0.597126 0 0)
(0.59712 0 0)
(0.597114 0 0)
(0.597109 0 0)
(0.597103 0 0)
(0.597097 0 0)
(0.597091 0 0)
(0.597085 0 0)
(0.597079 0 0)
(0.597073 0 0)
(0.597068 0 0)
(0.597062 0 0)
(0.597056 0 0)
(0.59705 0 0)
(0.597044 0 0)
(0.597038 0 0)
(0.597032 0 0)
(0.597027 0 0)
(0.597021 0 0)
(0.597015 0 0)
(0.597009 0 0)
(0.597003 0 0)
(0.596997 0 0)
(0.596992 0 0)
(0.596986 0 0)
(0.59698 0 0)
(0.596974 0 0)
(0.596968 0 0)
(0.596963 0 0)
(0.596957 0 0)
(0.596951 0 0)
(0.596945 0 0)
(0.596939 0 0)
(0.596934 0 0)
(0.596928 0 0)
(0.596922 0 0)
(0.596916 0 0)
(0.596911 0 0)
(0.596905 0 0)
(0.596899 0 0)
(0.596893 0 0)
(0.596888 0 0)
(0.596882 0 0)
(0.596876 0 0)
(0.59687 0 0)
(0.596865 0 0)
(0.596859 0 0)
(0.596853 0 0)
(0.596847 0 0)
(0.596842 0 0)
(0.596836 0 0)
(0.59683 0 0)
(0.596824 0 0)
(0.596819 0 0)
(0.596813 0 0)
(0.596807 0 0)
(0.596802 0 0)
(0.596796 0 0)
(0.59679 0 0)
(0.596785 0 0)
(0.596779 0 0)
(0.596773 0 0)
(0.596767 0 0)
(0.596762 0 0)
(0.596756 0 0)
(0.59675 0 0)
(0.596745 0 0)
(0.596739 0 0)
(0.596733 0 0)
(0.596728 0 0)
(0.596722 0 0)
(0.596716 0 0)
(0.596711 0 0)
(0.596705 0 0)
(0.596699 0 0)
(0.596694 0 0)
(0.596688 0 0)
(0.596682 0 0)
(0.596677 0 0)
(0.596671 0 0)
(0.596665 0 0)
(0.596659 0 0)
(0.596654 0 0)
(0.596648 0 0)
(0.596642 0 0)
(0.596637 0 0)
(0.596631 0 0)
(0.596626 0 0)
(0.59662 0 0)
(0.596614 0 0)
(0.596609 0 0)
(0.596603 0 0)
(0.596597 0 0)
(0.596592 0 0)
(0.596586 0 0)
(0.59658 0 0)
(0.596575 0 0)
(0.596569 0 0)
(0.596563 0 0)
(0.596558 0 0)
(0.596552 0 0)
(0.596546 0 0)
)
;

boundaryField
{
    inlet
    {
        type            flowRateInlet;
        flowRate        0.0625;
        value           uniform (0.625 -0 -0);
    }
    outlet
    {
        type            zeroGradient;
    }
    right
    {
        type            empty;
    }
    left
    {
        type            empty;
    }
    atmosphere
    {
        type            empty;
    }
    bottomWall
    {
        type            empty;
    }
}


// ************************************************************************* //
