/*--------------------------------*- C++ -*----------------------------------*\
| =========                 |                                                 |
| \\      /  F ield         | foam-extend: Open Source CFD                    |
|  \\    /   O peration     | Version:     3.1                                |
|   \\  /    A nd           | Web:         http://www.extend-project.de       |
|    \\/     M anipulation  |                                                 |
\*---------------------------------------------------------------------------*/
FoamFile
{
    version     2.0;
    format      ascii;
    class       volVectorField;
    location    "40";
    object      HU;
}
// * * * * * * * * * * * * * * * * * * * * * * * * * * * * * * * * * * * * * //

dimensions      [0 2 -1 0 0 0 0];

internalField   nonuniform List<vector> 
2539
(
(0.624831 0 0)
(0.624657 0 0)
(0.624663 0 0)
(0.624663 0 0)
(0.624662 0 0)
(0.624662 0 0)
(0.624661 0 0)
(0.624661 0 0)
(0.62466 0 0)
(0.62466 0 0)
(0.62466 0 0)
(0.624659 0 0)
(0.624659 0 0)
(0.624658 0 0)
(0.624658 0 0)
(0.624657 0 0)
(0.624657 0 0)
(0.624656 0 0)
(0.624656 0 0)
(0.624655 0 0)
(0.624655 0 0)
(0.624654 0 0)
(0.624654 0 0)
(0.624654 0 0)
(0.624653 0 0)
(0.624653 0 0)
(0.624652 0 0)
(0.624652 0 0)
(0.624651 0 0)
(0.624651 0 0)
(0.62465 0 0)
(0.62465 0 0)
(0.624649 0 0)
(0.624649 0 0)
(0.624648 0 0)
(0.624648 0 0)
(0.624647 0 0)
(0.624647 0 0)
(0.624646 0 0)
(0.624646 0 0)
(0.624645 0 0)
(0.624645 0 0)
(0.624644 0 0)
(0.624644 0 0)
(0.624643 0 0)
(0.624643 0 0)
(0.624642 0 0)
(0.624642 0 0)
(0.624641 0 0)
(0.624641 0 0)
(0.62464 0 0)
(0.62464 0 0)
(0.624639 0 0)
(0.624639 0 0)
(0.624638 0 0)
(0.624637 0 0)
(0.624637 0 0)
(0.624636 0 0)
(0.624636 0 0)
(0.624635 0 0)
(0.624635 0 0)
(0.624634 0 0)
(0.624634 0 0)
(0.624633 0 0)
(0.624633 0 0)
(0.624632 0 0)
(0.624632 0 0)
(0.624631 0 0)
(0.62463 0 0)
(0.62463 0 0)
(0.624629 0 0)
(0.624629 0 0)
(0.624628 0 0)
(0.624628 0 0)
(0.624627 0 0)
(0.624626 0 0)
(0.624626 0 0)
(0.624625 0 0)
(0.624625 0 0)
(0.624624 0 0)
(0.624624 0 0)
(0.624623 0 0)
(0.624622 0 0)
(0.624622 0 0)
(0.624621 0 0)
(0.624621 0 0)
(0.62462 0 0)
(0.624619 0 0)
(0.624619 0 0)
(0.624618 0 0)
(0.624618 0 0)
(0.624617 0 0)
(0.624616 0 0)
(0.624616 0 0)
(0.624615 0 0)
(0.624614 0 0)
(0.624614 0 0)
(0.624613 0 0)
(0.624613 0 0)
(0.624612 0 0)
(0.624611 0 0)
(0.624611 0 0)
(0.62461 0 0)
(0.624609 0 0)
(0.624609 0 0)
(0.624608 0 0)
(0.624607 0 0)
(0.624607 0 0)
(0.624606 0 0)
(0.624605 0 0)
(0.624605 0 0)
(0.624604 0 0)
(0.624603 0 0)
(0.624603 0 0)
(0.624602 0 0)
(0.624601 0 0)
(0.624601 0 0)
(0.6246 0 0)
(0.624599 0 0)
(0.624599 0 0)
(0.624598 0 0)
(0.624597 0 0)
(0.624597 0 0)
(0.624596 0 0)
(0.624595 0 0)
(0.624595 0 0)
(0.624594 0 0)
(0.624593 0 0)
(0.624592 0 0)
(0.624592 0 0)
(0.624591 0 0)
(0.62459 0 0)
(0.624589 0 0)
(0.624589 0 0)
(0.624588 0 0)
(0.624587 0 0)
(0.624587 0 0)
(0.624586 0 0)
(0.624585 0 0)
(0.624584 0 0)
(0.624583 0 0)
(0.624583 0 0)
(0.624582 0 0)
(0.624581 0 0)
(0.62458 0 0)
(0.62458 0 0)
(0.624579 0 0)
(0.624578 0 0)
(0.624577 0 0)
(0.624576 0 0)
(0.624576 0 0)
(0.624575 0 0)
(0.624574 0 0)
(0.624573 0 0)
(0.624572 0 0)
(0.624572 0 0)
(0.624571 0 0)
(0.62457 0 0)
(0.624569 0 0)
(0.624568 0 0)
(0.624567 0 0)
(0.624567 0 0)
(0.624566 0 0)
(0.624565 0 0)
(0.624564 0 0)
(0.624563 0 0)
(0.624562 0 0)
(0.624561 0 0)
(0.624561 0 0)
(0.62456 0 0)
(0.624559 0 0)
(0.624558 0 0)
(0.624557 0 0)
(0.624556 0 0)
(0.624555 0 0)
(0.624554 0 0)
(0.624553 0 0)
(0.624552 0 0)
(0.624551 0 0)
(0.624551 0 0)
(0.62455 0 0)
(0.624549 0 0)
(0.624548 0 0)
(0.624547 0 0)
(0.624336 0 0)
(0.624423 0 0)
(0.624843 0 0)
(0.624865 0 0)
(0.624866 0 0)
(0.624866 0 0)
(0.624866 0 0)
(0.624866 0 0)
(0.624866 0 0)
(0.624866 0 0)
(0.624866 0 0)
(0.624866 0 0)
(0.624866 0 0)
(0.624866 0 0)
(0.624866 0 0)
(0.624865 0 0)
(0.624865 0 0)
(0.624865 0 0)
(0.624865 0 0)
(0.624865 0 0)
(0.624865 0 0)
(0.624865 0 0)
(0.624865 0 0)
(0.624865 0 0)
(0.624865 0 0)
(0.624865 0 0)
(0.624864 0 0)
(0.624864 0 0)
(0.624864 0 0)
(0.624864 0 0)
(0.624864 0 0)
(0.624864 0 0)
(0.624864 0 0)
(0.624864 0 0)
(0.624864 0 0)
(0.624864 0 0)
(0.624864 0 0)
(0.624863 0 0)
(0.624863 0 0)
(0.624863 0 0)
(0.624863 0 0)
(0.624863 0 0)
(0.624863 0 0)
(0.624863 0 0)
(0.624863 0 0)
(0.624863 0 0)
(0.624863 0 0)
(0.624863 0 0)
(0.624862 0 0)
(0.624862 0 0)
(0.624862 0 0)
(0.624862 0 0)
(0.624862 0 0)
(0.624862 0 0)
(0.624862 0 0)
(0.624862 0 0)
(0.624862 0 0)
(0.624862 0 0)
(0.624862 0 0)
(0.624861 0 0)
(0.624861 0 0)
(0.624861 0 0)
(0.624861 0 0)
(0.624861 0 0)
(0.624861 0 0)
(0.624861 0 0)
(0.624861 0 0)
(0.624861 0 0)
(0.624861 0 0)
(0.624861 0 0)
(0.62486 0 0)
(0.62486 0 0)
(0.62486 0 0)
(0.62486 0 0)
(0.62486 0 0)
(0.62486 0 0)
(0.62486 0 0)
(0.62486 0 0)
(0.62486 0 0)
(0.62486 0 0)
(0.624859 0 0)
(0.624859 0 0)
(0.624859 0 0)
(0.624859 0 0)
(0.624859 0 0)
(0.624859 0 0)
(0.624859 0 0)
(0.624859 0 0)
(0.624859 0 0)
(0.624859 0 0)
(0.624858 0 0)
(0.624858 0 0)
(0.624858 0 0)
(0.624858 0 0)
(0.624858 0 0)
(0.624858 0 0)
(0.624858 0 0)
(0.624858 0 0)
(0.624858 0 0)
(0.624858 0 0)
(0.624857 0 0)
(0.624857 0 0)
(0.624857 0 0)
(0.624857 0 0)
(0.624857 0 0)
(0.624857 0 0)
(0.624857 0 0)
(0.624857 0 0)
(0.624857 0 0)
(0.624857 0 0)
(0.624856 0 0)
(0.624856 0 0)
(0.624856 0 0)
(0.624856 0 0)
(0.624856 0 0)
(0.624856 0 0)
(0.624856 0 0)
(0.624856 0 0)
(0.624856 0 0)
(0.624855 0 0)
(0.624855 0 0)
(0.624855 0 0)
(0.624855 0 0)
(0.624855 0 0)
(0.624855 0 0)
(0.624855 0 0)
(0.624855 0 0)
(0.624855 0 0)
(0.624855 0 0)
(0.624854 0 0)
(0.624854 0 0)
(0.624854 0 0)
(0.624854 0 0)
(0.624854 0 0)
(0.624854 0 0)
(0.624854 0 0)
(0.624854 0 0)
(0.624854 0 0)
(0.624853 0 0)
(0.624853 0 0)
(0.624853 0 0)
(0.624853 0 0)
(0.624853 0 0)
(0.624853 0 0)
(0.624853 0 0)
(0.624853 0 0)
(0.624853 0 0)
(0.624852 0 0)
(0.624852 0 0)
(0.624852 0 0)
(0.624852 0 0)
(0.624852 0 0)
(0.624852 0 0)
(0.624852 0 0)
(0.624852 0 0)
(0.624852 0 0)
(0.624851 0 0)
(0.624851 0 0)
(0.624851 0 0)
(0.624851 0 0)
(0.624851 0 0)
(0.624851 0 0)
(0.624851 0 0)
(0.624851 0 0)
(0.62485 0 0)
(0.62485 0 0)
(0.62485 0 0)
(0.62485 0 0)
(0.62485 0 0)
(0.62485 0 0)
(0.62485 0 0)
(0.62485 0 0)
(0.62485 0 0)
(0.624849 0 0)
(0.624849 0 0)
(0.624849 0 0)
(0.624849 0 0)
(0.624849 0 0)
(0.624849 0 0)
(0.624849 0 0)
(0.624849 0 0)
(0.624848 0 0)
(0.624848 0 0)
(0.624848 0 0)
(0.624848 0 0)
(0.624848 0 0)
(0.624848 0 0)
(0.624848 0 0)
(0.624848 0 0)
(0.624848 0 0)
(0.624847 0 0)
(0.624847 0 0)
(0.624847 0 0)
(0.624847 0 0)
(0.624847 0 0)
(0.624847 0 0)
(0.624847 0 0)
(0.624846 0 0)
(0.624853 0 0)
(0.624722 0 0)
(0.627348 0 0)
(0.597419 0 0)
(0.604911 0 0)
(0.612976 0 0)
(0.617567 0 0)
(0.619828 0 0)
(0.621022 0 0)
(0.621702 0 0)
(0.622118 0 0)
(0.622393 0 0)
(0.622588 0 0)
(0.622734 0 0)
(0.622848 0 0)
(0.622942 0 0)
(0.623021 0 0)
(0.623089 0 0)
(0.623148 0 0)
(0.623201 0 0)
(0.623248 0 0)
(0.62329 0 0)
(0.623328 0 0)
(0.623364 0 0)
(0.623396 0 0)
(0.623426 0 0)
(0.623453 0 0)
(0.623479 0 0)
(0.623503 0 0)
(0.623525 0 0)
(0.623546 0 0)
(0.623565 0 0)
(0.623584 0 0)
(0.623601 0 0)
(0.623618 0 0)
(0.623633 0 0)
(0.623648 0 0)
(0.623662 0 0)
(0.623675 0 0)
(0.623688 0 0)
(0.6237 0 0)
(0.623711 0 0)
(0.623722 0 0)
(0.623732 0 0)
(0.623742 0 0)
(0.623751 0 0)
(0.62376 0 0)
(0.623769 0 0)
(0.623777 0 0)
(0.623785 0 0)
(0.623792 0 0)
(0.623799 0 0)
(0.623806 0 0)
(0.623812 0 0)
(0.623818 0 0)
(0.623824 0 0)
(0.62383 0 0)
(0.623835 0 0)
(0.62384 0 0)
(0.623844 0 0)
(0.623849 0 0)
(0.623853 0 0)
(0.623856 0 0)
(0.62386 0 0)
(0.623863 0 0)
(0.623866 0 0)
(0.623869 0 0)
(0.623871 0 0)
(0.623873 0 0)
(0.623874 0 0)
(0.623875 0 0)
(0.623876 0 0)
(0.623877 0 0)
(0.623877 0 0)
(0.623876 0 0)
(0.623875 0 0)
(0.623873 0 0)
(0.623871 0 0)
(0.623868 0 0)
(0.623865 0 0)
(0.62386 0 0)
(0.623855 0 0)
(0.623848 0 0)
(0.62384 0 0)
(0.62383 0 0)
(0.623819 0 0)
(0.623805 0 0)
(0.623788 0 0)
(0.623768 0 0)
(0.623744 0 0)
(0.623715 0 0)
(0.623678 0 0)
(0.623633 0 0)
(0.623577 0 0)
(0.623507 0 0)
(0.623419 0 0)
(0.623309 0 0)
(0.623174 0 0)
(0.623009 0 0)
(0.622812 0 0)
(0.622587 0 0)
(0.622346 0 0)
(0.622115 0 0)
(0.621714 0 0)
(0.62196 0 0)
(0.622167 0 0)
(0.622343 0 0)
(0.622495 0 0)
(0.622628 0 0)
(0.622745 0 0)
(0.622848 0 0)
(0.622941 0 0)
(0.623024 0 0)
(0.623099 0 0)
(0.623168 0 0)
(0.62323 0 0)
(0.623288 0 0)
(0.623341 0 0)
(0.62339 0 0)
(0.623435 0 0)
(0.623478 0 0)
(0.623517 0 0)
(0.623554 0 0)
(0.623589 0 0)
(0.623622 0 0)
(0.623653 0 0)
(0.623682 0 0)
(0.623709 0 0)
(0.623735 0 0)
(0.62376 0 0)
(0.623784 0 0)
(0.623806 0 0)
(0.623828 0 0)
(0.623848 0 0)
(0.623868 0 0)
(0.623887 0 0)
(0.623905 0 0)
(0.623922 0 0)
(0.623939 0 0)
(0.623955 0 0)
(0.62397 0 0)
(0.623985 0 0)
(0.623999 0 0)
(0.624013 0 0)
(0.624026 0 0)
(0.624039 0 0)
(0.624052 0 0)
(0.624064 0 0)
(0.624076 0 0)
(0.624087 0 0)
(0.624098 0 0)
(0.624109 0 0)
(0.624119 0 0)
(0.624129 0 0)
(0.624139 0 0)
(0.624148 0 0)
(0.624157 0 0)
(0.624167 0 0)
(0.624175 0 0)
(0.624184 0 0)
(0.624192 0 0)
(0.6242 0 0)
(0.624208 0 0)
(0.624216 0 0)
(0.624224 0 0)
(0.624231 0 0)
(0.624238 0 0)
(0.624245 0 0)
(0.624252 0 0)
(0.624259 0 0)
(0.624265 0 0)
(0.624272 0 0)
(0.624278 0 0)
(0.624284 0 0)
(0.62429 0 0)
(0.624296 0 0)
(0.624302 0 0)
(0.624308 0 0)
(0.624313 0 0)
(0.624319 0 0)
(0.624324 0 0)
(0.62433 0 0)
(0.624335 0 0)
(0.62434 0 0)
(0.624345 0 0)
(0.62435 0 0)
(0.624355 0 0)
(0.624359 0 0)
(0.624364 0 0)
(0.624369 0 0)
(0.624373 0 0)
(0.624377 0 0)
(0.624382 0 0)
(0.624386 0 0)
(0.624391 0 0)
(0.624395 0 0)
(0.624398 0 0)
(0.6244 0 0)
(0.624399 0 0)
(0.6244 0 0)
(0.624418 0 0)
(0.624472 0 0)
(0.624567 0 0)
(0.624624 0 0)
(0.624625 0 0)
(0.624627 0 0)
(0.624629 0 0)
(0.62463 0 0)
(0.624632 0 0)
(0.624633 0 0)
(0.624635 0 0)
(0.624636 0 0)
(0.624638 0 0)
(0.624639 0 0)
(0.624641 0 0)
(0.624642 0 0)
(0.624644 0 0)
(0.624645 0 0)
(0.624647 0 0)
(0.624648 0 0)
(0.624649 0 0)
(0.624651 0 0)
(0.624652 0 0)
(0.624653 0 0)
(0.624655 0 0)
(0.624656 0 0)
(0.624657 0 0)
(0.624659 0 0)
(0.62466 0 0)
(0.624661 0 0)
(0.624663 0 0)
(0.624664 0 0)
(0.624665 0 0)
(0.624666 0 0)
(0.624668 0 0)
(0.624669 0 0)
(0.62467 0 0)
(0.624671 0 0)
(0.624672 0 0)
(0.624674 0 0)
(0.624675 0 0)
(0.624676 0 0)
(0.624677 0 0)
(0.624678 0 0)
(0.624679 0 0)
(0.624681 0 0)
(0.624682 0 0)
(0.624683 0 0)
(0.624684 0 0)
(0.624685 0 0)
(0.624686 0 0)
(0.624687 0 0)
(0.624688 0 0)
(0.624689 0 0)
(0.62469 0 0)
(0.624691 0 0)
(0.624693 0 0)
(0.624694 0 0)
(0.624695 0 0)
(0.624696 0 0)
(0.624697 0 0)
(0.624698 0 0)
(0.624699 0 0)
(0.6247 0 0)
(0.624701 0 0)
(0.624702 0 0)
(0.624703 0 0)
(0.624703 0 0)
(0.624704 0 0)
(0.624705 0 0)
(0.624706 0 0)
(0.624707 0 0)
(0.624708 0 0)
(0.624709 0 0)
(0.62471 0 0)
(0.624711 0 0)
(0.624712 0 0)
(0.624713 0 0)
(0.624714 0 0)
(0.624715 0 0)
(0.624715 0 0)
(0.624716 0 0)
(0.624717 0 0)
(0.624718 0 0)
(0.624719 0 0)
(0.62472 0 0)
(0.624721 0 0)
(0.624721 0 0)
(0.624722 0 0)
(0.624723 0 0)
(0.624724 0 0)
(0.624725 0 0)
(0.624726 0 0)
(0.624726 0 0)
(0.624727 0 0)
(0.624728 0 0)
(0.624729 0 0)
(0.62473 0 0)
(0.62473 0 0)
(0.624731 0 0)
(0.624732 0 0)
(0.624733 0 0)
(0.624733 0 0)
(0.624734 0 0)
(0.624735 0 0)
(0.624736 0 0)
(0.624737 0 0)
(0.624737 0 0)
(0.624738 0 0)
(0.624739 0 0)
(0.624739 0 0)
(0.62474 0 0)
(0.624741 0 0)
(0.624742 0 0)
(0.624742 0 0)
(0.624743 0 0)
(0.624744 0 0)
(0.624745 0 0)
(0.624745 0 0)
(0.624746 0 0)
(0.624747 0 0)
(0.624747 0 0)
(0.624748 0 0)
(0.624749 0 0)
(0.624749 0 0)
(0.62475 0 0)
(0.624751 0 0)
(0.624751 0 0)
(0.624752 0 0)
(0.624753 0 0)
(0.624753 0 0)
(0.624754 0 0)
(0.624755 0 0)
(0.624755 0 0)
(0.624756 0 0)
(0.624757 0 0)
(0.624757 0 0)
(0.624758 0 0)
(0.624758 0 0)
(0.624759 0 0)
(0.62476 0 0)
(0.62476 0 0)
(0.624761 0 0)
(0.624762 0 0)
(0.624762 0 0)
(0.624763 0 0)
(0.624763 0 0)
(0.624764 0 0)
(0.624765 0 0)
(0.624765 0 0)
(0.624766 0 0)
(0.624766 0 0)
(0.624767 0 0)
(0.624767 0 0)
(0.624768 0 0)
(0.624769 0 0)
(0.624769 0 0)
(0.62477 0 0)
(0.62477 0 0)
(0.624771 0 0)
(0.624771 0 0)
(0.624772 0 0)
(0.624773 0 0)
(0.624773 0 0)
(0.624774 0 0)
(0.624774 0 0)
(0.624775 0 0)
(0.624775 0 0)
(0.624776 0 0)
(0.624776 0 0)
(0.624777 0 0)
(0.624777 0 0)
(0.624778 0 0)
(0.624779 0 0)
(0.624779 0 0)
(0.62478 0 0)
(0.62478 0 0)
(0.624781 0 0)
(0.624781 0 0)
(0.624782 0 0)
(0.624782 0 0)
(0.624783 0 0)
(0.624783 0 0)
(0.624784 0 0)
(0.624784 0 0)
(0.624785 0 0)
(0.624785 0 0)
(0.624786 0 0)
(0.624786 0 0)
(0.624787 0 0)
(0.624787 0 0)
(0.624788 0 0)
(0.624788 0 0)
(0.624789 0 0)
(0.624789 0 0)
(0.62479 0 0)
(0.62479 0 0)
(0.624791 0 0)
(0.624791 0 0)
(0.624791 0 0)
(0.624792 0 0)
(0.624792 0 0)
(0.624793 0 0)
(0.624793 0 0)
(0.624794 0 0)
(0.624794 0 0)
(0.624795 0 0)
(0.624795 0 0)
(0.624796 0 0)
(0.624796 0 0)
(0.624797 0 0)
(0.624797 0 0)
(0.624797 0 0)
(0.624798 0 0)
(0.624798 0 0)
(0.624799 0 0)
(0.624799 0 0)
(0.6248 0 0)
(0.6248 0 0)
(0.6248 0 0)
(0.624801 0 0)
(0.624801 0 0)
(0.624802 0 0)
(0.624802 0 0)
(0.624803 0 0)
(0.624803 0 0)
(0.624803 0 0)
(0.624804 0 0)
(0.624804 0 0)
(0.624805 0 0)
(0.624805 0 0)
(0.624806 0 0)
(0.624806 0 0)
(0.624806 0 0)
(0.624807 0 0)
(0.624807 0 0)
(0.624808 0 0)
(0.624808 0 0)
(0.624808 0 0)
(0.624809 0 0)
(0.624809 0 0)
(0.62481 0 0)
(0.62481 0 0)
(0.62481 0 0)
(0.624811 0 0)
(0.624811 0 0)
(0.624811 0 0)
(0.624812 0 0)
(0.624812 0 0)
(0.624813 0 0)
(0.624813 0 0)
(0.624813 0 0)
(0.624814 0 0)
(0.624814 0 0)
(0.624815 0 0)
(0.624815 0 0)
(0.624815 0 0)
(0.624816 0 0)
(0.624816 0 0)
(0.624816 0 0)
(0.624817 0 0)
(0.624817 0 0)
(0.624818 0 0)
(0.624818 0 0)
(0.624818 0 0)
(0.624819 0 0)
(0.624819 0 0)
(0.624819 0 0)
(0.62482 0 0)
(0.62482 0 0)
(0.62482 0 0)
(0.624821 0 0)
(0.624821 0 0)
(0.624821 0 0)
(0.624822 0 0)
(0.624822 0 0)
(0.624822 0 0)
(0.624823 0 0)
(0.624823 0 0)
(0.624824 0 0)
(0.624824 0 0)
(0.624824 0 0)
(0.624825 0 0)
(0.624825 0 0)
(0.624825 0 0)
(0.624826 0 0)
(0.624826 0 0)
(0.624826 0 0)
(0.624827 0 0)
(0.624827 0 0)
(0.624827 0 0)
(0.624828 0 0)
(0.624828 0 0)
(0.624828 0 0)
(0.624829 0 0)
(0.624829 0 0)
(0.624829 0 0)
(0.624829 0 0)
(0.62483 0 0)
(0.62483 0 0)
(0.62483 0 0)
(0.624831 0 0)
(0.624831 0 0)
(0.624831 0 0)
(0.624832 0 0)
(0.624832 0 0)
(0.624832 0 0)
(0.624833 0 0)
(0.624833 0 0)
(0.624833 0 0)
(0.624834 0 0)
(0.624834 0 0)
(0.624834 0 0)
(0.624835 0 0)
(0.624835 0 0)
(0.624835 0 0)
(0.624835 0 0)
(0.624836 0 0)
(0.624836 0 0)
(0.624836 0 0)
(0.624837 0 0)
(0.624837 0 0)
(0.624837 0 0)
(0.624838 0 0)
(0.624838 0 0)
(0.624838 0 0)
(0.624838 0 0)
(0.624839 0 0)
(0.624839 0 0)
(0.624839 0 0)
(0.62484 0 0)
(0.62484 0 0)
(0.62484 0 0)
(0.62484 0 0)
(0.624841 0 0)
(0.624841 0 0)
(0.624841 0 0)
(0.624842 0 0)
(0.624842 0 0)
(0.624842 0 0)
(0.624842 0 0)
(0.624843 0 0)
(0.624843 0 0)
(0.624843 0 0)
(0.624844 0 0)
(0.624844 0 0)
(0.624844 0 0)
(0.624844 0 0)
(0.624845 0 0)
(0.624848 0 0)
(0.624851 0 0)
(0.624846 0 0)
(0.624817 0 0)
(0.624795 0 0)
(0.624795 0 0)
(0.624796 0 0)
(0.624796 0 0)
(0.624796 0 0)
(0.624797 0 0)
(0.624797 0 0)
(0.624798 0 0)
(0.624798 0 0)
(0.624799 0 0)
(0.624799 0 0)
(0.624799 0 0)
(0.6248 0 0)
(0.6248 0 0)
(0.624801 0 0)
(0.624801 0 0)
(0.624802 0 0)
(0.624802 0 0)
(0.624802 0 0)
(0.624803 0 0)
(0.624803 0 0)
(0.624804 0 0)
(0.624804 0 0)
(0.624804 0 0)
(0.624805 0 0)
(0.624805 0 0)
(0.624806 0 0)
(0.624806 0 0)
(0.624806 0 0)
(0.624807 0 0)
(0.624807 0 0)
(0.624808 0 0)
(0.624808 0 0)
(0.624808 0 0)
(0.624809 0 0)
(0.624809 0 0)
(0.62481 0 0)
(0.62481 0 0)
(0.62481 0 0)
(0.624811 0 0)
(0.624811 0 0)
(0.624811 0 0)
(0.624812 0 0)
(0.624812 0 0)
(0.624813 0 0)
(0.624813 0 0)
(0.624813 0 0)
(0.624814 0 0)
(0.624814 0 0)
(0.624814 0 0)
(0.624815 0 0)
(0.624815 0 0)
(0.624816 0 0)
(0.624816 0 0)
(0.624816 0 0)
(0.624817 0 0)
(0.624817 0 0)
(0.624817 0 0)
(0.624818 0 0)
(0.624818 0 0)
(0.624818 0 0)
(0.624819 0 0)
(0.624819 0 0)
(0.624819 0 0)
(0.62482 0 0)
(0.62482 0 0)
(0.624821 0 0)
(0.624821 0 0)
(0.624821 0 0)
(0.624822 0 0)
(0.624822 0 0)
(0.624822 0 0)
(0.624823 0 0)
(0.624823 0 0)
(0.624823 0 0)
(0.624824 0 0)
(0.624824 0 0)
(0.624824 0 0)
(0.624825 0 0)
(0.624825 0 0)
(0.624825 0 0)
(0.624826 0 0)
(0.624826 0 0)
(0.624826 0 0)
(0.624827 0 0)
(0.624827 0 0)
(0.624827 0 0)
(0.624828 0 0)
(0.624828 0 0)
(0.624828 0 0)
(0.624829 0 0)
(0.624829 0 0)
(0.624829 0 0)
(0.624829 0 0)
(0.62483 0 0)
(0.62483 0 0)
(0.62483 0 0)
(0.624831 0 0)
(0.624831 0 0)
(0.624831 0 0)
(0.624832 0 0)
(0.624832 0 0)
(0.624832 0 0)
(0.624833 0 0)
(0.624833 0 0)
(0.624833 0 0)
(0.624834 0 0)
(0.624834 0 0)
(0.624834 0 0)
(0.624834 0 0)
(0.624835 0 0)
(0.624835 0 0)
(0.624835 0 0)
(0.624836 0 0)
(0.624836 0 0)
(0.624836 0 0)
(0.624837 0 0)
(0.624837 0 0)
(0.624837 0 0)
(0.624837 0 0)
(0.624838 0 0)
(0.624838 0 0)
(0.624838 0 0)
(0.624839 0 0)
(0.624839 0 0)
(0.624839 0 0)
(0.624839 0 0)
(0.62484 0 0)
(0.62484 0 0)
(0.62484 0 0)
(0.624841 0 0)
(0.624841 0 0)
(0.624841 0 0)
(0.624841 0 0)
(0.624842 0 0)
(0.624842 0 0)
(0.624842 0 0)
(0.624843 0 0)
(0.624843 0 0)
(0.624843 0 0)
(0.624843 0 0)
(0.624844 0 0)
(0.624844 0 0)
(0.624844 0 0)
(0.624844 0 0)
(0.624845 0 0)
(0.624845 0 0)
(0.624845 0 0)
(0.624846 0 0)
(0.624846 0 0)
(0.624846 0 0)
(0.624846 0 0)
(0.624847 0 0)
(0.624847 0 0)
(0.624847 0 0)
(0.624847 0 0)
(0.624848 0 0)
(0.624848 0 0)
(0.624848 0 0)
(0.624848 0 0)
(0.624849 0 0)
(0.624849 0 0)
(0.624849 0 0)
(0.624849 0 0)
(0.62485 0 0)
(0.62485 0 0)
(0.62485 0 0)
(0.624851 0 0)
(0.624851 0 0)
(0.624851 0 0)
(0.624851 0 0)
(0.624852 0 0)
(0.624853 0 0)
(0.624855 0 0)
(0.624851 0 0)
(0.624835 0 0)
(0.624814 0 0)
(0.624849 0 0)
(0.625037 0 0)
(0.625283 0 0)
(0.62509 0 0)
(0.62495 0 0)
(0.624964 0 0)
(0.624967 0 0)
(0.624968 0 0)
(0.624977 0 0)
(0.624994 0 0)
(0.625008 0 0)
(0.625011 0 0)
(0.625012 0 0)
(0.62502 0 0)
(0.625034 0 0)
(0.625046 0 0)
(0.625051 0 0)
(0.625061 0 0)
(0.625069 0 0)
(0.625078 0 0)
(0.625091 0 0)
(0.625096 0 0)
(0.625105 0 0)
(0.62511 0 0)
(0.625116 0 0)
(0.625128 0 0)
(0.62514 0 0)
(0.625151 0 0)
(0.62516 0 0)
(0.625166 0 0)
(0.625172 0 0)
(0.625184 0 0)
(0.625196 0 0)
(0.625206 0 0)
(0.625213 0 0)
(0.625218 0 0)
(0.625227 0 0)
(0.625235 0 0)
(0.625243 0 0)
(0.625257 0 0)
(0.625268 0 0)
(0.625271 0 0)
(0.625283 0 0)
(0.625299 0 0)
(0.625307 0 0)
(0.625313 0 0)
(0.625323 0 0)
(0.625331 0 0)
(0.625338 0 0)
(0.62535 0 0)
(0.62536 0 0)
(0.625367 0 0)
(0.625374 0 0)
(0.625388 0 0)
(0.625401 0 0)
(0.625412 0 0)
(0.625421 0 0)
(0.625428 0 0)
(0.625438 0 0)
(0.625446 0 0)
(0.625454 0 0)
(0.625469 0 0)
(0.625483 0 0)
(0.625496 0 0)
(0.625504 0 0)
(0.625509 0 0)
(0.625517 0 0)
(0.625526 0 0)
(0.625541 0 0)
(0.625556 0 0)
(0.625569 0 0)
(0.625579 0 0)
(0.625588 0 0)
(0.625601 0 0)
(0.625612 0 0)
(0.62562 0 0)
(0.625633 0 0)
(0.625642 0 0)
(0.625653 0 0)
(0.625671 0 0)
(0.62569 0 0)
(0.625706 0 0)
(0.625716 0 0)
(0.62572 0 0)
(0.625724 0 0)
(0.625729 0 0)
(0.625734 0 0)
(0.625754 0 0)
(0.625806 0 0)
(0.625876 0 0)
(0.625929 0 0)
(0.625901 0 0)
(0.625737 0 0)
(0.625455 0 0)
(0.625243 0 0)
(0.625458 0 0)
(0.626428 0 0)
(0.628058 0 0)
(0.629375 0 0)
(0.628526 0 0)
(0.623682 0 0)
(0.614987 0 0)
(0.607111 0 0)
(0.610868 0 0)
(0.624858 0 0)
(0.624858 0 0)
(0.624859 0 0)
(0.624859 0 0)
(0.624859 0 0)
(0.624859 0 0)
(0.624859 0 0)
(0.62486 0 0)
(0.62486 0 0)
(0.62486 0 0)
(0.62486 0 0)
(0.624861 0 0)
(0.624861 0 0)
(0.624861 0 0)
(0.624861 0 0)
(0.624862 0 0)
(0.624862 0 0)
(0.624862 0 0)
(0.624862 0 0)
(0.624862 0 0)
(0.624863 0 0)
(0.624863 0 0)
(0.624863 0 0)
(0.624863 0 0)
(0.624864 0 0)
(0.624864 0 0)
(0.624864 0 0)
(0.624864 0 0)
(0.624864 0 0)
(0.624865 0 0)
(0.624865 0 0)
(0.624865 0 0)
(0.624865 0 0)
(0.624865 0 0)
(0.624866 0 0)
(0.624866 0 0)
(0.624866 0 0)
(0.624866 0 0)
(0.624867 0 0)
(0.624867 0 0)
(0.624867 0 0)
(0.624867 0 0)
(0.624867 0 0)
(0.624868 0 0)
(0.624868 0 0)
(0.624868 0 0)
(0.624868 0 0)
(0.624868 0 0)
(0.624869 0 0)
(0.624869 0 0)
(0.624869 0 0)
(0.624869 0 0)
(0.624869 0 0)
(0.62487 0 0)
(0.62487 0 0)
(0.62487 0 0)
(0.62487 0 0)
(0.62487 0 0)
(0.624871 0 0)
(0.624871 0 0)
(0.624871 0 0)
(0.624871 0 0)
(0.624871 0 0)
(0.624872 0 0)
(0.624872 0 0)
(0.624872 0 0)
(0.624872 0 0)
(0.624872 0 0)
(0.624873 0 0)
(0.624873 0 0)
(0.624873 0 0)
(0.624873 0 0)
(0.624873 0 0)
(0.624874 0 0)
(0.624874 0 0)
(0.624874 0 0)
(0.624874 0 0)
(0.624874 0 0)
(0.624875 0 0)
(0.624875 0 0)
(0.624875 0 0)
(0.624876 0 0)
(0.624876 0 0)
(0.624875 0 0)
(0.624869 0 0)
(0.624864 0 0)
(0.624883 0 0)
(0.624955 0 0)
(0.625007 0 0)
(0.625007 0 0)
(0.625007 0 0)
(0.625007 0 0)
(0.625007 0 0)
(0.625007 0 0)
(0.625007 0 0)
(0.625007 0 0)
(0.625007 0 0)
(0.625007 0 0)
(0.625007 0 0)
(0.625007 0 0)
(0.625007 0 0)
(0.625007 0 0)
(0.625007 0 0)
(0.625007 0 0)
(0.625007 0 0)
(0.625007 0 0)
(0.625007 0 0)
(0.625007 0 0)
(0.625007 0 0)
(0.625007 0 0)
(0.625007 0 0)
(0.625007 0 0)
(0.625007 0 0)
(0.625007 0 0)
(0.625007 0 0)
(0.625007 0 0)
(0.625007 0 0)
(0.625007 0 0)
(0.625007 0 0)
(0.625007 0 0)
(0.625007 0 0)
(0.625007 0 0)
(0.625007 0 0)
(0.625007 0 0)
(0.625007 0 0)
(0.625007 0 0)
(0.625007 0 0)
(0.625007 0 0)
(0.625007 0 0)
(0.625007 0 0)
(0.625007 0 0)
(0.625007 0 0)
(0.625007 0 0)
(0.625007 0 0)
(0.625007 0 0)
(0.625007 0 0)
(0.625007 0 0)
(0.625007 0 0)
(0.625007 0 0)
(0.625007 0 0)
(0.625007 0 0)
(0.625007 0 0)
(0.625007 0 0)
(0.625007 0 0)
(0.625007 0 0)
(0.625007 0 0)
(0.625007 0 0)
(0.625007 0 0)
(0.625007 0 0)
(0.625007 0 0)
(0.625007 0 0)
(0.625007 0 0)
(0.625007 0 0)
(0.625007 0 0)
(0.625007 0 0)
(0.625007 0 0)
(0.625007 0 0)
(0.625007 0 0)
(0.625007 0 0)
(0.625007 0 0)
(0.625007 0 0)
(0.625007 0 0)
(0.625007 0 0)
(0.625007 0 0)
(0.625007 0 0)
(0.625007 0 0)
(0.625007 0 0)
(0.625007 0 0)
(0.625007 0 0)
(0.625007 0 0)
(0.625007 0 0)
(0.625007 0 0)
(0.625007 0 0)
(0.625007 0 0)
(0.625007 0 0)
(0.625007 0 0)
(0.625007 0 0)
(0.625007 0 0)
(0.625007 0 0)
(0.625007 0 0)
(0.625007 0 0)
(0.625007 0 0)
(0.625007 0 0)
(0.625007 0 0)
(0.625007 0 0)
(0.625007 0 0)
(0.625007 0 0)
(0.625007 0 0)
(0.625007 0 0)
(0.625007 0 0)
(0.625007 0 0)
(0.625007 0 0)
(0.625007 0 0)
(0.625007 0 0)
(0.625007 0 0)
(0.625007 0 0)
(0.625007 0 0)
(0.625007 0 0)
(0.625007 0 0)
(0.625007 0 0)
(0.625007 0 0)
(0.625007 0 0)
(0.625007 0 0)
(0.625007 0 0)
(0.625007 0 0)
(0.625007 0 0)
(0.625007 0 0)
(0.625007 0 0)
(0.625007 0 0)
(0.625007 0 0)
(0.625007 0 0)
(0.625007 0 0)
(0.625007 0 0)
(0.625007 0 0)
(0.625007 0 0)
(0.625007 0 0)
(0.625007 0 0)
(0.625007 0 0)
(0.625007 0 0)
(0.625007 0 0)
(0.625007 0 0)
(0.625007 0 0)
(0.625007 0 0)
(0.625007 0 0)
(0.625007 0 0)
(0.625007 0 0)
(0.625007 0 0)
(0.625007 0 0)
(0.625007 0 0)
(0.625007 0 0)
(0.625007 0 0)
(0.625007 0 0)
(0.625007 0 0)
(0.625007 0 0)
(0.625007 0 0)
(0.625007 0 0)
(0.625007 0 0)
(0.625007 0 0)
(0.625007 0 0)
(0.625007 0 0)
(0.625007 0 0)
(0.625007 0 0)
(0.625007 0 0)
(0.625007 0 0)
(0.625007 0 0)
(0.625007 0 0)
(0.625007 0 0)
(0.625007 0 0)
(0.625007 0 0)
(0.625007 0 0)
(0.625007 0 0)
(0.625007 0 0)
(0.625007 0 0)
(0.625007 0 0)
(0.625007 0 0)
(0.625007 0 0)
(0.625007 0 0)
(0.625007 0 0)
(0.625007 0 0)
(0.625006 0 0)
(0.625006 0 0)
(0.625006 0 0)
(0.625006 0 0)
(0.625006 0 0)
(0.625006 0 0)
(0.625006 0 0)
(0.625006 0 0)
(0.625006 0 0)
(0.625006 0 0)
(0.625006 0 0)
(0.625006 0 0)
(0.625006 0 0)
(0.625006 0 0)
(0.625006 0 0)
(0.625006 0 0)
(0.625006 0 0)
(0.625006 0 0)
(0.625006 0 0)
(0.625006 0 0)
(0.625006 0 0)
(0.625006 0 0)
(0.625006 0 0)
(0.625006 0 0)
(0.625006 0 0)
(0.625006 0 0)
(0.625006 0 0)
(0.625006 0 0)
(0.625006 0 0)
(0.625006 0 0)
(0.625006 0 0)
(0.625006 0 0)
(0.625006 0 0)
(0.625006 0 0)
(0.625006 0 0)
(0.625006 0 0)
(0.625006 0 0)
(0.625006 0 0)
(0.625006 0 0)
(0.625006 0 0)
(0.625006 0 0)
(0.625006 0 0)
(0.62501 0 0)
(0.625015 0 0)
(0.625007 0 0)
(0.624961 0 0)
(0.624898 0 0)
(0.624986 0 0)
(0.625514 0 0)
(0.626307 0 0)
(0.625451 0 0)
(0.619333 0 0)
(0.609291 0 0)
(0.617857 0 0)
(0.687338 0 0)
(0.798548 0 0)
(0.802929 0 0)
(0.66986 0 0)
(0.61917 0 0)
(0.616901 0 0)
(0.616874 0 0)
(0.616871 0 0)
(0.616868 0 0)
(0.616865 0 0)
(0.616862 0 0)
(0.61686 0 0)
(0.616857 0 0)
(0.616854 0 0)
(0.616852 0 0)
(0.616849 0 0)
(0.616846 0 0)
(0.616844 0 0)
(0.616841 0 0)
(0.616838 0 0)
(0.616836 0 0)
(0.616833 0 0)
(0.61683 0 0)
(0.616828 0 0)
(0.616825 0 0)
(0.616822 0 0)
(0.61682 0 0)
(0.616817 0 0)
(0.616814 0 0)
(0.616812 0 0)
(0.616809 0 0)
(0.616807 0 0)
(0.616804 0 0)
(0.616801 0 0)
(0.616799 0 0)
(0.616796 0 0)
(0.616794 0 0)
(0.616791 0 0)
(0.616788 0 0)
(0.616786 0 0)
(0.616783 0 0)
(0.616781 0 0)
(0.616778 0 0)
(0.616776 0 0)
(0.616773 0 0)
(0.616771 0 0)
(0.616768 0 0)
(0.616766 0 0)
(0.616763 0 0)
(0.616761 0 0)
(0.616758 0 0)
(0.616756 0 0)
(0.616753 0 0)
(0.616751 0 0)
(0.616748 0 0)
(0.616746 0 0)
(0.616743 0 0)
(0.616741 0 0)
(0.616738 0 0)
(0.616736 0 0)
(0.616733 0 0)
(0.616731 0 0)
(0.616728 0 0)
(0.616726 0 0)
(0.616723 0 0)
(0.616721 0 0)
(0.616718 0 0)
(0.616716 0 0)
(0.616713 0 0)
(0.616711 0 0)
(0.616709 0 0)
(0.616706 0 0)
(0.616704 0 0)
(0.616701 0 0)
(0.6167 0 0)
(0.61669 0 0)
(0.616617 0 0)
(0.616553 0 0)
(0.616552 0 0)
(0.61655 0 0)
(0.616547 0 0)
(0.616545 0 0)
(0.616543 0 0)
(0.61654 0 0)
(0.616538 0 0)
(0.616536 0 0)
(0.616533 0 0)
(0.616531 0 0)
(0.616529 0 0)
(0.616526 0 0)
(0.616524 0 0)
(0.616521 0 0)
(0.616519 0 0)
(0.616517 0 0)
(0.616514 0 0)
(0.616512 0 0)
(0.61651 0 0)
(0.616507 0 0)
(0.616505 0 0)
(0.616503 0 0)
(0.6165 0 0)
(0.616498 0 0)
(0.616496 0 0)
(0.616493 0 0)
(0.616491 0 0)
(0.616489 0 0)
(0.616486 0 0)
(0.616484 0 0)
(0.616481 0 0)
(0.616479 0 0)
(0.616477 0 0)
(0.616474 0 0)
(0.616472 0 0)
(0.61647 0 0)
(0.616467 0 0)
(0.616465 0 0)
(0.616463 0 0)
(0.61646 0 0)
(0.616458 0 0)
(0.616455 0 0)
(0.616453 0 0)
(0.616451 0 0)
(0.616448 0 0)
(0.616446 0 0)
(0.616443 0 0)
(0.616441 0 0)
(0.616439 0 0)
(0.616436 0 0)
(0.616434 0 0)
(0.616431 0 0)
(0.616429 0 0)
(0.616427 0 0)
(0.616424 0 0)
(0.616422 0 0)
(0.616419 0 0)
(0.616417 0 0)
(0.616415 0 0)
(0.616412 0 0)
(0.61641 0 0)
(0.616407 0 0)
(0.616405 0 0)
(0.616403 0 0)
(0.6164 0 0)
(0.616398 0 0)
(0.616395 0 0)
(0.616393 0 0)
(0.61639 0 0)
(0.616388 0 0)
(0.616386 0 0)
(0.616383 0 0)
(0.616381 0 0)
(0.616378 0 0)
(0.616376 0 0)
(0.616373 0 0)
(0.616371 0 0)
(0.616368 0 0)
(0.616366 0 0)
(0.616364 0 0)
(0.616361 0 0)
(0.616359 0 0)
(0.616356 0 0)
(0.616354 0 0)
(0.616351 0 0)
(0.616349 0 0)
(0.616346 0 0)
(0.616344 0 0)
(0.616341 0 0)
(0.616339 0 0)
(0.616337 0 0)
(0.616334 0 0)
(0.616332 0 0)
(0.616329 0 0)
(0.616327 0 0)
(0.616324 0 0)
(0.616322 0 0)
(0.616319 0 0)
(0.616317 0 0)
(0.616314 0 0)
(0.616312 0 0)
(0.616309 0 0)
(0.616307 0 0)
(0.616304 0 0)
(0.616302 0 0)
(0.616299 0 0)
(0.616297 0 0)
(0.616294 0 0)
(0.616292 0 0)
(0.616289 0 0)
(0.616287 0 0)
(0.616284 0 0)
(0.616282 0 0)
(0.616279 0 0)
(0.616277 0 0)
(0.616274 0 0)
(0.616272 0 0)
(0.616269 0 0)
(0.616267 0 0)
(0.616264 0 0)
(0.616262 0 0)
(0.616259 0 0)
(0.616257 0 0)
(0.616254 0 0)
(0.616252 0 0)
(0.616249 0 0)
(0.616247 0 0)
(0.616244 0 0)
(0.616242 0 0)
(0.616239 0 0)
(0.616237 0 0)
(0.616234 0 0)
(0.616232 0 0)
(0.616229 0 0)
(0.616227 0 0)
(0.616224 0 0)
(0.616222 0 0)
(0.616219 0 0)
(0.616217 0 0)
(0.616214 0 0)
(0.616211 0 0)
(0.616209 0 0)
(0.616206 0 0)
(0.616204 0 0)
(0.616201 0 0)
(0.616199 0 0)
(0.616196 0 0)
(0.616194 0 0)
(0.616191 0 0)
(0.616189 0 0)
(0.616186 0 0)
(0.616183 0 0)
(0.616181 0 0)
(0.616178 0 0)
(0.616176 0 0)
(0.616173 0 0)
(0.616171 0 0)
(0.616168 0 0)
(0.616165 0 0)
(0.616163 0 0)
(0.61616 0 0)
(0.616158 0 0)
(0.616155 0 0)
(0.616153 0 0)
(0.61615 0 0)
(0.616147 0 0)
(0.616145 0 0)
(0.616142 0 0)
(0.61614 0 0)
(0.616137 0 0)
(0.616134 0 0)
(0.616132 0 0)
(0.616129 0 0)
(0.616126 0 0)
(0.616124 0 0)
(0.616121 0 0)
(0.616119 0 0)
(0.616116 0 0)
(0.616113 0 0)
(0.616111 0 0)
(0.616108 0 0)
(0.616105 0 0)
(0.616103 0 0)
(0.6161 0 0)
(0.616097 0 0)
(0.616095 0 0)
(0.616092 0 0)
(0.616089 0 0)
(0.616087 0 0)
(0.616084 0 0)
(0.616081 0 0)
(0.616079 0 0)
(0.616076 0 0)
(0.616073 0 0)
(0.61607 0 0)
(0.616068 0 0)
(0.616065 0 0)
(0.616062 0 0)
(0.61606 0 0)
(0.616057 0 0)
(0.616054 0 0)
(0.616051 0 0)
(0.616049 0 0)
(0.616046 0 0)
(0.616043 0 0)
(0.61604 0 0)
(0.616038 0 0)
(0.616035 0 0)
(0.616032 0 0)
(0.616029 0 0)
(0.616027 0 0)
(0.616024 0 0)
(0.616021 0 0)
(0.616018 0 0)
(0.616015 0 0)
(0.616013 0 0)
(0.61601 0 0)
(0.616007 0 0)
(0.616004 0 0)
(0.616001 0 0)
(0.615998 0 0)
(0.615996 0 0)
(0.615993 0 0)
(0.61599 0 0)
(0.615987 0 0)
(0.615984 0 0)
(0.615981 0 0)
(0.615979 0 0)
(0.615976 0 0)
(0.615973 0 0)
(0.61597 0 0)
(0.615967 0 0)
(0.615964 0 0)
(0.615961 0 0)
(0.615958 0 0)
(0.615955 0 0)
(0.615953 0 0)
(0.61595 0 0)
(0.615947 0 0)
(0.615944 0 0)
(0.615941 0 0)
(0.615938 0 0)
(0.615935 0 0)
(0.615932 0 0)
(0.615929 0 0)
(0.615926 0 0)
(0.615923 0 0)
(0.61592 0 0)
(0.615917 0 0)
(0.615915 0 0)
(0.615912 0 0)
(0.615909 0 0)
(0.615906 0 0)
(0.615903 0 0)
(0.6159 0 0)
(0.615897 0 0)
(0.615894 0 0)
(0.615891 0 0)
(0.615888 0 0)
(0.615885 0 0)
(0.615882 0 0)
(0.615879 0 0)
(0.615876 0 0)
(0.615873 0 0)
(0.61587 0 0)
(0.615867 0 0)
(0.615864 0 0)
(0.615861 0 0)
(0.615858 0 0)
(0.615855 0 0)
(0.615852 0 0)
(0.615849 0 0)
(0.615846 0 0)
(0.615843 0 0)
(0.61584 0 0)
(0.615837 0 0)
(0.615834 0 0)
(0.615831 0 0)
(0.615828 0 0)
(0.615825 0 0)
(0.615822 0 0)
(0.615819 0 0)
(0.615816 0 0)
(0.615813 0 0)
(0.61581 0 0)
(0.615807 0 0)
(0.615804 0 0)
(0.615801 0 0)
(0.615798 0 0)
(0.615795 0 0)
(0.615792 0 0)
(0.615789 0 0)
(0.615786 0 0)
(0.615783 0 0)
(0.61578 0 0)
(0.615777 0 0)
(0.615773 0 0)
(0.61577 0 0)
(0.615767 0 0)
(0.615764 0 0)
(0.615761 0 0)
(0.615758 0 0)
(0.615755 0 0)
(0.615752 0 0)
(0.615749 0 0)
(0.615746 0 0)
(0.615743 0 0)
(0.61574 0 0)
(0.615737 0 0)
(0.615734 0 0)
(0.615731 0 0)
(0.615728 0 0)
(0.615725 0 0)
(0.615722 0 0)
(0.615719 0 0)
(0.615716 0 0)
(0.615713 0 0)
(0.61571 0 0)
(0.615707 0 0)
(0.615704 0 0)
(0.615701 0 0)
(0.615698 0 0)
(0.615695 0 0)
(0.615692 0 0)
(0.615689 0 0)
(0.615686 0 0)
(0.615683 0 0)
(0.61568 0 0)
(0.615677 0 0)
(0.615674 0 0)
(0.615671 0 0)
(0.615668 0 0)
(0.615665 0 0)
(0.615662 0 0)
(0.615659 0 0)
(0.615656 0 0)
(0.615653 0 0)
(0.61565 0 0)
(0.615647 0 0)
(0.615644 0 0)
(0.615641 0 0)
(0.615638 0 0)
(0.615635 0 0)
(0.615632 0 0)
(0.615629 0 0)
(0.615626 0 0)
(0.615623 0 0)
(0.61562 0 0)
(0.615617 0 0)
(0.615614 0 0)
(0.615611 0 0)
(0.615608 0 0)
(0.615605 0 0)
(0.615602 0 0)
(0.615599 0 0)
(0.615596 0 0)
(0.615593 0 0)
(0.61559 0 0)
(0.615587 0 0)
(0.615584 0 0)
(0.615581 0 0)
(0.615578 0 0)
(0.615575 0 0)
(0.615572 0 0)
(0.615569 0 0)
(0.615566 0 0)
(0.615563 0 0)
(0.61556 0 0)
(0.615557 0 0)
(0.615554 0 0)
(0.615551 0 0)
(0.615548 0 0)
(0.615545 0 0)
(0.615542 0 0)
(0.615539 0 0)
(0.615536 0 0)
(0.615533 0 0)
(0.61553 0 0)
(0.615527 0 0)
(0.615524 0 0)
(0.615521 0 0)
(0.615518 0 0)
(0.615515 0 0)
(0.615512 0 0)
(0.615509 0 0)
(0.615506 0 0)
(0.615503 0 0)
(0.6155 0 0)
(0.615497 0 0)
(0.615494 0 0)
(0.615491 0 0)
(0.615488 0 0)
(0.615485 0 0)
(0.615482 0 0)
(0.615479 0 0)
(0.615476 0 0)
(0.615473 0 0)
(0.61547 0 0)
(0.615467 0 0)
(0.615464 0 0)
(0.615461 0 0)
(0.615458 0 0)
(0.615455 0 0)
(0.615452 0 0)
(0.615449 0 0)
(0.615446 0 0)
(0.615443 0 0)
(0.615439 0 0)
(0.615436 0 0)
(0.615433 0 0)
(0.61543 0 0)
(0.615427 0 0)
(0.615424 0 0)
(0.615421 0 0)
(0.615418 0 0)
(0.615415 0 0)
(0.615412 0 0)
(0.615409 0 0)
(0.615406 0 0)
(0.615403 0 0)
(0.615399 0 0)
(0.615396 0 0)
(0.615393 0 0)
(0.61539 0 0)
(0.615387 0 0)
(0.615384 0 0)
(0.615381 0 0)
(0.615378 0 0)
(0.615375 0 0)
(0.615372 0 0)
(0.615368 0 0)
(0.615365 0 0)
(0.615362 0 0)
(0.615359 0 0)
(0.615356 0 0)
(0.615353 0 0)
(0.61535 0 0)
(0.615347 0 0)
(0.615343 0 0)
(0.61534 0 0)
(0.615337 0 0)
(0.615334 0 0)
(0.615331 0 0)
(0.615328 0 0)
(0.615325 0 0)
(0.615321 0 0)
(0.615318 0 0)
(0.615315 0 0)
(0.615312 0 0)
(0.615309 0 0)
(0.615306 0 0)
(0.615303 0 0)
(0.615299 0 0)
(0.615296 0 0)
(0.615293 0 0)
(0.61529 0 0)
(0.615287 0 0)
(0.615284 0 0)
(0.61528 0 0)
(0.615277 0 0)
(0.615274 0 0)
(0.615271 0 0)
(0.615268 0 0)
(0.615265 0 0)
(0.615262 0 0)
(0.615258 0 0)
(0.615255 0 0)
(0.615252 0 0)
(0.615249 0 0)
(0.615246 0 0)
(0.615243 0 0)
(0.615239 0 0)
(0.615236 0 0)
(0.615233 0 0)
(0.61523 0 0)
(0.615227 0 0)
(0.615224 0 0)
(0.61522 0 0)
(0.615217 0 0)
(0.615214 0 0)
(0.615211 0 0)
(0.615208 0 0)
(0.615205 0 0)
(0.615202 0 0)
(0.615198 0 0)
(0.615195 0 0)
(0.615192 0 0)
(0.615189 0 0)
(0.615186 0 0)
(0.615183 0 0)
(0.615179 0 0)
(0.615176 0 0)
(0.615173 0 0)
(0.61517 0 0)
(0.615167 0 0)
(0.615164 0 0)
(0.615161 0 0)
(0.615157 0 0)
(0.615154 0 0)
(0.615151 0 0)
(0.615148 0 0)
(0.615145 0 0)
(0.615142 0 0)
(0.615139 0 0)
(0.615135 0 0)
(0.615132 0 0)
(0.615129 0 0)
(0.615126 0 0)
(0.615123 0 0)
(0.61512 0 0)
(0.615117 0 0)
(0.615114 0 0)
(0.61511 0 0)
(0.615107 0 0)
(0.615104 0 0)
(0.615101 0 0)
(0.615098 0 0)
(0.615095 0 0)
(0.615092 0 0)
(0.615089 0 0)
(0.615085 0 0)
(0.615082 0 0)
(0.615079 0 0)
(0.615076 0 0)
(0.615073 0 0)
(0.61507 0 0)
(0.615067 0 0)
(0.615064 0 0)
(0.61506 0 0)
(0.615057 0 0)
(0.615054 0 0)
(0.615051 0 0)
(0.615048 0 0)
(0.615045 0 0)
(0.615042 0 0)
(0.615039 0 0)
(0.615035 0 0)
(0.615032 0 0)
(0.615029 0 0)
(0.615026 0 0)
(0.615023 0 0)
(0.61502 0 0)
(0.615017 0 0)
(0.615014 0 0)
(0.61501 0 0)
(0.615007 0 0)
(0.615004 0 0)
(0.615001 0 0)
(0.614998 0 0)
(0.614995 0 0)
(0.614992 0 0)
(0.614988 0 0)
(0.614985 0 0)
(0.614982 0 0)
(0.614979 0 0)
(0.614976 0 0)
(0.614973 0 0)
(0.61497 0 0)
(0.614966 0 0)
(0.614963 0 0)
(0.61496 0 0)
(0.614957 0 0)
(0.614954 0 0)
(0.614951 0 0)
(0.614948 0 0)
(0.614944 0 0)
(0.614941 0 0)
(0.614938 0 0)
(0.614935 0 0)
(0.614932 0 0)
(0.614929 0 0)
(0.614925 0 0)
(0.614922 0 0)
(0.614919 0 0)
(0.614916 0 0)
(0.614913 0 0)
(0.614909 0 0)
(0.614906 0 0)
(0.614903 0 0)
(0.6149 0 0)
(0.614897 0 0)
(0.614893 0 0)
(0.61489 0 0)
(0.614887 0 0)
(0.614884 0 0)
(0.614881 0 0)
(0.614877 0 0)
(0.614874 0 0)
(0.614871 0 0)
(0.614868 0 0)
(0.614864 0 0)
(0.614861 0 0)
(0.614858 0 0)
(0.614855 0 0)
(0.614851 0 0)
(0.614848 0 0)
(0.614845 0 0)
(0.614842 0 0)
(0.614838 0 0)
(0.614835 0 0)
(0.614832 0 0)
(0.614829 0 0)
(0.614825 0 0)
(0.614822 0 0)
(0.614819 0 0)
(0.614816 0 0)
(0.614812 0 0)
(0.614809 0 0)
(0.614806 0 0)
(0.614802 0 0)
(0.614799 0 0)
(0.614796 0 0)
(0.614793 0 0)
(0.614789 0 0)
(0.614786 0 0)
(0.614783 0 0)
(0.614779 0 0)
(0.614776 0 0)
(0.614773 0 0)
(0.614769 0 0)
(0.614766 0 0)
(0.614763 0 0)
(0.614759 0 0)
(0.614756 0 0)
(0.614753 0 0)
(0.61475 0 0)
(0.614746 0 0)
(0.614743 0 0)
(0.61474 0 0)
(0.614736 0 0)
(0.614733 0 0)
(0.61473 0 0)
(0.614726 0 0)
(0.614723 0 0)
(0.61472 0 0)
(0.614716 0 0)
(0.614713 0 0)
(0.61471 0 0)
(0.614706 0 0)
(0.614703 0 0)
(0.6147 0 0)
(0.614696 0 0)
(0.614693 0 0)
(0.61469 0 0)
(0.614686 0 0)
(0.614683 0 0)
(0.614679 0 0)
(0.614676 0 0)
(0.614673 0 0)
(0.614669 0 0)
(0.614666 0 0)
(0.614663 0 0)
(0.614659 0 0)
(0.614656 0 0)
(0.614653 0 0)
(0.614649 0 0)
(0.614646 0 0)
(0.614643 0 0)
(0.614639 0 0)
(0.614636 0 0)
(0.614633 0 0)
(0.614629 0 0)
(0.614626 0 0)
(0.614623 0 0)
(0.614619 0 0)
(0.614616 0 0)
(0.614613 0 0)
(0.614609 0 0)
(0.614606 0 0)
(0.614603 0 0)
(0.614599 0 0)
(0.614596 0 0)
(0.614593 0 0)
(0.614589 0 0)
(0.614586 0 0)
(0.614582 0 0)
(0.614579 0 0)
(0.614576 0 0)
(0.614572 0 0)
(0.614569 0 0)
(0.614566 0 0)
(0.614562 0 0)
(0.614559 0 0)
(0.614556 0 0)
(0.614552 0 0)
(0.614549 0 0)
(0.614546 0 0)
(0.614542 0 0)
(0.614539 0 0)
(0.614536 0 0)
(0.614532 0 0)
(0.614529 0 0)
(0.614526 0 0)
(0.614522 0 0)
(0.614519 0 0)
(0.614516 0 0)
(0.614512 0 0)
(0.614509 0 0)
(0.614506 0 0)
(0.614502 0 0)
(0.614499 0 0)
(0.614496 0 0)
(0.614492 0 0)
(0.614489 0 0)
(0.614486 0 0)
(0.614482 0 0)
(0.614479 0 0)
(0.614476 0 0)
(0.614472 0 0)
(0.614469 0 0)
(0.614466 0 0)
(0.614462 0 0)
(0.614459 0 0)
(0.614456 0 0)
(0.614452 0 0)
(0.614449 0 0)
(0.614445 0 0)
(0.614442 0 0)
(0.614439 0 0)
(0.614435 0 0)
(0.614432 0 0)
(0.614429 0 0)
(0.614425 0 0)
(0.614422 0 0)
(0.614419 0 0)
(0.614415 0 0)
(0.614412 0 0)
(0.614408 0 0)
(0.614405 0 0)
(0.614402 0 0)
(0.614398 0 0)
(0.614395 0 0)
(0.614392 0 0)
(0.614388 0 0)
(0.614385 0 0)
(0.614381 0 0)
(0.614378 0 0)
(0.614375 0 0)
(0.614371 0 0)
(0.614368 0 0)
(0.614364 0 0)
(0.614361 0 0)
(0.614357 0 0)
(0.614354 0 0)
(0.614351 0 0)
(0.614347 0 0)
(0.614344 0 0)
(0.61434 0 0)
(0.614337 0 0)
(0.614333 0 0)
(0.61433 0 0)
(0.614326 0 0)
(0.614323 0 0)
(0.61432 0 0)
(0.614316 0 0)
(0.614313 0 0)
(0.614309 0 0)
(0.614306 0 0)
(0.614302 0 0)
(0.614299 0 0)
(0.614295 0 0)
(0.614292 0 0)
(0.614288 0 0)
(0.614285 0 0)
(0.614281 0 0)
(0.614278 0 0)
(0.614274 0 0)
(0.614271 0 0)
(0.614267 0 0)
(0.614264 0 0)
(0.61426 0 0)
(0.614257 0 0)
(0.614253 0 0)
(0.61425 0 0)
(0.614246 0 0)
(0.614243 0 0)
(0.614239 0 0)
(0.614236 0 0)
(0.614232 0 0)
(0.614228 0 0)
(0.614225 0 0)
(0.614221 0 0)
(0.614218 0 0)
(0.614214 0 0)
(0.614211 0 0)
(0.614207 0 0)
(0.614204 0 0)
(0.6142 0 0)
(0.614197 0 0)
(0.614193 0 0)
(0.614189 0 0)
(0.614186 0 0)
(0.614182 0 0)
(0.614179 0 0)
(0.614175 0 0)
(0.614171 0 0)
(0.614168 0 0)
(0.614164 0 0)
(0.614161 0 0)
(0.614157 0 0)
(0.614154 0 0)
(0.61415 0 0)
(0.614146 0 0)
(0.614143 0 0)
(0.614139 0 0)
(0.614136 0 0)
(0.614132 0 0)
(0.614128 0 0)
(0.614125 0 0)
(0.614121 0 0)
(0.614117 0 0)
(0.614114 0 0)
(0.61411 0 0)
(0.614107 0 0)
(0.614103 0 0)
(0.614099 0 0)
(0.614096 0 0)
(0.614092 0 0)
(0.614089 0 0)
(0.614085 0 0)
(0.614081 0 0)
(0.614078 0 0)
(0.614074 0 0)
(0.61407 0 0)
(0.614067 0 0)
(0.614063 0 0)
(0.61406 0 0)
(0.614056 0 0)
(0.614052 0 0)
(0.614049 0 0)
(0.614045 0 0)
(0.614042 0 0)
(0.614038 0 0)
(0.614034 0 0)
(0.614031 0 0)
(0.614027 0 0)
(0.614023 0 0)
(0.61402 0 0)
(0.614016 0 0)
(0.614013 0 0)
(0.614009 0 0)
(0.614005 0 0)
(0.614002 0 0)
(0.613998 0 0)
(0.613995 0 0)
(0.613991 0 0)
(0.613987 0 0)
(0.613984 0 0)
(0.61398 0 0)
(0.613977 0 0)
(0.613973 0 0)
(0.613969 0 0)
(0.613966 0 0)
(0.613962 0 0)
(0.613959 0 0)
(0.613955 0 0)
(0.613951 0 0)
(0.613948 0 0)
(0.613944 0 0)
(0.613941 0 0)
(0.613937 0 0)
(0.613933 0 0)
(0.61393 0 0)
(0.613926 0 0)
(0.613923 0 0)
(0.613919 0 0)
(0.613915 0 0)
(0.613912 0 0)
(0.613908 0 0)
(0.613905 0 0)
(0.613901 0 0)
(0.613897 0 0)
(0.613894 0 0)
(0.61389 0 0)
(0.613886 0 0)
(0.613883 0 0)
(0.613879 0 0)
(0.613875 0 0)
(0.613872 0 0)
(0.613868 0 0)
(0.613865 0 0)
(0.613861 0 0)
(0.613857 0 0)
(0.613854 0 0)
(0.61385 0 0)
(0.613846 0 0)
(0.613843 0 0)
(0.613839 0 0)
(0.613835 0 0)
(0.613832 0 0)
(0.613828 0 0)
(0.613824 0 0)
(0.613821 0 0)
(0.613817 0 0)
(0.613813 0 0)
(0.61381 0 0)
(0.613806 0 0)
(0.613802 0 0)
(0.613799 0 0)
(0.613795 0 0)
(0.613791 0 0)
(0.613788 0 0)
(0.613784 0 0)
(0.61378 0 0)
(0.613776 0 0)
(0.613773 0 0)
(0.613769 0 0)
(0.613765 0 0)
(0.613762 0 0)
(0.613758 0 0)
(0.613754 0 0)
(0.613751 0 0)
(0.613747 0 0)
(0.613743 0 0)
(0.613739 0 0)
(0.613736 0 0)
(0.613732 0 0)
(0.613728 0 0)
(0.613725 0 0)
(0.613721 0 0)
(0.613717 0 0)
(0.613713 0 0)
(0.61371 0 0)
(0.613706 0 0)
(0.613702 0 0)
(0.613698 0 0)
(0.613695 0 0)
(0.613691 0 0)
(0.613687 0 0)
(0.613683 0 0)
(0.61368 0 0)
(0.613675 0 0)
)
;

boundaryField
{
    inlet
    {
        type            flowRateInlet;
        flowRate        0.0625;
        value           uniform (0.625 -0 -0);
    }
    outlet
    {
        type            zeroGradient;
    }
    right
    {
        type            empty;
    }
    left
    {
        type            empty;
    }
    atmosphere
    {
        type            empty;
    }
    bottomWall
    {
        type            empty;
    }
}


// ************************************************************************* //
