/*--------------------------------*- C++ -*----------------------------------*\
| =========                 |                                                 |
| \\      /  F ield         | foam-extend: Open Source CFD                    |
|  \\    /   O peration     | Version:     3.1                                |
|   \\  /    A nd           | Web:         http://www.extend-project.de       |
|    \\/     M anipulation  |                                                 |
\*---------------------------------------------------------------------------*/
FoamFile
{
    version     2.0;
    format      ascii;
    class       volVectorField;
    location    "40";
    object      U;
}
// * * * * * * * * * * * * * * * * * * * * * * * * * * * * * * * * * * * * * //

dimensions      [0 1 -1 0 0 0 0];

internalField   nonuniform List<vector> 
2539
(
(0.72865 0 0)
(0.729043 0 0)
(0.729845 0 0)
(0.730632 0 0)
(0.731421 0 0)
(0.732211 0 0)
(0.733004 0 0)
(0.733799 0 0)
(0.734596 0 0)
(0.735394 0 0)
(0.736195 0 0)
(0.736997 0 0)
(0.737801 0 0)
(0.738608 0 0)
(0.739416 0 0)
(0.740226 0 0)
(0.741038 0 0)
(0.741853 0 0)
(0.742669 0 0)
(0.743487 0 0)
(0.744307 0 0)
(0.74513 0 0)
(0.745954 0 0)
(0.74678 0 0)
(0.747609 0 0)
(0.748439 0 0)
(0.749272 0 0)
(0.750106 0 0)
(0.750943 0 0)
(0.751782 0 0)
(0.752622 0 0)
(0.753465 0 0)
(0.75431 0 0)
(0.755158 0 0)
(0.756007 0 0)
(0.756859 0 0)
(0.757712 0 0)
(0.758568 0 0)
(0.759426 0 0)
(0.760286 0 0)
(0.761149 0 0)
(0.762013 0 0)
(0.76288 0 0)
(0.763749 0 0)
(0.76462 0 0)
(0.765494 0 0)
(0.766369 0 0)
(0.767247 0 0)
(0.768128 0 0)
(0.76901 0 0)
(0.769895 0 0)
(0.770782 0 0)
(0.771672 0 0)
(0.772564 0 0)
(0.773458 0 0)
(0.774354 0 0)
(0.775253 0 0)
(0.776154 0 0)
(0.777058 0 0)
(0.777964 0 0)
(0.778872 0 0)
(0.779783 0 0)
(0.780696 0 0)
(0.781612 0 0)
(0.78253 0 0)
(0.78345 0 0)
(0.784373 0 0)
(0.785299 0 0)
(0.786227 0 0)
(0.787157 0 0)
(0.78809 0 0)
(0.789026 0 0)
(0.789964 0 0)
(0.790904 0 0)
(0.791847 0 0)
(0.792793 0 0)
(0.793741 0 0)
(0.794692 0 0)
(0.795646 0 0)
(0.796602 0 0)
(0.797561 0 0)
(0.798522 0 0)
(0.799486 0 0)
(0.800453 0 0)
(0.801422 0 0)
(0.802394 0 0)
(0.803369 0 0)
(0.804347 0 0)
(0.805327 0 0)
(0.80631 0 0)
(0.807296 0 0)
(0.808285 0 0)
(0.809276 0 0)
(0.81027 0 0)
(0.811267 0 0)
(0.812267 0 0)
(0.81327 0 0)
(0.814275 0 0)
(0.815284 0 0)
(0.816295 0 0)
(0.817309 0 0)
(0.818326 0 0)
(0.819347 0 0)
(0.82037 0 0)
(0.821396 0 0)
(0.822425 0 0)
(0.823457 0 0)
(0.824492 0 0)
(0.82553 0 0)
(0.826571 0 0)
(0.827615 0 0)
(0.828662 0 0)
(0.829712 0 0)
(0.830766 0 0)
(0.831822 0 0)
(0.832882 0 0)
(0.833945 0 0)
(0.835011 0 0)
(0.83608 0 0)
(0.837153 0 0)
(0.838228 0 0)
(0.839307 0 0)
(0.840389 0 0)
(0.841475 0 0)
(0.842563 0 0)
(0.843655 0 0)
(0.844751 0 0)
(0.845849 0 0)
(0.846952 0 0)
(0.848057 0 0)
(0.849166 0 0)
(0.850278 0 0)
(0.851394 0 0)
(0.852513 0 0)
(0.853636 0 0)
(0.854762 0 0)
(0.855892 0 0)
(0.857025 0 0)
(0.858162 0 0)
(0.859302 0 0)
(0.860446 0 0)
(0.861594 0 0)
(0.862745 0 0)
(0.8639 0 0)
(0.865058 0 0)
(0.866221 0 0)
(0.867387 0 0)
(0.868556 0 0)
(0.86973 0 0)
(0.870907 0 0)
(0.872088 0 0)
(0.873273 0 0)
(0.874462 0 0)
(0.875655 0 0)
(0.876851 0 0)
(0.878052 0 0)
(0.879256 0 0)
(0.880465 0 0)
(0.881677 0 0)
(0.882894 0 0)
(0.884114 0 0)
(0.885339 0 0)
(0.886568 0 0)
(0.887801 0 0)
(0.889038 0 0)
(0.890279 0 0)
(0.891524 0 0)
(0.892774 0 0)
(0.894027 0 0)
(0.895286 0 0)
(0.896548 0 0)
(0.897815 0 0)
(0.899086 0 0)
(0.900361 0 0)
(0.901641 0 0)
(0.902925 0 0)
(0.904214 0 0)
(0.905508 0 0)
(0.906805 0 0)
(0.908108 0 0)
(0.909415 0 0)
(0.910726 0 0)
(0.912043 0 0)
(0.913364 0 0)
(0.914689 0 0)
(0.916634 0 0)
(0.918329 0 0)
(0.91879 0 0)
(0.919186 0 0)
(0.91958 0 0)
(0.919973 0 0)
(0.920367 0 0)
(0.920762 0 0)
(0.921157 0 0)
(0.921552 0 0)
(0.921948 0 0)
(0.922344 0 0)
(0.92274 0 0)
(0.923137 0 0)
(0.923535 0 0)
(0.923933 0 0)
(0.924331 0 0)
(0.92473 0 0)
(0.925129 0 0)
(0.925528 0 0)
(0.925928 0 0)
(0.926329 0 0)
(0.92673 0 0)
(0.927131 0 0)
(0.927533 0 0)
(0.927935 0 0)
(0.928337 0 0)
(0.92874 0 0)
(0.929144 0 0)
(0.929548 0 0)
(0.929952 0 0)
(0.930357 0 0)
(0.930762 0 0)
(0.931168 0 0)
(0.931574 0 0)
(0.93198 0 0)
(0.932387 0 0)
(0.932795 0 0)
(0.933203 0 0)
(0.933611 0 0)
(0.93402 0 0)
(0.934429 0 0)
(0.934839 0 0)
(0.935249 0 0)
(0.935659 0 0)
(0.936071 0 0)
(0.936482 0 0)
(0.936894 0 0)
(0.937306 0 0)
(0.937719 0 0)
(0.938133 0 0)
(0.938546 0 0)
(0.938961 0 0)
(0.939375 0 0)
(0.939791 0 0)
(0.940206 0 0)
(0.940622 0 0)
(0.941039 0 0)
(0.941456 0 0)
(0.941873 0 0)
(0.942291 0 0)
(0.94271 0 0)
(0.943129 0 0)
(0.943548 0 0)
(0.943968 0 0)
(0.944388 0 0)
(0.944809 0 0)
(0.94523 0 0)
(0.945652 0 0)
(0.946074 0 0)
(0.946497 0 0)
(0.94692 0 0)
(0.947344 0 0)
(0.947768 0 0)
(0.948193 0 0)
(0.948618 0 0)
(0.949044 0 0)
(0.94947 0 0)
(0.949896 0 0)
(0.950323 0 0)
(0.950751 0 0)
(0.951179 0 0)
(0.951607 0 0)
(0.952036 0 0)
(0.952466 0 0)
(0.952896 0 0)
(0.953327 0 0)
(0.953758 0 0)
(0.954189 0 0)
(0.954621 0 0)
(0.955054 0 0)
(0.955487 0 0)
(0.95592 0 0)
(0.956354 0 0)
(0.956789 0 0)
(0.957224 0 0)
(0.957659 0 0)
(0.958095 0 0)
(0.958532 0 0)
(0.958969 0 0)
(0.959406 0 0)
(0.959844 0 0)
(0.960283 0 0)
(0.960722 0 0)
(0.961162 0 0)
(0.961602 0 0)
(0.962042 0 0)
(0.962484 0 0)
(0.962925 0 0)
(0.963368 0 0)
(0.96381 0 0)
(0.964254 0 0)
(0.964697 0 0)
(0.965142 0 0)
(0.965586 0 0)
(0.966032 0 0)
(0.966478 0 0)
(0.966924 0 0)
(0.967371 0 0)
(0.967819 0 0)
(0.968267 0 0)
(0.968715 0 0)
(0.969164 0 0)
(0.969614 0 0)
(0.970064 0 0)
(0.970515 0 0)
(0.970966 0 0)
(0.971418 0 0)
(0.97187 0 0)
(0.972323 0 0)
(0.972777 0 0)
(0.973231 0 0)
(0.973685 0 0)
(0.97414 0 0)
(0.974596 0 0)
(0.975052 0 0)
(0.975509 0 0)
(0.975966 0 0)
(0.976424 0 0)
(0.976882 0 0)
(0.977341 0 0)
(0.977801 0 0)
(0.978261 0 0)
(0.978722 0 0)
(0.979183 0 0)
(0.979645 0 0)
(0.980107 0 0)
(0.98057 0 0)
(0.981033 0 0)
(0.981497 0 0)
(0.981962 0 0)
(0.982427 0 0)
(0.982893 0 0)
(0.98336 0 0)
(0.983826 0 0)
(0.984294 0 0)
(0.984762 0 0)
(0.985231 0 0)
(0.9857 0 0)
(0.98617 0 0)
(0.98664 0 0)
(0.987112 0 0)
(0.987583 0 0)
(0.988055 0 0)
(0.988528 0 0)
(0.989002 0 0)
(0.989476 0 0)
(0.98995 0 0)
(0.990425 0 0)
(0.990901 0 0)
(0.991378 0 0)
(0.991855 0 0)
(0.992332 0 0)
(0.992811 0 0)
(0.993289 0 0)
(0.993769 0 0)
(0.994249 0 0)
(0.994729 0 0)
(0.995211 0 0)
(0.995693 0 0)
(0.996175 0 0)
(0.996658 0 0)
(0.997142 0 0)
(0.997626 0 0)
(0.998111 0 0)
(0.998597 0 0)
(0.999083 0 0)
(0.99957 0 0)
(1.00006 0 0)
(1.00055 0 0)
(1.00103 0 0)
(1.00152 0 0)
(1.00201 0 0)
(1.0025 0 0)
(1.003 0 0)
(1.00349 0 0)
(1.00398 0 0)
(1.00447 0 0)
(1.00495 0 0)
(1.00584 0 0)
(0.998313 0 0)
(1.05607 0 0)
(1.12622 0 0)
(1.1704 0 0)
(1.19857 0 0)
(1.21858 0 0)
(1.23419 0 0)
(1.24728 0 0)
(1.25884 0 0)
(1.26938 0 0)
(1.27922 0 0)
(1.28853 0 0)
(1.29743 0 0)
(1.306 0 0)
(1.3143 0 0)
(1.32236 0 0)
(1.33022 0 0)
(1.3379 0 0)
(1.34543 0 0)
(1.35281 0 0)
(1.36006 0 0)
(1.3672 0 0)
(1.37424 0 0)
(1.38118 0 0)
(1.38804 0 0)
(1.39481 0 0)
(1.40151 0 0)
(1.40814 0 0)
(1.41471 0 0)
(1.42122 0 0)
(1.42767 0 0)
(1.43408 0 0)
(1.44044 0 0)
(1.44675 0 0)
(1.45302 0 0)
(1.45926 0 0)
(1.46546 0 0)
(1.47163 0 0)
(1.47776 0 0)
(1.48387 0 0)
(1.48995 0 0)
(1.49601 0 0)
(1.50205 0 0)
(1.50806 0 0)
(1.51406 0 0)
(1.52003 0 0)
(1.52599 0 0)
(1.53194 0 0)
(1.53787 0 0)
(1.54379 0 0)
(1.5497 0 0)
(1.5556 0 0)
(1.5615 0 0)
(1.56738 0 0)
(1.57326 0 0)
(1.57914 0 0)
(1.58501 0 0)
(1.59089 0 0)
(1.59676 0 0)
(1.60263 0 0)
(1.6085 0 0)
(1.61438 0 0)
(1.62027 0 0)
(1.62616 0 0)
(1.63206 0 0)
(1.63796 0 0)
(1.64388 0 0)
(1.64982 0 0)
(1.65577 0 0)
(1.66173 0 0)
(1.66771 0 0)
(1.67372 0 0)
(1.67975 0 0)
(1.68581 0 0)
(1.6919 0 0)
(1.69802 0 0)
(1.70418 0 0)
(1.71038 0 0)
(1.71663 0 0)
(1.72293 0 0)
(1.7293 0 0)
(1.73573 0 0)
(1.74224 0 0)
(1.74884 0 0)
(1.75554 0 0)
(1.76236 0 0)
(1.76932 0 0)
(1.77644 0 0)
(1.78376 0 0)
(1.79132 0 0)
(1.79918 0 0)
(1.80739 0 0)
(1.81604 0 0)
(1.82526 0 0)
(1.83516 0 0)
(1.84591 0 0)
(1.85771 0 0)
(1.87076 0 0)
(1.88526 0 0)
(1.90134 0 0)
(1.94507 0 0)
(1.96562 0 0)
(1.98484 0 0)
(2.00291 0 0)
(2.02001 0 0)
(2.03627 0 0)
(2.05178 0 0)
(2.06664 0 0)
(2.08092 0 0)
(2.09468 0 0)
(2.10797 0 0)
(2.12083 0 0)
(2.1333 0 0)
(2.14541 0 0)
(2.1572 0 0)
(2.16868 0 0)
(2.17988 0 0)
(2.19083 0 0)
(2.20152 0 0)
(2.212 0 0)
(2.22225 0 0)
(2.23231 0 0)
(2.24218 0 0)
(2.25187 0 0)
(2.26139 0 0)
(2.27075 0 0)
(2.27995 0 0)
(2.28902 0 0)
(2.29794 0 0)
(2.30674 0 0)
(2.31541 0 0)
(2.32396 0 0)
(2.33239 0 0)
(2.34071 0 0)
(2.34893 0 0)
(2.35705 0 0)
(2.36507 0 0)
(2.37299 0 0)
(2.38083 0 0)
(2.38857 0 0)
(2.39623 0 0)
(2.40381 0 0)
(2.41131 0 0)
(2.41874 0 0)
(2.42609 0 0)
(2.43337 0 0)
(2.44058 0 0)
(2.44772 0 0)
(2.4548 0 0)
(2.46181 0 0)
(2.46876 0 0)
(2.47565 0 0)
(2.48248 0 0)
(2.48926 0 0)
(2.49598 0 0)
(2.50265 0 0)
(2.50926 0 0)
(2.51582 0 0)
(2.52233 0 0)
(2.5288 0 0)
(2.53521 0 0)
(2.54158 0 0)
(2.5479 0 0)
(2.55418 0 0)
(2.56042 0 0)
(2.56661 0 0)
(2.57276 0 0)
(2.57887 0 0)
(2.58494 0 0)
(2.59097 0 0)
(2.59696 0 0)
(2.60291 0 0)
(2.60883 0 0)
(2.61471 0 0)
(2.62056 0 0)
(2.62637 0 0)
(2.63214 0 0)
(2.63789 0 0)
(2.6436 0 0)
(2.64927 0 0)
(2.65492 0 0)
(2.66053 0 0)
(2.66612 0 0)
(2.67167 0 0)
(2.67719 0 0)
(2.68269 0 0)
(2.68815 0 0)
(2.69359 0 0)
(2.699 0 0)
(2.70438 0 0)
(2.70974 0 0)
(2.71507 0 0)
(2.72037 0 0)
(2.72564 0 0)
(2.73089 0 0)
(2.73614 0 0)
(2.74141 0 0)
(2.74668 0 0)
(2.7518 0 0)
(2.75646 0 0)
(2.76028 0 0)
(2.76361 0 0)
(2.76692 0 0)
(2.77022 0 0)
(2.77352 0 0)
(2.7768 0 0)
(2.78008 0 0)
(2.78334 0 0)
(2.78659 0 0)
(2.78984 0 0)
(2.79307 0 0)
(2.7963 0 0)
(2.79951 0 0)
(2.80272 0 0)
(2.80592 0 0)
(2.80911 0 0)
(2.81229 0 0)
(2.81546 0 0)
(2.81862 0 0)
(2.82177 0 0)
(2.82491 0 0)
(2.82805 0 0)
(2.83117 0 0)
(2.83429 0 0)
(2.8374 0 0)
(2.8405 0 0)
(2.84359 0 0)
(2.84667 0 0)
(2.84975 0 0)
(2.85281 0 0)
(2.85587 0 0)
(2.85892 0 0)
(2.86196 0 0)
(2.865 0 0)
(2.86802 0 0)
(2.87104 0 0)
(2.87405 0 0)
(2.87706 0 0)
(2.88005 0 0)
(2.88304 0 0)
(2.88602 0 0)
(2.88899 0 0)
(2.89195 0 0)
(2.89491 0 0)
(2.89786 0 0)
(2.9008 0 0)
(2.90374 0 0)
(2.90667 0 0)
(2.90959 0 0)
(2.9125 0 0)
(2.91541 0 0)
(2.91831 0 0)
(2.9212 0 0)
(2.92409 0 0)
(2.92697 0 0)
(2.92984 0 0)
(2.9327 0 0)
(2.93556 0 0)
(2.93841 0 0)
(2.94126 0 0)
(2.9441 0 0)
(2.94693 0 0)
(2.94975 0 0)
(2.95257 0 0)
(2.95538 0 0)
(2.95819 0 0)
(2.96099 0 0)
(2.96378 0 0)
(2.96657 0 0)
(2.96935 0 0)
(2.97212 0 0)
(2.97489 0 0)
(2.97765 0 0)
(2.98041 0 0)
(2.98315 0 0)
(2.9859 0 0)
(2.98864 0 0)
(2.99137 0 0)
(2.99409 0 0)
(2.99681 0 0)
(2.99952 0 0)
(3.00223 0 0)
(3.00493 0 0)
(3.00763 0 0)
(3.01032 0 0)
(3.013 0 0)
(3.01568 0 0)
(3.01836 0 0)
(3.02102 0 0)
(3.02369 0 0)
(3.02634 0 0)
(3.02899 0 0)
(3.03164 0 0)
(3.03428 0 0)
(3.03691 0 0)
(3.03954 0 0)
(3.04217 0 0)
(3.04478 0 0)
(3.0474 0 0)
(3.05 0 0)
(3.05261 0 0)
(3.0552 0 0)
(3.05779 0 0)
(3.06038 0 0)
(3.06296 0 0)
(3.06554 0 0)
(3.06811 0 0)
(3.07068 0 0)
(3.07324 0 0)
(3.07579 0 0)
(3.07834 0 0)
(3.08089 0 0)
(3.08343 0 0)
(3.08597 0 0)
(3.0885 0 0)
(3.09102 0 0)
(3.09355 0 0)
(3.09606 0 0)
(3.09857 0 0)
(3.10108 0 0)
(3.10358 0 0)
(3.10608 0 0)
(3.10857 0 0)
(3.11106 0 0)
(3.11354 0 0)
(3.11602 0 0)
(3.1185 0 0)
(3.12097 0 0)
(3.12343 0 0)
(3.12589 0 0)
(3.12835 0 0)
(3.1308 0 0)
(3.13324 0 0)
(3.13569 0 0)
(3.13812 0 0)
(3.14056 0 0)
(3.14298 0 0)
(3.14541 0 0)
(3.14783 0 0)
(3.15024 0 0)
(3.15266 0 0)
(3.15506 0 0)
(3.15746 0 0)
(3.15986 0 0)
(3.16226 0 0)
(3.16465 0 0)
(3.16703 0 0)
(3.16941 0 0)
(3.17179 0 0)
(3.17416 0 0)
(3.17653 0 0)
(3.1789 0 0)
(3.18126 0 0)
(3.18361 0 0)
(3.18596 0 0)
(3.18831 0 0)
(3.19066 0 0)
(3.193 0 0)
(3.19533 0 0)
(3.19766 0 0)
(3.19999 0 0)
(3.20231 0 0)
(3.20463 0 0)
(3.20695 0 0)
(3.20926 0 0)
(3.21157 0 0)
(3.21387 0 0)
(3.21617 0 0)
(3.21847 0 0)
(3.22076 0 0)
(3.22305 0 0)
(3.22534 0 0)
(3.22762 0 0)
(3.2299 0 0)
(3.23217 0 0)
(3.23444 0 0)
(3.2367 0 0)
(3.23897 0 0)
(3.24123 0 0)
(3.24348 0 0)
(3.24573 0 0)
(3.24798 0 0)
(3.25022 0 0)
(3.25246 0 0)
(3.2547 0 0)
(3.25693 0 0)
(3.25916 0 0)
(3.26139 0 0)
(3.26361 0 0)
(3.26583 0 0)
(3.26804 0 0)
(3.27025 0 0)
(3.27246 0 0)
(3.27467 0 0)
(3.27687 0 0)
(3.27906 0 0)
(3.28126 0 0)
(3.28345 0 0)
(3.28563 0 0)
(3.28782 0 0)
(3.29 0 0)
(3.29217 0 0)
(3.29435 0 0)
(3.29652 0 0)
(3.29868 0 0)
(3.30085 0 0)
(3.30301 0 0)
(3.30516 0 0)
(3.30732 0 0)
(3.30947 0 0)
(3.31161 0 0)
(3.31375 0 0)
(3.31589 0 0)
(3.31803 0 0)
(3.32016 0 0)
(3.32229 0 0)
(3.32442 0 0)
(3.32654 0 0)
(3.32866 0 0)
(3.33078 0 0)
(3.33289 0 0)
(3.33501 0 0)
(3.33711 0 0)
(3.33922 0 0)
(3.34132 0 0)
(3.34342 0 0)
(3.34551 0 0)
(3.3476 0 0)
(3.34969 0 0)
(3.35178 0 0)
(3.35386 0 0)
(3.35594 0 0)
(3.35801 0 0)
(3.36009 0 0)
(3.36216 0 0)
(3.36422 0 0)
(3.36629 0 0)
(3.36835 0 0)
(3.37041 0 0)
(3.37246 0 0)
(3.37451 0 0)
(3.37656 0 0)
(3.37861 0 0)
(3.38065 0 0)
(3.38269 0 0)
(3.38473 0 0)
(3.38676 0 0)
(3.38879 0 0)
(3.39082 0 0)
(3.39285 0 0)
(3.39487 0 0)
(3.39689 0 0)
(3.39891 0 0)
(3.40092 0 0)
(3.40293 0 0)
(3.40494 0 0)
(3.40694 0 0)
(3.40895 0 0)
(3.41094 0 0)
(3.41294 0 0)
(3.41494 0 0)
(3.41693 0 0)
(3.41891 0 0)
(3.4209 0 0)
(3.42288 0 0)
(3.42486 0 0)
(3.42684 0 0)
(3.42881 0 0)
(3.43078 0 0)
(3.43275 0 0)
(3.43472 0 0)
(3.43668 0 0)
(3.43864 0 0)
(3.4406 0 0)
(3.44256 0 0)
(3.44451 0 0)
(3.44646 0 0)
(3.44841 0 0)
(3.45035 0 0)
(3.45229 0 0)
(3.45423 0 0)
(3.45617 0 0)
(3.4581 0 0)
(3.46003 0 0)
(3.46196 0 0)
(3.46389 0 0)
(3.46581 0 0)
(3.46773 0 0)
(3.46965 0 0)
(3.47156 0 0)
(3.47348 0 0)
(3.47539 0 0)
(3.47729 0 0)
(3.4792 0 0)
(3.4811 0 0)
(3.483 0 0)
(3.4849 0 0)
(3.48679 0 0)
(3.48869 0 0)
(3.49057 0 0)
(3.49246 0 0)
(3.49435 0 0)
(3.49623 0 0)
(3.49811 0 0)
(3.49999 0 0)
(3.50186 0 0)
(3.50373 0 0)
(3.5056 0 0)
(3.50747 0 0)
(3.50933 0 0)
(3.5112 0 0)
(3.51306 0 0)
(3.51491 0 0)
(3.51677 0 0)
(3.51862 0 0)
(3.52047 0 0)
(3.52232 0 0)
(3.52417 0 0)
(3.52601 0 0)
(3.52785 0 0)
(3.52969 0 0)
(3.53152 0 0)
(3.53336 0 0)
(3.53519 0 0)
(3.53702 0 0)
(3.53884 0 0)
(3.54067 0 0)
(3.54249 0 0)
(3.54431 0 0)
(3.54612 0 0)
(3.54794 0 0)
(3.54975 0 0)
(3.55156 0 0)
(3.55337 0 0)
(3.55517 0 0)
(3.55698 0 0)
(3.55878 0 0)
(3.56058 0 0)
(3.56237 0 0)
(3.56417 0 0)
(3.56596 0 0)
(3.56775 0 0)
(3.56953 0 0)
(3.57132 0 0)
(3.57311 0 0)
(3.57489 0 0)
(3.57666 0 0)
(3.5784 0 0)
(3.58011 0 0)
(3.58187 0 0)
(3.58398 0 0)
(3.58633 0 0)
(3.58868 0 0)
(3.59103 0 0)
(3.59338 0 0)
(3.59572 0 0)
(3.59806 0 0)
(3.60039 0 0)
(3.60272 0 0)
(3.60505 0 0)
(3.60737 0 0)
(3.60969 0 0)
(3.61201 0 0)
(3.61432 0 0)
(3.61663 0 0)
(3.61894 0 0)
(3.62124 0 0)
(3.62354 0 0)
(3.62584 0 0)
(3.62813 0 0)
(3.63042 0 0)
(3.63271 0 0)
(3.63499 0 0)
(3.63728 0 0)
(3.63955 0 0)
(3.64183 0 0)
(3.6441 0 0)
(3.64636 0 0)
(3.64863 0 0)
(3.65089 0 0)
(3.65315 0 0)
(3.6554 0 0)
(3.65765 0 0)
(3.6599 0 0)
(3.66214 0 0)
(3.66439 0 0)
(3.66662 0 0)
(3.66886 0 0)
(3.67109 0 0)
(3.67332 0 0)
(3.67555 0 0)
(3.67777 0 0)
(3.67999 0 0)
(3.6822 0 0)
(3.68442 0 0)
(3.68663 0 0)
(3.68884 0 0)
(3.69104 0 0)
(3.69324 0 0)
(3.69544 0 0)
(3.69763 0 0)
(3.69983 0 0)
(3.70201 0 0)
(3.7042 0 0)
(3.70638 0 0)
(3.70856 0 0)
(3.71074 0 0)
(3.71291 0 0)
(3.71508 0 0)
(3.71725 0 0)
(3.71942 0 0)
(3.72158 0 0)
(3.72374 0 0)
(3.72589 0 0)
(3.72805 0 0)
(3.7302 0 0)
(3.73234 0 0)
(3.73449 0 0)
(3.73663 0 0)
(3.73877 0 0)
(3.7409 0 0)
(3.74304 0 0)
(3.74517 0 0)
(3.74729 0 0)
(3.74942 0 0)
(3.75154 0 0)
(3.75366 0 0)
(3.75577 0 0)
(3.75789 0 0)
(3.76 0 0)
(3.7621 0 0)
(3.76421 0 0)
(3.76631 0 0)
(3.76841 0 0)
(3.7705 0 0)
(3.7726 0 0)
(3.77469 0 0)
(3.77677 0 0)
(3.77886 0 0)
(3.78094 0 0)
(3.78302 0 0)
(3.7851 0 0)
(3.78717 0 0)
(3.78924 0 0)
(3.79131 0 0)
(3.79338 0 0)
(3.79544 0 0)
(3.7975 0 0)
(3.79956 0 0)
(3.80161 0 0)
(3.80366 0 0)
(3.80571 0 0)
(3.80776 0 0)
(3.8098 0 0)
(3.81185 0 0)
(3.81388 0 0)
(3.81592 0 0)
(3.81795 0 0)
(3.81998 0 0)
(3.82201 0 0)
(3.82404 0 0)
(3.82606 0 0)
(3.82808 0 0)
(3.8301 0 0)
(3.83212 0 0)
(3.83413 0 0)
(3.83614 0 0)
(3.83815 0 0)
(3.84015 0 0)
(3.84215 0 0)
(3.84415 0 0)
(3.84615 0 0)
(3.84814 0 0)
(3.85014 0 0)
(3.85213 0 0)
(3.85411 0 0)
(3.8561 0 0)
(3.85808 0 0)
(3.86006 0 0)
(3.86204 0 0)
(3.86401 0 0)
(3.86598 0 0)
(3.86795 0 0)
(3.86992 0 0)
(3.87188 0 0)
(3.87385 0 0)
(3.87581 0 0)
(3.87776 0 0)
(3.87972 0 0)
(3.88167 0 0)
(3.88362 0 0)
(3.88557 0 0)
(3.88751 0 0)
(3.88946 0 0)
(3.8914 0 0)
(3.89333 0 0)
(3.89527 0 0)
(3.8972 0 0)
(3.89913 0 0)
(3.90106 0 0)
(3.90299 0 0)
(3.90491 0 0)
(3.90683 0 0)
(3.90875 0 0)
(3.91066 0 0)
(3.91258 0 0)
(3.91449 0 0)
(3.9164 0 0)
(3.91831 0 0)
(3.92021 0 0)
(3.92211 0 0)
(3.92401 0 0)
(3.92591 0 0)
(3.9278 0 0)
(3.9297 0 0)
(3.93159 0 0)
(3.93347 0 0)
(3.93536 0 0)
(3.93724 0 0)
(3.93913 0 0)
(3.94101 0 0)
(3.94289 0 0)
(3.94476 0 0)
(3.94661 0 0)
(3.94844 0 0)
(3.95032 0 0)
(3.95241 0 0)
(3.95476 0 0)
(3.95667 0 0)
(3.9562 0 0)
(3.95356 0 0)
(3.95242 0 0)
(3.95306 0 0)
(3.95351 0 0)
(3.95393 0 0)
(3.95434 0 0)
(3.95463 0 0)
(3.95471 0 0)
(3.95461 0 0)
(3.95447 0 0)
(3.95431 0 0)
(3.95406 0 0)
(3.95363 0 0)
(3.95305 0 0)
(3.9524 0 0)
(3.95164 0 0)
(3.95077 0 0)
(3.94978 0 0)
(3.94863 0 0)
(3.94742 0 0)
(3.9461 0 0)
(3.94471 0 0)
(3.94324 0 0)
(3.94163 0 0)
(3.93987 0 0)
(3.93796 0 0)
(3.93595 0 0)
(3.93386 0 0)
(3.93169 0 0)
(3.92937 0 0)
(3.92691 0 0)
(3.92432 0 0)
(3.92165 0 0)
(3.91891 0 0)
(3.91606 0 0)
(3.91311 0 0)
(3.91007 0 0)
(3.90686 0 0)
(3.90351 0 0)
(3.90013 0 0)
(3.8966 0 0)
(3.89287 0 0)
(3.88905 0 0)
(3.88516 0 0)
(3.88114 0 0)
(3.87704 0 0)
(3.87285 0 0)
(3.86852 0 0)
(3.86406 0 0)
(3.85953 0 0)
(3.85491 0 0)
(3.85013 0 0)
(3.84519 0 0)
(3.84012 0 0)
(3.83495 0 0)
(3.8297 0 0)
(3.82434 0 0)
(3.81889 0 0)
(3.81335 0 0)
(3.80763 0 0)
(3.80175 0 0)
(3.79572 0 0)
(3.78961 0 0)
(3.78345 0 0)
(3.77719 0 0)
(3.77084 0 0)
(3.76432 0 0)
(3.75763 0 0)
(3.7508 0 0)
(3.74386 0 0)
(3.73682 0 0)
(3.72964 0 0)
(3.72235 0 0)
(3.71497 0 0)
(3.70745 0 0)
(3.69984 0 0)
(3.69212 0 0)
(3.6842 0 0)
(3.67607 0 0)
(3.66778 0 0)
(3.65938 0 0)
(3.65097 0 0)
(3.64252 0 0)
(3.63403 0 0)
(3.62551 0 0)
(3.61677 0 0)
(3.60745 0 0)
(3.59735 0 0)
(3.58667 0 0)
(3.57635 0 0)
(3.56792 0 0)
(3.56272 0 0)
(3.55996 0 0)
(3.55474 0 0)
(3.53854 0 0)
(3.50408 0 0)
(3.45537 0 0)
(3.4166 0 0)
(3.43105 0 0)
(3.54278 0 0)
(3.75155 0 0)
(4.02184 0 0)
(4.02367 0 0)
(4.0255 0 0)
(4.02732 0 0)
(4.02914 0 0)
(4.03096 0 0)
(4.03277 0 0)
(4.03459 0 0)
(4.0364 0 0)
(4.03821 0 0)
(4.04002 0 0)
(4.04182 0 0)
(4.04362 0 0)
(4.04543 0 0)
(4.04722 0 0)
(4.04902 0 0)
(4.05082 0 0)
(4.05261 0 0)
(4.0544 0 0)
(4.05619 0 0)
(4.05797 0 0)
(4.05976 0 0)
(4.06154 0 0)
(4.06332 0 0)
(4.0651 0 0)
(4.06687 0 0)
(4.06865 0 0)
(4.07042 0 0)
(4.07219 0 0)
(4.07396 0 0)
(4.07572 0 0)
(4.07749 0 0)
(4.07925 0 0)
(4.08101 0 0)
(4.08277 0 0)
(4.08452 0 0)
(4.08627 0 0)
(4.08803 0 0)
(4.08978 0 0)
(4.09152 0 0)
(4.09327 0 0)
(4.09501 0 0)
(4.09675 0 0)
(4.09849 0 0)
(4.10023 0 0)
(4.10196 0 0)
(4.1037 0 0)
(4.10543 0 0)
(4.10716 0 0)
(4.10888 0 0)
(4.11061 0 0)
(4.11233 0 0)
(4.11405 0 0)
(4.11577 0 0)
(4.11749 0 0)
(4.11921 0 0)
(4.12092 0 0)
(4.12263 0 0)
(4.12434 0 0)
(4.12605 0 0)
(4.12775 0 0)
(4.12946 0 0)
(4.13116 0 0)
(4.13286 0 0)
(4.13456 0 0)
(4.13625 0 0)
(4.13795 0 0)
(4.13964 0 0)
(4.14133 0 0)
(4.14302 0 0)
(4.1447 0 0)
(4.14639 0 0)
(4.14807 0 0)
(4.14975 0 0)
(4.15143 0 0)
(4.15311 0 0)
(4.15478 0 0)
(4.15646 0 0)
(4.15813 0 0)
(4.1598 0 0)
(4.16147 0 0)
(4.16313 0 0)
(4.16479 0 0)
(4.16643 0 0)
(4.16811 0 0)
(4.16986 0 0)
(4.17168 0 0)
(4.17323 0 0)
(4.17383 0 0)
(4.17374 0 0)
(4.17364 0 0)
(4.17355 0 0)
(4.17345 0 0)
(4.17336 0 0)
(4.17326 0 0)
(4.17317 0 0)
(4.17307 0 0)
(4.17297 0 0)
(4.17288 0 0)
(4.17279 0 0)
(4.17269 0 0)
(4.1726 0 0)
(4.1725 0 0)
(4.17241 0 0)
(4.17231 0 0)
(4.17222 0 0)
(4.17212 0 0)
(4.17203 0 0)
(4.17193 0 0)
(4.17184 0 0)
(4.17174 0 0)
(4.17165 0 0)
(4.17156 0 0)
(4.17146 0 0)
(4.17137 0 0)
(4.17127 0 0)
(4.17118 0 0)
(4.17109 0 0)
(4.17099 0 0)
(4.1709 0 0)
(4.1708 0 0)
(4.17071 0 0)
(4.17062 0 0)
(4.17052 0 0)
(4.17043 0 0)
(4.17034 0 0)
(4.17024 0 0)
(4.17015 0 0)
(4.17006 0 0)
(4.16996 0 0)
(4.16987 0 0)
(4.16978 0 0)
(4.16968 0 0)
(4.16959 0 0)
(4.1695 0 0)
(4.1694 0 0)
(4.16931 0 0)
(4.16922 0 0)
(4.16913 0 0)
(4.16903 0 0)
(4.16894 0 0)
(4.16885 0 0)
(4.16876 0 0)
(4.16866 0 0)
(4.16857 0 0)
(4.16848 0 0)
(4.16839 0 0)
(4.16829 0 0)
(4.1682 0 0)
(4.16811 0 0)
(4.16802 0 0)
(4.16793 0 0)
(4.16783 0 0)
(4.16774 0 0)
(4.16765 0 0)
(4.16756 0 0)
(4.16747 0 0)
(4.16737 0 0)
(4.16728 0 0)
(4.16719 0 0)
(4.1671 0 0)
(4.16701 0 0)
(4.16692 0 0)
(4.16683 0 0)
(4.16673 0 0)
(4.16664 0 0)
(4.16655 0 0)
(4.16646 0 0)
(4.16637 0 0)
(4.16628 0 0)
(4.16619 0 0)
(4.1661 0 0)
(4.16601 0 0)
(4.16591 0 0)
(4.16582 0 0)
(4.16573 0 0)
(4.16564 0 0)
(4.16555 0 0)
(4.16546 0 0)
(4.16537 0 0)
(4.16528 0 0)
(4.16519 0 0)
(4.1651 0 0)
(4.16501 0 0)
(4.16492 0 0)
(4.16483 0 0)
(4.16474 0 0)
(4.16465 0 0)
(4.16456 0 0)
(4.16447 0 0)
(4.16438 0 0)
(4.16429 0 0)
(4.1642 0 0)
(4.16411 0 0)
(4.16402 0 0)
(4.16393 0 0)
(4.16384 0 0)
(4.16375 0 0)
(4.16366 0 0)
(4.16357 0 0)
(4.16348 0 0)
(4.16339 0 0)
(4.1633 0 0)
(4.16321 0 0)
(4.16312 0 0)
(4.16304 0 0)
(4.16295 0 0)
(4.16286 0 0)
(4.16277 0 0)
(4.16268 0 0)
(4.16259 0 0)
(4.1625 0 0)
(4.16241 0 0)
(4.16232 0 0)
(4.16224 0 0)
(4.16215 0 0)
(4.16206 0 0)
(4.16197 0 0)
(4.16188 0 0)
(4.16179 0 0)
(4.1617 0 0)
(4.16162 0 0)
(4.16153 0 0)
(4.16144 0 0)
(4.16135 0 0)
(4.16126 0 0)
(4.16118 0 0)
(4.16109 0 0)
(4.161 0 0)
(4.16091 0 0)
(4.16082 0 0)
(4.16074 0 0)
(4.16065 0 0)
(4.16056 0 0)
(4.16047 0 0)
(4.16038 0 0)
(4.1603 0 0)
(4.16021 0 0)
(4.16012 0 0)
(4.16004 0 0)
(4.15995 0 0)
(4.15986 0 0)
(4.15977 0 0)
(4.15969 0 0)
(4.1596 0 0)
(4.15951 0 0)
(4.15942 0 0)
(4.15934 0 0)
(4.15925 0 0)
(4.15916 0 0)
(4.15908 0 0)
(4.15899 0 0)
(4.1589 0 0)
(4.15882 0 0)
(4.15873 0 0)
(4.15864 0 0)
(4.15856 0 0)
(4.15847 0 0)
(4.15838 0 0)
(4.1583 0 0)
(4.15821 0 0)
(4.15813 0 0)
(4.15804 0 0)
(4.15795 0 0)
(4.15787 0 0)
(4.15778 0 0)
(4.1577 0 0)
(4.15761 0 0)
(4.15752 0 0)
(4.15744 0 0)
(4.15735 0 0)
(4.15727 0 0)
(4.15718 0 0)
(4.1571 0 0)
(4.15701 0 0)
(4.15692 0 0)
(4.15684 0 0)
(4.15675 0 0)
(4.15667 0 0)
(4.15658 0 0)
(4.1565 0 0)
(4.15641 0 0)
(4.15633 0 0)
(4.15624 0 0)
(4.15616 0 0)
(4.15607 0 0)
(4.15599 0 0)
(4.1559 0 0)
(4.15582 0 0)
(4.15573 0 0)
(4.15565 0 0)
(4.15556 0 0)
(4.15548 0 0)
(4.15539 0 0)
(4.15531 0 0)
(4.15522 0 0)
(4.15514 0 0)
(4.15505 0 0)
(4.15497 0 0)
(4.15489 0 0)
(4.15482 0 0)
(4.15473 0 0)
(4.15459 0 0)
(4.15439 0 0)
(4.1543 0 0)
(4.15482 0 0)
(4.15619 0 0)
(4.1564 0 0)
(4.1495 0 0)
(4.13198 0 0)
(4.12586 0 0)
(4.202 0 0)
(4.42109 0 0)
(4.52563 0 0)
(3.6987 0 0)
(2.06881 0 0)
(1.11991 0 0)
(0.942393 0 0)
(0.934957 0 0)
(0.934447 0 0)
(0.934011 0 0)
(0.933576 0 0)
(0.933142 0 0)
(0.932708 0 0)
(0.932275 0 0)
(0.931842 0 0)
(0.93141 0 0)
(0.930978 0 0)
(0.930547 0 0)
(0.930116 0 0)
(0.929686 0 0)
(0.929256 0 0)
(0.928827 0 0)
(0.928398 0 0)
(0.92797 0 0)
(0.927542 0 0)
(0.927115 0 0)
(0.926688 0 0)
(0.926262 0 0)
(0.925836 0 0)
(0.925411 0 0)
(0.924986 0 0)
(0.924561 0 0)
(0.924138 0 0)
(0.923714 0 0)
(0.923291 0 0)
(0.922869 0 0)
(0.922447 0 0)
(0.922025 0 0)
(0.921604 0 0)
(0.921184 0 0)
(0.920763 0 0)
(0.920344 0 0)
(0.919925 0 0)
(0.919506 0 0)
(0.919088 0 0)
(0.91867 0 0)
(0.918253 0 0)
(0.917836 0 0)
(0.91742 0 0)
(0.917004 0 0)
(0.916588 0 0)
(0.916173 0 0)
(0.915759 0 0)
(0.915345 0 0)
(0.914931 0 0)
(0.914518 0 0)
(0.914105 0 0)
(0.913693 0 0)
(0.913281 0 0)
(0.91287 0 0)
(0.912459 0 0)
(0.912049 0 0)
(0.911639 0 0)
(0.911229 0 0)
(0.91082 0 0)
(0.910412 0 0)
(0.910003 0 0)
(0.909596 0 0)
(0.909188 0 0)
(0.908782 0 0)
(0.908375 0 0)
(0.907969 0 0)
(0.907564 0 0)
(0.907159 0 0)
(0.906754 0 0)
(0.90635 0 0)
(0.905946 0 0)
(0.90554 0 0)
(0.905155 0 0)
(0.904979 0 0)
(0.904982 0 0)
(0.904982 0 0)
(0.904983 0 0)
(0.904983 0 0)
(0.904983 0 0)
(0.904983 0 0)
(0.904984 0 0)
(0.904984 0 0)
(0.904984 0 0)
(0.904984 0 0)
(0.904985 0 0)
(0.904985 0 0)
(0.904985 0 0)
(0.904985 0 0)
(0.904986 0 0)
(0.904986 0 0)
(0.904986 0 0)
(0.904986 0 0)
(0.904987 0 0)
(0.904987 0 0)
(0.904987 0 0)
(0.904987 0 0)
(0.904988 0 0)
(0.904988 0 0)
(0.904988 0 0)
(0.904989 0 0)
(0.904989 0 0)
(0.904989 0 0)
(0.904989 0 0)
(0.90499 0 0)
(0.90499 0 0)
(0.90499 0 0)
(0.904991 0 0)
(0.904991 0 0)
(0.904991 0 0)
(0.904991 0 0)
(0.904992 0 0)
(0.904992 0 0)
(0.904992 0 0)
(0.904993 0 0)
(0.904993 0 0)
(0.904993 0 0)
(0.904993 0 0)
(0.904994 0 0)
(0.904994 0 0)
(0.904994 0 0)
(0.904995 0 0)
(0.904995 0 0)
(0.904995 0 0)
(0.904995 0 0)
(0.904996 0 0)
(0.904996 0 0)
(0.904996 0 0)
(0.904996 0 0)
(0.904997 0 0)
(0.904997 0 0)
(0.904997 0 0)
(0.904997 0 0)
(0.904998 0 0)
(0.904998 0 0)
(0.904998 0 0)
(0.904998 0 0)
(0.904999 0 0)
(0.904999 0 0)
(0.904999 0 0)
(0.904999 0 0)
(0.905 0 0)
(0.905 0 0)
(0.905 0 0)
(0.905 0 0)
(0.905001 0 0)
(0.905001 0 0)
(0.905001 0 0)
(0.905001 0 0)
(0.905001 0 0)
(0.905002 0 0)
(0.905002 0 0)
(0.905002 0 0)
(0.905002 0 0)
(0.905003 0 0)
(0.905003 0 0)
(0.905003 0 0)
(0.905003 0 0)
(0.905003 0 0)
(0.905003 0 0)
(0.905004 0 0)
(0.905004 0 0)
(0.905004 0 0)
(0.905004 0 0)
(0.905004 0 0)
(0.905005 0 0)
(0.905005 0 0)
(0.905005 0 0)
(0.905005 0 0)
(0.905005 0 0)
(0.905005 0 0)
(0.905006 0 0)
(0.905006 0 0)
(0.905006 0 0)
(0.905006 0 0)
(0.905006 0 0)
(0.905006 0 0)
(0.905007 0 0)
(0.905007 0 0)
(0.905007 0 0)
(0.905007 0 0)
(0.905007 0 0)
(0.905007 0 0)
(0.905007 0 0)
(0.905008 0 0)
(0.905008 0 0)
(0.905008 0 0)
(0.905008 0 0)
(0.905008 0 0)
(0.905008 0 0)
(0.905008 0 0)
(0.905008 0 0)
(0.905008 0 0)
(0.905009 0 0)
(0.905009 0 0)
(0.905009 0 0)
(0.905009 0 0)
(0.905009 0 0)
(0.905009 0 0)
(0.905009 0 0)
(0.905009 0 0)
(0.905009 0 0)
(0.905009 0 0)
(0.90501 0 0)
(0.90501 0 0)
(0.90501 0 0)
(0.90501 0 0)
(0.90501 0 0)
(0.90501 0 0)
(0.90501 0 0)
(0.90501 0 0)
(0.90501 0 0)
(0.90501 0 0)
(0.90501 0 0)
(0.90501 0 0)
(0.90501 0 0)
(0.90501 0 0)
(0.90501 0 0)
(0.90501 0 0)
(0.905011 0 0)
(0.905011 0 0)
(0.905011 0 0)
(0.905011 0 0)
(0.905011 0 0)
(0.905011 0 0)
(0.905011 0 0)
(0.905011 0 0)
(0.905011 0 0)
(0.905011 0 0)
(0.905011 0 0)
(0.905011 0 0)
(0.905011 0 0)
(0.905011 0 0)
(0.905011 0 0)
(0.905011 0 0)
(0.905011 0 0)
(0.905011 0 0)
(0.905011 0 0)
(0.90501 0 0)
(0.90501 0 0)
(0.90501 0 0)
(0.90501 0 0)
(0.90501 0 0)
(0.90501 0 0)
(0.90501 0 0)
(0.90501 0 0)
(0.90501 0 0)
(0.90501 0 0)
(0.90501 0 0)
(0.90501 0 0)
(0.90501 0 0)
(0.90501 0 0)
(0.905009 0 0)
(0.905009 0 0)
(0.905009 0 0)
(0.905009 0 0)
(0.905009 0 0)
(0.905009 0 0)
(0.905009 0 0)
(0.905008 0 0)
(0.905008 0 0)
(0.905008 0 0)
(0.905008 0 0)
(0.905008 0 0)
(0.905008 0 0)
(0.905007 0 0)
(0.905007 0 0)
(0.905007 0 0)
(0.905007 0 0)
(0.905007 0 0)
(0.905006 0 0)
(0.905006 0 0)
(0.905006 0 0)
(0.905006 0 0)
(0.905006 0 0)
(0.905005 0 0)
(0.905005 0 0)
(0.905005 0 0)
(0.905004 0 0)
(0.905004 0 0)
(0.905004 0 0)
(0.905004 0 0)
(0.905003 0 0)
(0.905003 0 0)
(0.905003 0 0)
(0.905002 0 0)
(0.905002 0 0)
(0.905002 0 0)
(0.905001 0 0)
(0.905001 0 0)
(0.905001 0 0)
(0.905 0 0)
(0.905 0 0)
(0.905 0 0)
(0.904999 0 0)
(0.904999 0 0)
(0.904998 0 0)
(0.904998 0 0)
(0.904998 0 0)
(0.904997 0 0)
(0.904997 0 0)
(0.904996 0 0)
(0.904996 0 0)
(0.904996 0 0)
(0.904995 0 0)
(0.904995 0 0)
(0.904994 0 0)
(0.904994 0 0)
(0.904993 0 0)
(0.904993 0 0)
(0.904992 0 0)
(0.904992 0 0)
(0.904991 0 0)
(0.904991 0 0)
(0.90499 0 0)
(0.90499 0 0)
(0.904989 0 0)
(0.904989 0 0)
(0.904988 0 0)
(0.904988 0 0)
(0.904987 0 0)
(0.904987 0 0)
(0.904986 0 0)
(0.904986 0 0)
(0.904985 0 0)
(0.904985 0 0)
(0.904984 0 0)
(0.904983 0 0)
(0.904983 0 0)
(0.904982 0 0)
(0.904982 0 0)
(0.904981 0 0)
(0.90498 0 0)
(0.90498 0 0)
(0.904979 0 0)
(0.904979 0 0)
(0.904978 0 0)
(0.904977 0 0)
(0.904977 0 0)
(0.904976 0 0)
(0.904976 0 0)
(0.904975 0 0)
(0.904974 0 0)
(0.904974 0 0)
(0.904973 0 0)
(0.904972 0 0)
(0.904972 0 0)
(0.904971 0 0)
(0.904971 0 0)
(0.90497 0 0)
(0.904969 0 0)
(0.904969 0 0)
(0.904968 0 0)
(0.904967 0 0)
(0.904967 0 0)
(0.904966 0 0)
(0.904965 0 0)
(0.904965 0 0)
(0.904964 0 0)
(0.904963 0 0)
(0.904963 0 0)
(0.904962 0 0)
(0.904961 0 0)
(0.904961 0 0)
(0.90496 0 0)
(0.904959 0 0)
(0.904959 0 0)
(0.904958 0 0)
(0.904957 0 0)
(0.904957 0 0)
(0.904956 0 0)
(0.904955 0 0)
(0.904955 0 0)
(0.904954 0 0)
(0.904953 0 0)
(0.904953 0 0)
(0.904952 0 0)
(0.904951 0 0)
(0.904951 0 0)
(0.90495 0 0)
(0.904949 0 0)
(0.904949 0 0)
(0.904948 0 0)
(0.904947 0 0)
(0.904947 0 0)
(0.904946 0 0)
(0.904945 0 0)
(0.904945 0 0)
(0.904944 0 0)
(0.904943 0 0)
(0.904943 0 0)
(0.904942 0 0)
(0.904941 0 0)
(0.904941 0 0)
(0.90494 0 0)
(0.904939 0 0)
(0.904939 0 0)
(0.904938 0 0)
(0.904937 0 0)
(0.904937 0 0)
(0.904936 0 0)
(0.904935 0 0)
(0.904935 0 0)
(0.904934 0 0)
(0.904933 0 0)
(0.904933 0 0)
(0.904932 0 0)
(0.904932 0 0)
(0.904931 0 0)
(0.90493 0 0)
(0.90493 0 0)
(0.904929 0 0)
(0.904928 0 0)
(0.904928 0 0)
(0.904927 0 0)
(0.904926 0 0)
(0.904926 0 0)
(0.904925 0 0)
(0.904925 0 0)
(0.904924 0 0)
(0.904923 0 0)
(0.904923 0 0)
(0.904922 0 0)
(0.904922 0 0)
(0.904921 0 0)
(0.90492 0 0)
(0.90492 0 0)
(0.904919 0 0)
(0.904918 0 0)
(0.904918 0 0)
(0.904917 0 0)
(0.904917 0 0)
(0.904916 0 0)
(0.904915 0 0)
(0.904915 0 0)
(0.904914 0 0)
(0.904914 0 0)
(0.904913 0 0)
(0.904912 0 0)
(0.904912 0 0)
(0.904911 0 0)
(0.904911 0 0)
(0.90491 0 0)
(0.904909 0 0)
(0.904909 0 0)
(0.904908 0 0)
(0.904907 0 0)
(0.904907 0 0)
(0.904906 0 0)
(0.904906 0 0)
(0.904905 0 0)
(0.904904 0 0)
(0.904904 0 0)
(0.904903 0 0)
(0.904903 0 0)
(0.904902 0 0)
(0.904901 0 0)
(0.904901 0 0)
(0.9049 0 0)
(0.904899 0 0)
(0.904899 0 0)
(0.904898 0 0)
(0.904898 0 0)
(0.904897 0 0)
(0.904896 0 0)
(0.904896 0 0)
(0.904895 0 0)
(0.904894 0 0)
(0.904894 0 0)
(0.904893 0 0)
(0.904892 0 0)
(0.904892 0 0)
(0.904891 0 0)
(0.904891 0 0)
(0.90489 0 0)
(0.904889 0 0)
(0.904889 0 0)
(0.904888 0 0)
(0.904887 0 0)
(0.904887 0 0)
(0.904886 0 0)
(0.904885 0 0)
(0.904885 0 0)
(0.904884 0 0)
(0.904883 0 0)
(0.904883 0 0)
(0.904882 0 0)
(0.904881 0 0)
(0.904881 0 0)
(0.90488 0 0)
(0.904879 0 0)
(0.904879 0 0)
(0.904878 0 0)
(0.904877 0 0)
(0.904876 0 0)
(0.904876 0 0)
(0.904875 0 0)
(0.904874 0 0)
(0.904874 0 0)
(0.904873 0 0)
(0.904872 0 0)
(0.904871 0 0)
(0.904871 0 0)
(0.90487 0 0)
(0.904869 0 0)
(0.904869 0 0)
(0.904868 0 0)
(0.904867 0 0)
(0.904866 0 0)
(0.904866 0 0)
(0.904865 0 0)
(0.904864 0 0)
(0.904863 0 0)
(0.904863 0 0)
(0.904862 0 0)
(0.904861 0 0)
(0.90486 0 0)
(0.90486 0 0)
(0.904859 0 0)
(0.904858 0 0)
(0.904857 0 0)
(0.904857 0 0)
(0.904856 0 0)
(0.904855 0 0)
(0.904854 0 0)
(0.904854 0 0)
(0.904853 0 0)
(0.904852 0 0)
(0.904851 0 0)
(0.904851 0 0)
(0.90485 0 0)
(0.904849 0 0)
(0.904848 0 0)
(0.904848 0 0)
(0.904847 0 0)
(0.904846 0 0)
(0.904845 0 0)
(0.904844 0 0)
(0.904844 0 0)
(0.904843 0 0)
(0.904842 0 0)
(0.904841 0 0)
(0.904841 0 0)
(0.90484 0 0)
(0.904839 0 0)
(0.904838 0 0)
(0.904837 0 0)
(0.904837 0 0)
(0.904836 0 0)
(0.904835 0 0)
(0.904834 0 0)
(0.904834 0 0)
(0.904833 0 0)
(0.904832 0 0)
(0.904831 0 0)
(0.90483 0 0)
(0.90483 0 0)
(0.904829 0 0)
(0.904828 0 0)
(0.904827 0 0)
(0.904827 0 0)
(0.904826 0 0)
(0.904825 0 0)
(0.904824 0 0)
(0.904823 0 0)
(0.904823 0 0)
(0.904822 0 0)
(0.904821 0 0)
(0.90482 0 0)
(0.90482 0 0)
(0.904819 0 0)
(0.904818 0 0)
(0.904817 0 0)
(0.904817 0 0)
(0.904816 0 0)
(0.904815 0 0)
(0.904814 0 0)
(0.904813 0 0)
(0.904813 0 0)
(0.904812 0 0)
(0.904811 0 0)
(0.90481 0 0)
(0.90481 0 0)
(0.904809 0 0)
(0.904808 0 0)
(0.904807 0 0)
(0.904807 0 0)
(0.904806 0 0)
(0.904805 0 0)
(0.904804 0 0)
(0.904804 0 0)
(0.904803 0 0)
(0.904802 0 0)
(0.904801 0 0)
(0.904801 0 0)
(0.9048 0 0)
(0.904799 0 0)
(0.904798 0 0)
(0.904798 0 0)
(0.904797 0 0)
(0.904796 0 0)
(0.904795 0 0)
(0.904795 0 0)
(0.904794 0 0)
(0.904793 0 0)
(0.904792 0 0)
(0.904792 0 0)
(0.904791 0 0)
(0.90479 0 0)
(0.904789 0 0)
(0.904789 0 0)
(0.904788 0 0)
(0.904787 0 0)
(0.904786 0 0)
(0.904786 0 0)
(0.904785 0 0)
(0.904784 0 0)
(0.904783 0 0)
(0.904783 0 0)
(0.904782 0 0)
(0.904781 0 0)
(0.90478 0 0)
(0.90478 0 0)
(0.904779 0 0)
(0.904778 0 0)
(0.904777 0 0)
(0.904776 0 0)
(0.904776 0 0)
(0.904775 0 0)
(0.904774 0 0)
(0.904773 0 0)
(0.904773 0 0)
(0.904772 0 0)
(0.904771 0 0)
(0.90477 0 0)
(0.904769 0 0)
(0.904769 0 0)
(0.904768 0 0)
(0.904767 0 0)
(0.904766 0 0)
(0.904765 0 0)
(0.904765 0 0)
(0.904764 0 0)
(0.904763 0 0)
(0.904762 0 0)
(0.904761 0 0)
(0.904761 0 0)
(0.90476 0 0)
(0.904759 0 0)
(0.904758 0 0)
(0.904757 0 0)
(0.904756 0 0)
(0.904756 0 0)
(0.904755 0 0)
(0.904754 0 0)
(0.904753 0 0)
(0.904752 0 0)
(0.904751 0 0)
(0.90475 0 0)
(0.90475 0 0)
(0.904749 0 0)
(0.904748 0 0)
(0.904747 0 0)
(0.904746 0 0)
(0.904745 0 0)
(0.904744 0 0)
(0.904743 0 0)
(0.904743 0 0)
(0.904742 0 0)
(0.904741 0 0)
(0.90474 0 0)
(0.904739 0 0)
(0.904738 0 0)
(0.904737 0 0)
(0.904736 0 0)
(0.904735 0 0)
(0.904734 0 0)
(0.904733 0 0)
(0.904733 0 0)
(0.904732 0 0)
(0.904731 0 0)
(0.90473 0 0)
(0.904729 0 0)
(0.904728 0 0)
(0.904727 0 0)
(0.904726 0 0)
(0.904725 0 0)
(0.904724 0 0)
(0.904723 0 0)
(0.904722 0 0)
(0.904721 0 0)
(0.90472 0 0)
(0.904719 0 0)
(0.904718 0 0)
(0.904717 0 0)
(0.904716 0 0)
(0.904715 0 0)
(0.904714 0 0)
(0.904713 0 0)
(0.904712 0 0)
(0.904711 0 0)
(0.90471 0 0)
(0.904709 0 0)
(0.904708 0 0)
(0.904707 0 0)
(0.904706 0 0)
(0.904705 0 0)
(0.904704 0 0)
(0.904703 0 0)
(0.904702 0 0)
(0.904701 0 0)
(0.9047 0 0)
(0.904699 0 0)
(0.904698 0 0)
(0.904697 0 0)
(0.904696 0 0)
(0.904695 0 0)
(0.904694 0 0)
(0.904693 0 0)
(0.904692 0 0)
(0.904691 0 0)
(0.90469 0 0)
(0.904689 0 0)
(0.904688 0 0)
(0.904687 0 0)
(0.904685 0 0)
(0.904684 0 0)
(0.904683 0 0)
(0.904682 0 0)
(0.904681 0 0)
(0.90468 0 0)
(0.904679 0 0)
(0.904678 0 0)
(0.904677 0 0)
(0.904676 0 0)
(0.904675 0 0)
(0.904674 0 0)
(0.904673 0 0)
(0.904672 0 0)
(0.904671 0 0)
(0.90467 0 0)
(0.904669 0 0)
(0.904668 0 0)
(0.904667 0 0)
(0.904666 0 0)
(0.904664 0 0)
(0.904663 0 0)
(0.904662 0 0)
(0.904661 0 0)
(0.90466 0 0)
(0.904659 0 0)
(0.904658 0 0)
(0.904657 0 0)
(0.904656 0 0)
(0.904655 0 0)
(0.904654 0 0)
(0.904653 0 0)
(0.904652 0 0)
(0.904651 0 0)
(0.90465 0 0)
(0.904648 0 0)
(0.904647 0 0)
(0.904646 0 0)
(0.904645 0 0)
(0.904644 0 0)
(0.904643 0 0)
(0.904642 0 0)
(0.904641 0 0)
(0.90464 0 0)
(0.904639 0 0)
(0.904638 0 0)
(0.904637 0 0)
(0.904636 0 0)
(0.904635 0 0)
(0.904634 0 0)
(0.904632 0 0)
(0.904631 0 0)
(0.90463 0 0)
(0.904629 0 0)
(0.904628 0 0)
(0.904627 0 0)
(0.904626 0 0)
(0.904625 0 0)
(0.904624 0 0)
(0.904623 0 0)
(0.904622 0 0)
(0.904621 0 0)
(0.90462 0 0)
(0.904618 0 0)
(0.904617 0 0)
(0.904616 0 0)
(0.904615 0 0)
(0.904614 0 0)
(0.904613 0 0)
(0.904612 0 0)
(0.904611 0 0)
(0.90461 0 0)
(0.904609 0 0)
(0.904607 0 0)
(0.904606 0 0)
(0.904605 0 0)
(0.904604 0 0)
(0.904603 0 0)
(0.904602 0 0)
(0.904601 0 0)
(0.904599 0 0)
(0.904598 0 0)
(0.904597 0 0)
(0.904596 0 0)
(0.904595 0 0)
(0.904594 0 0)
(0.904592 0 0)
(0.904591 0 0)
(0.90459 0 0)
(0.904589 0 0)
(0.904588 0 0)
(0.904586 0 0)
(0.904585 0 0)
(0.904584 0 0)
(0.904583 0 0)
(0.904582 0 0)
(0.90458 0 0)
(0.904579 0 0)
(0.904578 0 0)
(0.904577 0 0)
(0.904575 0 0)
(0.904574 0 0)
(0.904573 0 0)
(0.904572 0 0)
(0.90457 0 0)
(0.904569 0 0)
(0.904568 0 0)
(0.904567 0 0)
(0.904565 0 0)
(0.904564 0 0)
(0.904563 0 0)
(0.904561 0 0)
(0.90456 0 0)
(0.904559 0 0)
(0.904558 0 0)
(0.904556 0 0)
(0.904555 0 0)
(0.904554 0 0)
(0.904552 0 0)
(0.904551 0 0)
(0.90455 0 0)
(0.904548 0 0)
(0.904547 0 0)
(0.904546 0 0)
(0.904544 0 0)
(0.904543 0 0)
(0.904542 0 0)
(0.90454 0 0)
(0.904539 0 0)
(0.904538 0 0)
(0.904536 0 0)
(0.904535 0 0)
(0.904534 0 0)
(0.904532 0 0)
(0.904531 0 0)
(0.90453 0 0)
(0.904528 0 0)
(0.904527 0 0)
(0.904525 0 0)
(0.904524 0 0)
(0.904523 0 0)
(0.904521 0 0)
(0.90452 0 0)
(0.904518 0 0)
(0.904517 0 0)
(0.904515 0 0)
(0.904514 0 0)
(0.904513 0 0)
(0.904511 0 0)
(0.90451 0 0)
(0.904508 0 0)
(0.904507 0 0)
(0.904505 0 0)
(0.904504 0 0)
(0.904502 0 0)
(0.904501 0 0)
(0.9045 0 0)
(0.904498 0 0)
(0.904497 0 0)
(0.904495 0 0)
(0.904494 0 0)
(0.904492 0 0)
(0.904491 0 0)
(0.904489 0 0)
(0.904488 0 0)
(0.904486 0 0)
(0.904485 0 0)
(0.904483 0 0)
(0.904482 0 0)
(0.90448 0 0)
(0.904479 0 0)
(0.904477 0 0)
(0.904476 0 0)
(0.904474 0 0)
(0.904473 0 0)
(0.904471 0 0)
(0.90447 0 0)
(0.904468 0 0)
(0.904467 0 0)
(0.904465 0 0)
(0.904464 0 0)
(0.904462 0 0)
(0.904461 0 0)
(0.904459 0 0)
(0.904458 0 0)
(0.904457 0 0)
(0.904455 0 0)
(0.904454 0 0)
(0.904452 0 0)
(0.904451 0 0)
(0.904449 0 0)
(0.904448 0 0)
(0.904446 0 0)
(0.904445 0 0)
(0.904443 0 0)
(0.904442 0 0)
(0.90444 0 0)
(0.904439 0 0)
(0.904437 0 0)
(0.904436 0 0)
(0.904434 0 0)
(0.904433 0 0)
(0.904431 0 0)
(0.90443 0 0)
(0.904429 0 0)
(0.904427 0 0)
(0.904426 0 0)
(0.904424 0 0)
(0.904423 0 0)
(0.904421 0 0)
(0.90442 0 0)
(0.904418 0 0)
(0.904417 0 0)
(0.904415 0 0)
(0.904414 0 0)
(0.904412 0 0)
(0.90441 0 0)
(0.904409 0 0)
(0.904407 0 0)
(0.904406 0 0)
(0.904404 0 0)
(0.904403 0 0)
(0.904401 0 0)
(0.9044 0 0)
(0.904398 0 0)
(0.904397 0 0)
(0.904395 0 0)
(0.904393 0 0)
(0.904392 0 0)
(0.90439 0 0)
(0.904389 0 0)
(0.904387 0 0)
(0.904386 0 0)
(0.904384 0 0)
(0.904382 0 0)
(0.904381 0 0)
(0.904379 0 0)
(0.904378 0 0)
(0.904376 0 0)
(0.904374 0 0)
(0.904373 0 0)
(0.904371 0 0)
(0.90437 0 0)
(0.904368 0 0)
(0.904366 0 0)
(0.904365 0 0)
(0.904363 0 0)
(0.904362 0 0)
(0.90436 0 0)
(0.904358 0 0)
(0.904357 0 0)
(0.904355 0 0)
(0.904353 0 0)
(0.904352 0 0)
(0.90435 0 0)
(0.904349 0 0)
(0.904347 0 0)
(0.904345 0 0)
(0.904344 0 0)
(0.904342 0 0)
(0.90434 0 0)
(0.904339 0 0)
(0.904337 0 0)
(0.904335 0 0)
(0.904334 0 0)
(0.904332 0 0)
(0.90433 0 0)
(0.904329 0 0)
(0.904327 0 0)
(0.904325 0 0)
(0.904324 0 0)
(0.904322 0 0)
(0.90432 0 0)
(0.904319 0 0)
(0.904317 0 0)
(0.904315 0 0)
(0.904314 0 0)
(0.904312 0 0)
(0.90431 0 0)
(0.904308 0 0)
(0.904307 0 0)
(0.904305 0 0)
)
;

boundaryField
{
    inlet
    {
        type            calculated;
        value           uniform (0.728847 -0 -0);
    }
    outlet
    {
        type            calculated;
        value           uniform (0.904305 0 0);
    }
    right
    {
        type            empty;
    }
    left
    {
        type            empty;
    }
    atmosphere
    {
        type            empty;
    }
    bottomWall
    {
        type            empty;
    }
}


// ************************************************************************* //
