0.02531646 1
0.05063291 1
0.07594937 1
0.1012658 0.9999993
0.1265823 0.9998971
0.1518987 0.9998977
0.1772152 0.9996447
0.2025316 0.9951016
0.2278481 0.9860272
0.2531646 0.6254039
0.278481 0.07690892
0.3037975 0.1848855
0.3291139 0.8217868
0.3544304 0.9792665
0.3797468 0.8273356
0.4050633 0.9649209
0.4303797 0.9956289
0.4556962 0.9735486
0.4810127 0.977323
0.5063291 0.9705559
0.5316456 0.7292605
0.556962 0.1482997
0.5822785 0.00880911
0.6075949 0.0006073397
0.6329114 0.0001603601
0.6582278 0.0001091431
0.6835443 6.983176e-05
0.7088608 2.937533e-05
0.7341772 6.592992e-06
0.7594937 4.0731e-06
0.7848101 4.606096e-06
0.8101266 2.876175e-05
0.835443 0.0001527342
0.8607595 5.492778e-05
0.8860759 1.587341e-05
0.9113924 0.0003429343
0.9367089 0.001094372
0.9620253 0.001094306
0.9873418 0.001094306
1.012658 0.0002555006
1.037975 1.654899e-05
1.063291 4.928207e-06
1.088608 5.330191e-06
1.113924 8.935137e-06
1.139241 4.797827e-07
1.164557 6.309004e-07
1.189873 1.353877e-06
1.21519 1.192359e-06
1.240506 1.1523e-06
1.265823 1.315651e-06
1.291139 1.34399e-06
1.316456 1.138229e-06
1.341772 4.491863e-07
1.367089 2.678816e-07
1.392405 5.571699e-07
1.417722 1.569275e-07
1.443038 1.453379e-08
1.468354 2.118029e-09
1.493671 1.234392e-09
1.518987 1.348698e-09
1.544304 4.587994e-09
1.56962 2.89658e-08
1.594937 2.327504e-06
1.620253 9.221994e-05
1.64557 0.0004910304
1.670886 0.0008694725
1.696203 0.0008622948
1.721519 0.0003927279
1.746835 0.0001235995
1.772152 5.719516e-05
1.797468 4.672053e-05
1.822785 3.003594e-05
1.848101 1.956135e-05
1.873418 1.047221e-05
1.898734 4.305133e-06
1.924051 9.604724e-07
1.949367 3.591898e-08
1.974684 2.31177e-08
2 3.246322e-07
