0.4810127 1
0.5063291 1
0.5316456 1
0.556962 0.9999995
0.5822785 0.9999155
0.6075949 0.9962348
0.6329114 0.9091137
0.6582278 0.3086056
0.6835443 0.005041743
0.7088608 0.0001921508
0.7341772 1.605194e-05
0.7594937 4.521707e-07
0.7848101 4.33503e-09
0.8101266 9.138328e-11
0.835443 9.407096e-13
0.8607595 1.995809e-14
0.8860759 9.828281e-16
0.9113924 9.501786e-17
0.9367089 4.582116e-18
0.9620253 8.766512e-20
0.9873418 4.327849e-22
1.012658 2.719136e-25
1.037975 5.72836e-30
1.063291 1.146852e-34
1.088608 3.694414e-38
1.113924 4.936612e-41
1.139241 1.529744e-43
1.164557 6.66336e-46
1.189873 1.244805e-47
1.21519 5.996031e-49
1.240506 2.786882e-50
1.265823 1.169956e-51
1.291139 4.632121e-53
1.316456 1.833073e-54
1.341772 7.771265e-56
1.367089 3.765028e-57
1.392405 2.094662e-58
1.417722 1.261431e-59
1.443038 7.833893e-61
1.468354 4.980928e-62
1.493671 3.246212e-63
1.518987 2.143086e-64
1.544304 1.403015e-65
1.56962 8.975454e-67
1.594937 5.637001e-68
1.620253 3.564241e-69
1.64557 2.356495e-70
1.670886 1.677439e-71
1.696203 1.287334e-72
1.721519 1.041344e-73
1.746835 8.632503e-75
1.772152 7.150648e-76
1.797468 5.781489e-77
1.822785 4.453309e-78
1.848101 3.187186e-79
1.873418 2.058883e-80
1.898734 1.158517e-81
1.924051 5.414877e-83
1.949367 1.959273e-84
1.974684 4.853089e-86
2 6.143417e-88
