0.4556962 1
0.4810127 1
0.5063291 1
0.5316456 0.9999964
0.556962 0.9985849
0.5822785 0.9301922
0.6075949 0.4433673
0.6329114 0.04029933
0.6582278 0.001222117
0.6835443 3.853743e-05
0.7088608 4.007891e-06
0.7341772 2.872527e-07
0.7594937 6.238113e-09
0.7848101 7.163184e-11
0.8101266 1.016612e-12
0.835443 2.24579e-14
0.8607595 1.193817e-15
0.8860759 1.42882e-16
0.9113924 9.356466e-18
0.9367089 2.760439e-19
0.9620253 2.81153e-21
0.9873418 6.145704e-24
1.012658 1.07527e-27
1.037975 1.671192e-32
1.063291 8.060505e-36
1.088608 6.83911e-36
1.113924 4.434654e-36
1.139241 2.191513e-36
1.164557 9.768948e-37
1.189873 4.17201e-37
1.21519 1.722352e-37
1.240506 6.910015e-38
1.265823 2.707908e-38
1.291139 1.032215e-38
1.316456 3.804545e-39
1.341772 1.334736e-39
1.367089 4.39271e-40
1.392405 1.351412e-40
1.417722 3.847482e-41
1.443038 1.004378e-41
1.468354 2.363585e-42
1.493671 4.96781e-43
1.518987 9.142562e-44
1.544304 1.452437e-44
1.56962 1.955931e-45
1.594937 2.171451e-46
1.620253 1.915586e-47
1.64557 1.289146e-48
1.670886 6.265686e-50
1.696203 2.041373e-51
1.721519 3.910947e-53
1.746835 4.110282e-55
1.772152 2.954869e-57
1.797468 3.342282e-59
1.822785 7.474637e-61
1.848101 1.674151e-62
1.873418 2.982354e-64
1.898734 3.86012e-66
1.924051 3.381605e-68
1.949367 1.70144e-70
1.974684 3.352004e-73
2 4.448497e-77
