0.05063291 0.9999998
0.07594937 1
0.1012658 1
0.1265823 1
0.1518987 0.9999997
0.1772152 0.999936
0.2025316 0.9988065
0.2278481 0.9947692
0.2531646 0.9415306
0.278481 0.7164814
0.3037975 0.05209118
0.3291139 0.615735
0.3544304 0.9910895
0.3797468 0.9959665
0.4050633 0.9959665
0.4303797 0.9959687
0.4556962 0.9806139
0.4810127 0.7189244
0.5063291 0.120667
0.5316456 0.008046809
0.556962 0.005969587
0.5822785 0.02598621
0.6075949 0.03112066
0.6329114 0.005372853
0.6582278 0.0003318498
0.6835443 0.0001664976
0.7088608 9.325461e-05
0.7341772 5.258998e-05
0.7594937 2.98613e-05
0.7848101 1.405389e-05
0.8101266 1.485828e-05
0.835443 3.457189e-05
0.8607595 0.0001391087
0.8860759 0.0003282172
0.9113924 0.0001643061
0.9367089 3.824467e-05
0.9620253 5.381383e-06
0.9873418 7.795721e-07
1.012658 1.075673e-07
1.037975 8.62663e-09
1.063291 2.248548e-08
1.088608 9.25991e-07
1.113924 5.429021e-06
1.139241 5.614236e-06
1.164557 1.567689e-06
1.189873 1.787175e-07
1.21519 1.700016e-07
1.240506 4.011434e-07
1.265823 2.898194e-07
1.291139 4.038294e-08
1.316456 2.082769e-09
1.341772 4.704956e-10
1.367089 1.482289e-09
1.392405 5.714022e-09
1.417722 4.839049e-09
1.443038 7.763338e-10
1.468354 4.1543e-10
1.493671 4.533642e-10
1.518987 7.561241e-10
1.544304 1.91187e-09
1.56962 3.082369e-09
1.594937 4.82952e-09
1.620253 8.913513e-09
1.64557 1.991144e-08
1.670886 1.761648e-07
1.696203 4.392473e-06
1.721519 8.823498e-05
1.746835 0.000299667
1.772152 0.0002361855
1.797468 5.828636e-05
1.822785 3.820018e-06
1.848101 3.686963e-08
1.873418 5.038551e-09
1.898734 1.617135e-08
1.924051 3.170701e-08
1.949367 7.359065e-09
1.974684 9.382137e-09
2 2.636067e-07
