0.1772152 1
0.2025316 1
0.2278481 0.9999999
0.2531646 0.9999998
0.278481 0.9999999
0.3037975 1
0.3291139 1
0.3544304 1
0.3797468 1
0.4050633 1
0.4303797 1
0.4556962 0.9999999
0.4810127 0.9999993
0.5063291 0.9999819
0.5316456 0.9985408
0.556962 0.9035312
0.5822785 0.2666631
0.6075949 0.01829306
0.6329114 0.0002826017
0.6582278 7.968152e-07
0.6835443 4.543516e-10
0.7088608 1.81549e-10
0.7341772 1.982265e-09
0.7594937 1.112607e-09
0.7848101 1.340445e-09
0.8101266 3.486529e-08
0.835443 8.270857e-07
0.8607595 1.799302e-06
0.8860759 5.371006e-06
0.9113924 1.288905e-05
0.9367089 9.27003e-06
0.9620253 1.938527e-06
0.9873418 7.293507e-08
1.012658 2.6665e-08
1.037975 2.6665e-08
1.063291 2.6665e-08
1.088608 4.766707e-08
1.113924 8.850561e-08
1.139241 7.522868e-07
1.164557 2.278086e-07
1.189873 1.314004e-08
1.21519 2.360812e-08
1.240506 3.82296e-08
1.265823 6.148081e-08
1.291139 4.376405e-08
1.316456 6.280626e-09
1.341772 4.41542e-10
1.367089 2.170968e-11
1.392405 7.642796e-12
1.417722 3.173679e-12
1.443038 1.099223e-12
1.468354 7.218382e-13
1.493671 5.307072e-13
1.518987 3.054719e-13
1.544304 1.493299e-13
1.56962 6.981433e-14
1.594937 3.019144e-14
1.620253 1.218223e-14
1.64557 5.214544e-15
1.670886 2.65425e-15
1.696203 1.428993e-15
1.721519 6.958764e-16
1.746835 2.976228e-16
1.772152 1.095221e-16
1.797468 3.399443e-17
1.822785 8.796715e-18
1.848101 1.943244e-18
1.873418 4.105469e-19
1.898734 9.61854e-20
1.924051 2.321193e-20
1.949367 4.565033e-21
1.974684 6.103555e-22
2 4.162756e-23
