0.3544304 1
0.3797468 1
0.4050633 1
0.4303797 0.9999856
0.4556962 0.9983031
0.4810127 0.9530619
0.5063291 0.5846065
0.5316456 0.01631687
0.556962 0.0002649297
0.5822785 1.323353e-05
0.6075949 1.656548e-06
0.6329114 4.631868e-08
0.6582278 1.335869e-09
0.6835443 3.963432e-11
0.7088608 2.386605e-12
0.7341772 1.284966e-13
0.7594937 4.960811e-15
0.7848101 9.511964e-16
0.8101266 7.766561e-16
0.835443 4.793338e-15
0.8607595 6.299565e-14
0.8860759 6.016788e-13
0.9113924 2.518043e-12
0.9367089 5.284533e-12
0.9620253 6.714555e-12
0.9873418 4.823635e-12
1.012658 1.297085e-12
1.037975 3.341199e-13
1.063291 7.309246e-14
1.088608 1.794298e-14
1.113924 5.087722e-15
1.139241 2.095105e-15
1.164557 1.023418e-15
1.189873 4.583048e-16
1.21519 1.857571e-16
1.240506 6.757833e-17
1.265823 2.186699e-17
1.291139 6.22932e-18
1.316456 1.543544e-18
1.341772 3.278373e-19
1.367089 5.859775e-20
1.392405 8.605737e-21
1.417722 1.005007e-21
1.443038 8.909271e-23
1.468354 5.614413e-24
1.493671 2.354227e-25
1.518987 7.822389e-27
1.544304 4.578114e-28
1.56962 3.940433e-29
1.594937 3.723311e-30
1.620253 3.932893e-31
1.64557 4.33344e-32
1.670886 4.607791e-33
1.696203 4.471481e-34
1.721519 3.830789e-35
1.746835 2.839375e-36
1.772152 1.807969e-37
1.797468 1.004292e-38
1.822785 5.097017e-40
1.848101 2.518736e-41
1.873418 1.245869e-42
1.898734 5.921503e-44
1.924051 2.497044e-45
1.949367 8.512887e-47
1.974684 2.069851e-48
2 2.687645e-50
