0.02531646 1
0.05063291 0.9999997
0.07594937 0.9986568
0.1012658 0.9943597
0.1265823 0.9996435
0.1518987 0.9436595
0.1772152 0.9929459
0.2025316 0.9997461
0.2278481 0.9997613
0.2531646 0.9954658
0.278481 0.8751582
0.3037975 0.9265239
0.3291139 0.994834
0.3544304 0.9914193
0.3797468 0.9654776
0.4050633 0.9845543
0.4303797 0.674365
0.4556962 0.9415077
0.4810127 0.987874
0.5063291 0.9753672
0.5316456 0.9866794
0.556962 0.9426721
0.5822785 0.5087678
0.6075949 0.03753779
0.6329114 0.000982428
0.6582278 7.070392e-05
0.6835443 1.355835e-05
0.7088608 1.205991e-05
0.7341772 1.223264e-05
0.7594937 7.045845e-05
0.7848101 0.0002636887
0.8101266 0.0004113627
0.835443 0.0002606898
0.8607595 5.411338e-05
0.8860759 1.645673e-05
0.9113924 1.609836e-05
0.9367089 3.522178e-06
0.9620253 3.544522e-06
0.9873418 1.609591e-06
1.012658 1.060342e-06
1.037975 2.418259e-06
1.063291 4.706635e-06
1.088608 1.258176e-06
1.113924 2.901712e-07
1.139241 4.259229e-08
1.164557 8.129267e-09
1.189873 7.385925e-09
1.21519 6.606786e-09
1.240506 5.781357e-09
1.265823 5.117533e-09
1.291139 5.117274e-09
1.316456 1.52118e-08
1.341772 2.42122e-08
1.367089 4.94767e-08
1.392405 2.588202e-07
1.417722 9.208878e-07
1.443038 1.294069e-06
1.468354 1.210361e-06
1.493671 1.096217e-06
1.518987 8.173099e-07
1.544304 1.475173e-07
1.56962 3.08272e-08
1.594937 5.727949e-09
1.620253 1.139466e-08
1.64557 9.383174e-08
1.670886 3.173148e-08
1.696203 9.697748e-10
1.721519 5.728082e-12
1.746835 3.511237e-12
1.772152 3.50831e-12
1.797468 3.507381e-12
1.822785 3.183385e-12
1.848101 3.024552e-12
1.873418 2.835933e-12
1.898734 2.160008e-12
1.924051 1.372173e-12
1.949367 7.550636e-13
1.974684 4.292363e-13
2 2.108695e-13
