0.4050633 1
0.4303797 1
0.4556962 1
0.4810127 1
0.5063291 1
0.5316456 1
0.556962 1
0.5822785 1
0.6075949 1
0.6329114 1
0.6582278 1
0.6835443 1
0.7088608 1
0.7341772 1
0.7594937 1
0.7848101 1
0.8101266 1
0.835443 1
0.8607595 1
0.8860759 1
0.9113924 1
0.9367089 1
0.9620253 1
0.9873418 1
1.012658 1
1.037975 1
1.063291 1
1.088608 1
1.113924 0.9999991
1.139241 0.9998296
1.164557 0.9918381
1.189873 0.8475465
1.21519 0.2129994
1.240506 0.01072511
1.265823 0.0001359805
1.291139 3.909748e-07
1.316456 1.292554e-10
1.341772 1.721329e-15
1.367089 8.899806e-23
1.392405 2.364134e-70
1.417722 3.144899e-70
1.443038 4.866546e-73
1.468354 1.645874e-72
1.493671 4.187122e-72
1.518987 7.603183e-72
1.544304 9.917967e-72
1.56962 9.330538e-72
1.594937 6.747527e-72
1.620253 2.61199e-72
1.64557 4.284179e-73
1.670886 1.884254e-74
1.696203 7.352276e-77
1.721519 1.10105e-79
1.746835 1.443256e-82
1.772152 1.396047e-85
1.797468 9.776321e-89
1.822785 7.313249e-92
1.848101 4.908574e-95
1.873418 3.54489e-98
1.898734 7.863518e-102
1.924051 8.890149e-106
1.949367 7.421797e-111
1.974684 1.47699e-117
2 3.658355e-130
