0.2278481 1
0.2531646 1
0.278481 0.9999999
0.3037975 0.9999358
0.3291139 0.99424
0.3544304 0.9059215
0.3797468 0.2364696
0.4050633 0.005713047
0.4303797 0.001463777
0.4556962 0.0001186179
0.4810127 2.550827e-06
0.5063291 2.01473e-07
0.5316456 7.405455e-09
0.556962 2.237513e-10
0.5822785 1.274587e-11
0.6075949 3.235683e-12
0.6329114 9.385416e-11
0.6582278 1.426146e-09
0.6835443 1.540496e-09
0.7088608 9.371011e-09
0.7341772 1.101684e-07
0.7594937 7.317016e-07
0.7848101 5.201086e-08
0.8101266 3.911796e-08
0.835443 2.302488e-08
0.8607595 3.776705e-09
0.8860759 5.799383e-10
0.9113924 1.03297e-09
0.9367089 9.94279e-10
0.9620253 2.962943e-10
0.9873418 2.179917e-10
1.012658 2.462448e-10
1.037975 1.365976e-10
1.063291 2.986552e-11
1.088608 5.472283e-12
1.113924 7.352726e-13
1.139241 7.183262e-14
1.164557 6.577461e-15
1.189873 1.728981e-15
1.21519 7.564269e-16
1.240506 3.128444e-16
1.265823 1.180453e-16
1.291139 4.082347e-17
1.316456 1.322451e-17
1.341772 4.347337e-18
1.367089 1.742539e-18
1.392405 9.853574e-19
1.417722 7.086709e-19
1.443038 5.510926e-19
1.468354 4.306844e-19
1.493671 3.304677e-19
1.518987 2.466312e-19
1.544304 1.779035e-19
1.56962 1.233437e-19
1.594937 8.175298e-20
1.620253 5.152376e-20
1.64557 3.070754e-20
1.670886 1.720773e-20
1.696203 9.010872e-21
1.721519 4.379499e-21
1.746835 1.960461e-21
1.772152 8.011185e-22
1.797468 2.95691e-22
1.822785 9.731251e-23
1.848101 2.809581e-23
1.873418 6.967845e-24
1.898734 1.442456e-24
1.924051 2.391773e-25
1.949367 2.976536e-26
1.974684 2.47001e-27
2 1.024411e-28
