0.7341772 1
0.7594937 1
0.7848101 1
0.8101266 1
0.835443 1
0.8607595 1
0.8860759 1
0.9113924 1
0.9367089 0.9999999
0.9620253 0.9999441
0.9873418 0.9919863
1.012658 0.8117742
1.037975 0.1458095
1.063291 0.002464018
1.088608 6.395628e-05
1.113924 7.471945e-07
1.139241 4.802991e-09
1.164557 5.462727e-11
1.189873 8.150047e-12
1.21519 7.72007e-13
1.240506 2.328705e-15
1.265823 2.593866e-16
1.291139 1.391606e-17
1.316456 5.35232e-19
1.341772 4.742769e-20
1.367089 4.112339e-22
1.392405 8.32148e-25
1.417722 6.347604e-25
1.443038 4.378459e-25
1.468354 2.667513e-25
1.493671 1.378177e-25
1.518987 5.566212e-26
1.544304 1.482032e-26
1.56962 1.733083e-27
1.594937 3.503938e-29
1.620253 1.546177e-31
1.64557 5.534822e-33
1.670886 1.556508e-34
1.696203 2.679146e-36
1.721519 3.648253e-38
1.746835 3.747995e-40
1.772152 2.487191e-42
1.797468 2.088236e-44
1.822785 1.127202e-46
1.848101 1.071205e-48
1.873418 1.212358e-50
1.898734 9.59939e-53
1.924051 4.345197e-55
1.949367 2.131406e-57
1.974684 5.29103e-60
2 2.543149e-62
