0.4303797 1
0.4556962 1
0.4810127 1
0.5063291 1
0.5316456 1
0.556962 1
0.5822785 1
0.6075949 1
0.6329114 1
0.6582278 1
0.6835443 1
0.7088608 1
0.7341772 1
0.7594937 1
0.7848101 1
0.8101266 1
0.835443 1
0.8607595 1
0.8860759 1
0.9113924 1
0.9367089 1
0.9620253 1
0.9873418 1
1.012658 1
1.037975 1
1.063291 1
1.088608 1
1.113924 0.9999989
1.139241 0.9997801
1.164557 0.9867967
1.189873 0.7765779
1.21519 0.1091979
1.240506 0.005186408
1.265823 5.795095e-05
1.291139 1.111631e-07
1.316456 2.110204e-11
1.341772 3.74542e-16
1.367089 2.340474e-23
1.392405 5.347811e-47
1.417722 2.908425e-47
1.443038 7.200471e-48
1.468354 3.638477e-55
1.493671 1.880349e-54
1.518987 7.245265e-54
1.544304 2.035496e-53
1.56962 4.076077e-53
1.594937 5.672652e-53
1.620253 5.32397e-53
1.64557 3.242414e-53
1.670886 1.212133e-53
1.696203 2.559568e-54
1.721519 2.95502e-55
1.746835 1.814187e-56
1.772152 6.680819e-58
1.797468 1.951826e-59
1.822785 6.37412e-61
1.848101 2.373935e-62
1.873418 9.02949e-64
1.898734 3.256617e-65
1.924051 1.052543e-66
1.949367 2.927939e-68
1.974684 6.59807e-70
2 9.60928e-72
