0.5316456 1
0.556962 1
0.5822785 1
0.6075949 1
0.6329114 0.9999966
0.6582278 0.9984775
0.6835443 0.9260048
0.7088608 0.4218967
0.7341772 0.02792298
0.7594937 0.004485296
0.7848101 0.0001593439
0.8101266 3.542102e-06
0.835443 6.518477e-08
0.8607595 7.275746e-10
0.8860759 6.726297e-12
0.9113924 8.013965e-14
0.9367089 1.444284e-15
0.9620253 1.043022e-16
0.9873418 3.099361e-18
1.012658 2.456616e-20
1.037975 2.273323e-23
1.063291 4.821454e-28
1.088608 5.927393e-33
1.113924 3.046625e-36
1.139241 3.12846e-38
1.164557 6.023637e-40
1.189873 1.104973e-41
1.21519 1.536929e-43
1.240506 1.455029e-45
1.265823 1.024782e-47
1.291139 1.799296e-49
1.316456 1.170436e-50
1.341772 7.607283e-52
1.367089 4.21843e-53
1.392405 1.996859e-54
1.417722 8.291518e-56
1.443038 3.19508e-57
1.468354 1.226674e-58
1.493671 4.827957e-60
1.518987 1.882477e-61
1.544304 6.994148e-63
1.56962 2.498981e-64
1.594937 9.16663e-66
1.620253 3.711132e-67
1.64557 1.662528e-68
1.670886 7.771728e-70
1.696203 3.619606e-71
1.721519 1.664526e-72
1.746835 7.648488e-74
1.772152 3.537848e-75
1.797468 1.636788e-76
1.822785 7.470188e-78
1.848101 3.319321e-79
1.873418 1.409042e-80
1.898734 5.547245e-82
1.924051 1.933147e-83
1.949367 5.529819e-85
1.974684 1.138015e-86
2 1.244956e-88
