0.1265823 1
0.1518987 1
0.1772152 1
0.2025316 0.9999999
0.2278481 0.9999999
0.2531646 0.9999999
0.278481 1
0.3037975 1
0.3291139 1
0.3544304 1
0.3797468 1
0.4050633 1
0.4303797 1
0.4556962 1
0.4810127 1
0.5063291 1
0.5316456 1
0.556962 0.9999999
0.5822785 0.9999969
0.6075949 0.9999232
0.6329114 0.9965275
0.6582278 0.844344
0.6835443 0.142736
0.7088608 0.01074291
0.7341772 0.0001017926
0.7594937 1.162321e-07
0.7848101 1.722196e-10
0.8101266 1.9347e-10
0.835443 1.018334e-09
0.8607595 1.921058e-09
0.8860759 3.533852e-09
0.9113924 4.644875e-09
0.9367089 4.651634e-09
0.9620253 1.03653e-08
0.9873418 1.184735e-07
1.012658 8.924677e-07
1.037975 8.01779e-06
1.063291 5.718786e-05
1.088608 8.128719e-05
1.113924 2.729401e-07
1.139241 4.854879e-08
1.164557 5.210827e-08
1.189873 6.384631e-07
1.21519 5.388707e-06
1.240506 2.357109e-06
1.265823 3.835094e-08
1.291139 3.066014e-09
1.316456 2.209452e-08
1.341772 7.953379e-08
1.367089 1.128206e-07
1.392405 5.279576e-08
1.417722 2.007156e-08
1.443038 9.34095e-09
1.468354 1.47296e-09
1.493671 2.699757e-10
1.518987 2.356241e-10
1.544304 2.548486e-10
1.56962 2.247565e-10
1.594937 1.3732e-10
1.620253 6.769449e-11
1.64557 2.423333e-11
1.670886 5.594607e-12
1.696203 7.866634e-13
1.721519 5.448078e-14
1.746835 2.539933e-15
1.772152 7.065737e-16
1.797468 2.306304e-16
1.822785 6.35037e-17
1.848101 1.544101e-17
1.873418 3.697389e-18
1.898734 9.756566e-19
1.924051 2.379862e-19
1.949367 4.562704e-20
1.974684 6.127773e-21
2 4.403789e-22
