0.02531646 1
0.05063291 1
0.07594937 1
0.1012658 1
0.1265823 1
0.1518987 1
0.1772152 0.9999994
0.2025316 0.999976
0.2278481 0.9989568
0.2531646 0.9811865
0.278481 0.9931084
0.3037975 0.9760306
0.3291139 0.9303689
0.3544304 0.9842041
0.3797468 0.9147274
0.4050633 0.9492671
0.4303797 0.9801011
0.4556962 0.9941557
0.4810127 0.9993362
0.5063291 0.9993362
0.5316456 0.9993362
0.556962 0.9989195
0.5822785 0.956296
0.6075949 0.5459923
0.6329114 0.04694329
0.6582278 0.001545478
0.6835443 8.894893e-06
0.7088608 9.595418e-09
0.7341772 7.777854e-11
0.7594937 6.480476e-10
0.7848101 6.677417e-09
0.8101266 1.278547e-08
0.835443 2.162116e-09
0.8607595 6.052725e-10
0.8860759 3.045549e-09
0.9113924 1.110666e-08
0.9367089 8.00612e-09
0.9620253 3.086287e-09
0.9873418 4.880475e-09
1.012658 1.086897e-08
1.037975 6.75212e-09
1.063291 2.967943e-09
1.088608 2.475048e-09
1.113924 3.892124e-09
1.139241 2.854064e-09
1.164557 1.926055e-09
1.189873 5.018585e-10
1.21519 8.188395e-11
1.240506 8.185737e-11
1.265823 8.183004e-11
1.291139 8.180354e-11
1.316456 7.425134e-11
1.341772 7.163279e-11
1.367089 7.026635e-11
1.392405 7.176663e-11
1.417722 8.99216e-11
1.443038 1.007068e-10
1.468354 9.257344e-11
1.493671 7.587965e-11
1.518987 6.185679e-11
1.544304 5.165839e-11
1.56962 3.986614e-11
1.594937 2.738943e-11
1.620253 1.657827e-11
1.64557 8.319032e-12
1.670886 3.22112e-12
1.696203 9.749874e-13
1.721519 2.926703e-13
1.746835 1.060755e-13
1.772152 3.964907e-14
1.797468 1.172175e-14
1.822785 2.233854e-15
1.848101 2.742225e-16
1.873418 4.003852e-17
1.898734 1.181582e-17
1.924051 1.034862e-17
1.949367 1.072068e-17
1.974684 8.632856e-18
2 6.326508e-18
