0.5316456 1
0.556962 1
0.5822785 1
0.6075949 1
0.6329114 0.9999669
0.6582278 0.9974489
0.6835443 0.9524698
0.7088608 0.5399827
0.7341772 0.02776009
0.7594937 0.0006911936
0.7848101 3.160489e-05
0.8101266 1.085221e-06
0.835443 1.52704e-08
0.8607595 1.430908e-10
0.8860759 1.073646e-12
0.9113924 1.614305e-14
0.9367089 6.424625e-16
0.9620253 3.821072e-17
0.9873418 8.599092e-19
1.012658 4.589724e-21
1.037975 2.344559e-24
1.063291 2.284154e-29
1.088608 4.369977e-34
1.113924 4.650412e-37
1.139241 3.887609e-39
1.164557 5.045028e-41
1.189873 6.224862e-43
1.21519 5.843298e-45
1.240506 4.422924e-47
1.265823 9.164667e-49
1.291139 5.645918e-50
1.316456 3.434197e-51
1.341772 1.789064e-52
1.367089 8.027333e-54
1.392405 3.206455e-55
1.417722 1.211901e-56
1.443038 4.617262e-58
1.468354 1.793297e-59
1.493671 6.90732e-61
1.518987 2.630827e-62
1.544304 1.042969e-63
1.56962 4.58853e-65
1.594937 2.242579e-66
1.620253 1.158415e-67
1.64557 6.069593e-69
1.670886 3.174058e-70
1.696203 1.642353e-71
1.721519 8.299699e-73
1.746835 4.035553e-74
1.772152 1.875939e-75
1.797468 8.403687e-77
1.822785 3.692862e-78
1.848101 1.611171e-79
1.873418 6.960923e-81
1.898734 2.894452e-82
1.924051 1.092182e-83
1.949367 3.413056e-85
1.974684 7.651464e-87
2 9.04485e-89
