0.02531646 1.000001
0.05063291 1
0.07594937 0.9999947
0.1012658 0.9999962
0.1265823 0.999959
0.1518987 0.9999447
0.1772152 0.9999605
0.2025316 0.9999983
0.2278481 0.9999992
0.2531646 0.9999995
0.278481 0.9999988
0.3037975 0.9999986
0.3291139 0.9999899
0.3544304 0.9956547
0.3797468 0.9988156
0.4050633 0.9999524
0.4303797 0.9999524
0.4556962 0.9998142
0.4810127 0.9974546
0.5063291 0.9471855
0.5316456 0.9808218
0.556962 0.9979001
0.5822785 0.9975135
0.6075949 0.9231356
0.6329114 0.2914482
0.6582278 0.003045694
0.6835443 2.251498e-06
0.7088608 2.964357e-10
0.7341772 2.486381e-15
0.7594937 2.418511e-15
0.7848101 9.932572e-16
0.8101266 3.63644e-16
0.835443 1.410199e-16
0.8607595 5.070808e-17
0.8860759 1.759807e-17
0.9113924 6.378902e-18
0.9367089 2.714569e-18
0.9620253 1.405517e-18
0.9873418 7.964699e-19
1.012658 4.359561e-19
1.037975 2.136438e-19
1.063291 8.977812e-20
1.088608 3.146945e-20
1.113924 9.101023e-21
1.139241 2.239457e-21
1.164557 5.41588e-22
1.189873 1.714295e-22
1.21519 7.170024e-23
1.240506 2.868222e-23
1.265823 1.016118e-23
1.291139 3.138926e-24
1.316456 8.355647e-25
1.341772 1.894401e-25
1.367089 3.61731e-26
1.392405 5.759826e-27
1.417722 7.610756e-28
1.443038 8.422915e-29
1.468354 8.155535e-30
1.493671 7.736433e-31
1.518987 8.448714e-32
1.544304 1.108136e-32
1.56962 1.580585e-33
1.594937 2.274027e-34
1.620253 3.2383e-35
1.64557 4.523805e-36
1.670886 6.093962e-37
1.696203 7.638915e-38
1.721519 8.561847e-39
1.746835 8.462346e-40
1.772152 7.764242e-41
1.797468 7.857748e-42
1.822785 1.045124e-42
1.848101 1.664766e-43
1.873418 2.658714e-44
1.898734 3.909807e-45
1.924051 5.00485e-46
1.949367 5.186257e-47
1.974684 3.832306e-48
2 1.501671e-49
