0.3291139 1
0.3544304 1
0.3797468 1
0.4050633 0.9999754
0.4303797 0.9938813
0.4556962 0.8129835
0.4810127 0.1258379
0.5063291 0.005919012
0.5316456 0.0009401788
0.556962 9.880511e-05
0.5822785 4.14321e-06
0.6075949 2.357975e-07
0.6329114 7.114519e-09
0.6582278 2.037636e-10
0.6835443 9.395594e-12
0.7088608 6.330344e-13
0.7341772 3.036668e-14
0.7594937 2.217483e-15
0.7848101 1.253294e-15
0.8101266 3.067169e-14
0.835443 1.207279e-12
0.8607595 1.273532e-11
0.8860759 4.574606e-11
0.9113924 7.564103e-11
0.9367089 7.956057e-11
0.9620253 2.945302e-11
0.9873418 4.935153e-12
1.012658 1.120216e-12
1.037975 2.369805e-13
1.063291 4.37453e-14
1.088608 8.869957e-15
1.113924 2.585613e-15
1.139241 1.145991e-15
1.164557 4.884822e-16
1.189873 1.895163e-16
1.21519 6.641212e-17
1.240506 2.091237e-17
1.265823 5.87648e-18
1.291139 1.459157e-18
1.316456 3.164022e-19
1.341772 5.911298e-20
1.367089 9.371016e-21
1.392405 1.239095e-21
1.417722 1.340912e-22
1.443038 1.162702e-23
1.468354 7.955888e-25
1.493671 4.531099e-26
1.518987 2.825498e-27
1.544304 2.497393e-28
1.56962 2.583124e-29
1.594937 2.81665e-30
1.620253 3.195132e-31
1.64557 3.660678e-32
1.670886 4.202026e-33
1.696203 4.929436e-34
1.721519 6.067674e-35
1.746835 7.832696e-36
1.772152 1.022985e-36
1.797468 1.288538e-37
1.822785 1.506824e-38
1.848101 1.595781e-39
1.873418 1.50129e-40
1.898734 1.225953e-41
1.924051 8.377311e-43
1.949367 4.497054e-44
1.974684 1.682747e-45
2 3.278e-47
