0.02531646 1
0.05063291 1
0.07594937 1
0.1012658 1
0.1265823 1
0.1518987 1
0.1772152 1
0.2025316 0.9999999
0.2278481 0.9999998
0.2531646 0.9999996
0.278481 1
0.3037975 1
0.3291139 1
0.3544304 1
0.3797468 1
0.4050633 0.9999999
0.4303797 0.999994
0.4556962 0.9999715
0.4810127 0.9999996
0.5063291 0.9999997
0.5316456 0.9999985
0.556962 0.9999222
0.5822785 0.9899516
0.6075949 0.7772441
0.6329114 0.1185085
0.6582278 0.002083506
0.6835443 3.394139e-06
0.7088608 1.423413e-09
0.7341772 3.252346e-11
0.7594937 2.154996e-09
0.7848101 2.837991e-07
0.8101266 6.969477e-06
0.835443 1.858027e-05
0.8607595 1.522716e-05
0.8860759 2.594331e-06
0.9113924 1.337569e-07
0.9367089 9.868067e-08
0.9620253 1.092149e-09
0.9873418 1.031476e-09
1.012658 1.145893e-09
1.037975 5.886133e-10
1.063291 7.039737e-12
1.088608 2.375984e-16
1.113924 6.343931e-18
1.139241 1.469899e-18
1.164557 1.977158e-19
1.189873 2.902399e-20
1.21519 4.220466e-21
1.240506 5.118644e-22
1.265823 5.566954e-23
1.291139 6.372039e-24
1.316456 8.5645e-25
1.341772 1.293153e-25
1.367089 2.165507e-26
1.392405 4.232798e-27
1.417722 9.404844e-28
1.443038 2.279182e-28
1.468354 6.158257e-29
1.493671 1.878431e-29
1.518987 6.148709e-30
1.544304 2.013839e-30
1.56962 6.278445e-31
1.594937 1.837307e-31
1.620253 5.12816e-32
1.64557 1.379013e-32
1.670886 3.577923e-33
1.696203 8.973322e-34
1.721519 2.179026e-34
1.746835 5.155984e-35
1.772152 1.205561e-35
1.797468 2.833311e-36
1.822785 6.68672e-37
1.848101 1.556007e-37
1.873418 3.480251e-38
1.898734 7.475889e-39
1.924051 1.520567e-39
1.949367 2.855334e-40
1.974684 4.602634e-41
2 4.891233e-42
