0.02531646 1.000001
0.05063291 1
0.07594937 0.9999993
0.1012658 1
0.1265823 1
0.1518987 1
0.1772152 0.9999992
0.2025316 0.9998927
0.2278481 0.9911528
0.2531646 0.9726235
0.278481 0.9726235
0.3037975 0.9918704
0.3291139 0.999382
0.3544304 0.9999762
0.3797468 0.9999766
0.4050633 0.9999595
0.4303797 0.9994671
0.4556962 0.9975161
0.4810127 0.9998603
0.5063291 0.9998273
0.5316456 0.9999811
0.556962 0.9999981
0.5822785 0.9984395
0.6075949 0.8667471
0.6329114 0.220196
0.6582278 0.002488816
0.6835443 1.71029e-06
0.7088608 1.748728e-10
0.7341772 5.547886e-15
0.7594937 4.244027e-15
0.7848101 1.089441e-15
0.8101266 3.820278e-16
0.835443 2.305139e-16
0.8607595 1.954551e-16
0.8860759 1.932966e-16
0.9113924 1.89955e-16
0.9367089 1.745161e-16
0.9620253 1.468628e-16
0.9873418 1.121287e-16
1.012658 7.699571e-17
1.037975 4.694912e-17
1.063291 2.486833e-17
1.088608 1.100244e-17
1.113924 3.797107e-18
1.139241 9.028346e-19
1.164557 1.126174e-19
1.189873 2.57173e-21
1.21519 6.405635e-22
1.240506 2.190678e-22
1.265823 6.533486e-23
1.291139 1.657297e-23
1.316456 3.540935e-24
1.341772 6.329656e-25
1.367089 9.443226e-26
1.392405 1.177257e-26
1.417722 1.228331e-27
1.443038 1.083095e-28
1.468354 8.670785e-30
1.493671 7.60719e-31
1.518987 8.872511e-32
1.544304 1.391501e-32
1.56962 2.65107e-33
1.594937 5.512885e-34
1.620253 1.15219e-34
1.64557 2.319493e-35
1.670886 4.443531e-36
1.696203 8.051478e-37
1.721519 1.363676e-37
1.746835 2.115699e-38
1.772152 2.94847e-39
1.797468 3.69528e-40
1.822785 4.386563e-41
1.848101 5.441622e-42
1.873418 7.417987e-43
1.898734 1.050737e-43
1.924051 1.40447e-44
1.949367 1.600524e-45
1.974684 1.354546e-46
2 6.336245e-48
