0.7088608 1
0.7341772 1
0.7594937 1
0.7848101 1
0.8101266 1
0.835443 1
0.8607595 1
0.8860759 1
0.9113924 0.9999999
0.9367089 0.9999309
0.9620253 0.9912241
0.9873418 0.8038777
1.012658 0.1335944
1.037975 0.002053659
1.063291 4.668577e-05
1.088608 6.937344e-07
1.113924 4.728083e-09
1.139241 1.753421e-11
1.164557 1.19759e-12
1.189873 3.197349e-13
1.21519 7.848742e-15
1.240506 7.552102e-16
1.265823 8.296572e-17
1.291139 8.078064e-18
1.316456 1.128667e-18
1.341772 9.017008e-20
1.367089 8.662678e-22
1.392405 3.183981e-24
1.417722 2.391938e-24
1.443038 1.598166e-24
1.468354 9.047554e-25
1.493671 3.96116e-25
1.518987 1.10891e-25
1.544304 1.244504e-26
1.56962 1.993881e-28
1.594937 2.134793e-31
1.620253 1.068352e-33
1.64557 8.41924e-36
1.670886 9.013334e-38
1.696203 8.641919e-40
1.721519 5.766231e-42
1.746835 5.011297e-44
1.772152 7.012737e-46
1.797468 3.178966e-47
1.822785 1.011132e-48
1.848101 1.962056e-50
1.873418 1.668269e-52
1.898734 9.290445e-55
1.924051 3.664694e-57
1.949367 1.215294e-59
1.974684 5.459892e-62
2 8.871083e-65
