0.05063291 1
0.07594937 1
0.1012658 0.9999995
0.1265823 0.9998774
0.1518987 0.9814113
0.1772152 0.9464133
0.2025316 0.997565
0.2278481 0.9963387
0.2531646 0.6895003
0.278481 0.7336358
0.3037975 0.5440042
0.3291139 0.3915849
0.3544304 0.8643218
0.3797468 0.923865
0.4050633 0.9592314
0.4303797 0.9921853
0.4556962 0.9960611
0.4810127 0.9960613
0.5063291 0.9954997
0.5316456 0.9650984
0.556962 0.5729341
0.5822785 0.08781706
0.6075949 0.002837784
0.6329114 0.0003908033
0.6582278 0.003596886
0.6835443 0.005863096
0.7088608 0.00146621
0.7341772 0.00217505
0.7594937 0.003683997
0.7848101 0.003336117
0.8101266 0.0009012079
0.835443 0.0001717248
0.8607595 7.570682e-05
0.8860759 0.0001261391
0.9113924 8.818404e-05
0.9367089 5.367403e-05
0.9620253 2.161769e-05
0.9873418 6.792553e-06
1.012658 6.722307e-06
1.037975 0.0001049048
1.063291 0.0004282908
1.088608 0.0004892383
1.113924 0.0001045922
1.139241 1.986662e-06
1.164557 6.3259e-08
1.189873 1.581358e-08
1.21519 4.403403e-09
1.240506 1.457812e-09
1.265823 5.201884e-10
1.291139 5.201884e-10
1.316456 9.306856e-10
1.341772 4.582786e-09
1.367089 7.356105e-09
1.392405 1.636615e-08
1.417722 1.578816e-08
1.443038 7.430479e-09
1.468354 2.265656e-09
1.493671 6.646339e-10
1.518987 2.18158e-09
1.544304 8.951985e-09
1.56962 7.195672e-09
1.594937 2.043512e-08
1.620253 2.068498e-07
1.64557 2.034041e-06
1.670886 1.604331e-05
1.696203 3.620279e-05
1.721519 1.796188e-05
1.746835 2.158e-06
1.772152 2.575331e-08
1.797468 7.298541e-11
1.822785 5.05028e-11
1.848101 3.689128e-11
1.873418 1.233079e-11
1.898734 1.790115e-11
1.924051 2.669873e-11
1.949367 2.502622e-11
1.974684 6.712937e-11
2 4.459368e-10
