0.02531646 1
0.05063291 1
0.07594937 0.999994
0.1012658 0.9992576
0.1265823 0.9884037
0.1518987 0.9984062
0.1772152 0.9998456
0.2025316 0.9930892
0.2278481 0.9993449
0.2531646 0.9994752
0.278481 0.9882885
0.3037975 0.9982106
0.3291139 0.9969087
0.3544304 0.838711
0.3797468 0.6137885
0.4050633 0.8313277
0.4303797 0.9355436
0.4556962 0.9687134
0.4810127 0.9914492
0.5063291 0.991623
0.5316456 0.991623
0.556962 0.986016
0.5822785 0.8320611
0.6075949 0.2455758
0.6329114 0.01857169
0.6582278 0.0003137043
0.6835443 3.729445e-05
0.7088608 3.734545e-05
0.7341772 0.000314563
0.7594937 0.0008801746
0.7848101 0.0006152996
0.8101266 0.0001514568
0.835443 0.0005317173
0.8607595 0.001147145
0.8860759 0.001147174
0.9113924 0.001147145
0.9367089 0.0003808747
0.9620253 1.826058e-05
0.9873418 6.470118e-07
1.012658 2.048632e-07
1.037975 3.129399e-07
1.063291 6.408454e-07
1.088608 1.245178e-06
1.113924 1.92168e-06
1.139241 2.153997e-06
1.164557 2.157207e-06
1.189873 2.874925e-06
1.21519 4.198403e-06
1.240506 4.940602e-06
1.265823 3.13745e-06
1.291139 5.651708e-07
1.316456 1.314463e-07
1.341772 7.197647e-08
1.367089 4.431245e-08
1.392405 3.889387e-08
1.417722 3.889502e-08
1.443038 3.889599e-08
1.468354 6.137706e-08
1.493671 3.889906e-07
1.518987 9.610775e-07
1.544304 5.892711e-07
1.56962 6.874379e-08
1.594937 1.632582e-08
1.620253 1.632585e-08
1.64557 1.632589e-08
1.670886 1.632594e-08
1.696203 1.632599e-08
1.721519 8.92796e-08
1.746835 1.094644e-06
1.772152 2.597817e-06
1.797468 1.657358e-06
1.822785 4.111429e-07
1.848101 2.690421e-08
1.873418 1.380537e-07
1.898734 4.198605e-06
1.924051 9.312332e-06
1.949367 9.312332e-06
1.974684 2.013375e-06
2 3.948182e-08
