0.4303797 1
0.4556962 1
0.4810127 1
0.5063291 0.9999999
0.5316456 0.9998314
0.556962 0.9760027
0.5822785 0.5842025
0.6075949 0.02577966
0.6329114 0.005153466
0.6582278 0.0006569343
0.6835443 4.728068e-05
0.7088608 1.511386e-06
0.7341772 4.532684e-08
0.7594937 8.564808e-10
0.7848101 1.074008e-11
0.8101266 2.124365e-13
0.835443 5.705901e-15
0.8607595 5.705501e-16
0.8860759 5.976163e-17
0.9113924 3.220609e-18
0.9367089 7.580891e-20
0.9620253 5.951789e-22
0.9873418 8.788191e-25
1.012658 1.101684e-28
1.037975 5.26815e-29
1.063291 7.101463e-29
1.088608 6.342701e-29
1.113924 3.883654e-29
1.139241 1.938847e-29
1.164557 9.027765e-30
1.189873 4.04756e-30
1.21519 1.73227e-30
1.240506 7.10812e-31
1.265823 2.771514e-31
1.291139 1.029409e-31
1.316456 3.594309e-32
1.341772 1.172589e-32
1.367089 3.539276e-33
1.392405 9.897097e-34
1.417722 2.54143e-34
1.443038 5.939339e-35
1.468354 1.260963e-35
1.493671 2.40036e-36
1.518987 4.06709e-37
1.544304 6.035219e-38
1.56962 7.760776e-39
1.594937 8.426336e-40
1.620253 7.554405e-41
1.64557 5.373717e-42
1.670886 2.869815e-43
1.696203 1.075816e-44
1.721519 2.589694e-46
1.746835 3.709511e-48
1.772152 3.608892e-50
1.797468 3.131066e-52
1.822785 2.600336e-54
1.848101 2.345364e-56
1.873418 2.577004e-58
1.898734 3.711164e-60
1.924051 5.317328e-62
1.949367 5.804758e-64
1.974684 3.689755e-66
2 7.374776e-69
