0.6835443 1
0.7088608 1
0.7341772 1
0.7594937 1
0.7848101 1
0.8101266 1
0.835443 0.9999999
0.8607595 0.9998995
0.8860759 0.9880744
0.9113924 0.7659195
0.9367089 0.1080094
0.9620253 0.00212992
0.9873418 6.30163e-05
1.012658 9.329882e-07
1.037975 6.536201e-09
1.063291 2.859201e-11
1.088608 2.043038e-13
1.113924 7.5717e-14
1.139241 2.450216e-14
1.164557 5.184315e-15
1.189873 1.921924e-15
1.21519 8.50876e-16
1.240506 3.15421e-16
1.265823 9.319242e-17
1.291139 2.048229e-17
1.316456 2.973741e-18
1.341772 1.994322e-19
1.367089 2.330291e-21
1.392405 3.089899e-23
1.417722 5.726543e-24
1.443038 3.496425e-25
1.468354 3.715263e-27
1.493671 4.503785e-30
1.518987 1.290074e-33
1.544304 4.833127e-36
1.56962 1.133474e-38
1.594937 2.089639e-41
1.620253 7.700166e-43
1.64557 9.390973e-44
1.670886 8.940279e-45
1.696203 6.413406e-46
1.721519 3.051515e-47
1.746835 1.027327e-48
1.772152 1.980868e-50
1.797468 2.171392e-52
1.822785 1.260649e-54
1.848101 4.144604e-57
1.873418 1.054438e-59
1.898734 2.320145e-62
1.924051 4.227415e-65
1.949367 1.859047e-67
1.974684 2.622578e-69
2 2.273983e-71
