0.02531646 0.99999
0.05063291 0.9999987
0.07594937 1
0.1012658 1
0.1265823 1
0.1518987 0.9999999
0.1772152 0.9999609
0.2025316 0.9994109
0.2278481 0.9998978
0.2531646 0.9999965
0.278481 0.9999998
0.3037975 0.9999991
0.3291139 0.9999939
0.3544304 0.9999976
0.3797468 0.9999936
0.4050633 0.9996162
0.4303797 0.999722
0.4556962 0.999962
0.4810127 0.9999802
0.5063291 0.9999002
0.5316456 0.9998023
0.556962 0.9999488
0.5822785 0.9977662
0.6075949 0.8460046
0.6329114 0.1832118
0.6582278 0.001401768
0.6835443 2.856805e-07
0.7088608 1.997191e-11
0.7341772 1.208746e-14
0.7594937 1.064859e-14
0.7848101 4.209376e-15
0.8101266 4.58881e-15
0.835443 6.536497e-15
0.8607595 9.457914e-15
0.8860759 1.3183e-14
0.9113924 1.596111e-14
0.9367089 1.671221e-14
0.9620253 1.190324e-14
0.9873418 7.784261e-15
1.012658 5.182532e-15
1.037975 3.353217e-15
1.063291 1.967391e-15
1.088608 9.671911e-16
1.113924 3.420159e-16
1.139241 6.441432e-17
1.164557 1.388127e-18
1.189873 2.311039e-20
1.21519 4.837485e-21
1.240506 1.419733e-21
1.265823 3.550978e-22
1.291139 7.421473e-23
1.316456 1.293348e-23
1.341772 1.881889e-24
1.367089 2.287578e-25
1.392405 2.304989e-26
1.417722 1.904128e-27
1.443038 1.360231e-28
1.468354 1.076246e-29
1.493671 1.359945e-30
1.518987 2.731756e-31
1.544304 6.339385e-32
1.56962 1.433472e-32
1.594937 3.003075e-33
1.620253 5.842576e-34
1.64557 1.070761e-34
1.670886 1.866514e-35
1.696203 3.108282e-36
1.721519 5.00191e-37
1.746835 7.967612e-38
1.772152 1.301011e-38
1.797468 2.250904e-39
1.822785 4.145639e-40
1.848101 7.877565e-41
1.873418 1.478632e-41
1.898734 2.640998e-42
1.924051 4.317351e-43
1.949367 6.076056e-44
1.974684 6.542099e-45
2 4.014573e-46
