0.7088608 1
0.7341772 1
0.7594937 1
0.7848101 1
0.8101266 1
0.835443 1
0.8607595 1
0.8860759 0.9999997
0.9113924 0.9997954
0.9367089 0.9806673
0.9620253 0.692645
0.9873418 0.06233176
1.012658 0.001140482
1.037975 2.826798e-05
1.063291 2.676662e-07
1.088608 2.200013e-09
1.113924 7.48077e-12
1.139241 3.377166e-13
1.164557 1.506025e-13
1.189873 2.263708e-14
1.21519 1.664558e-15
1.240506 3.03282e-16
1.265823 8.598601e-17
1.291139 2.313928e-17
1.316456 4.184716e-18
1.341772 2.781314e-19
1.367089 2.573789e-21
1.392405 1.629939e-23
1.417722 1.092523e-23
1.443038 5.961893e-24
1.468354 2.318805e-24
1.493671 4.791007e-25
1.518987 2.619231e-26
1.544304 1.100112e-28
1.56962 3.044186e-32
1.594937 5.027875e-35
1.620253 1.495228e-37
1.64557 6.515942e-40
1.670886 4.625543e-42
1.696203 9.44582e-44
1.721519 6.981457e-45
1.746835 5.301954e-46
1.772152 2.583229e-47
1.797468 8.387688e-49
1.822785 1.56063e-50
1.848101 1.41862e-52
1.873418 7.415691e-55
1.898734 2.611637e-57
1.924051 8.250065e-60
1.949367 2.530764e-62
1.974684 4.954391e-65
2 9.948262e-68
