0.4810127 1
0.5063291 1
0.5316456 1
0.556962 0.9999999
0.5822785 0.9999186
0.6075949 0.9905336
0.6329114 0.8315258
0.6582278 0.2541136
0.6835443 0.00519163
0.7088608 0.0001155687
0.7341772 9.021934e-06
0.7594937 7.538429e-07
0.7848101 8.695365e-09
0.8101266 1.186059e-10
0.835443 1.75922e-12
0.8607595 3.316524e-14
0.8860759 1.274363e-15
0.9113924 1.309099e-16
0.9367089 6.745834e-18
0.9620253 1.406568e-19
0.9873418 7.786158e-22
1.012658 5.747743e-25
1.037975 1.477321e-29
1.063291 2.329653e-34
1.088608 7.117229e-38
1.113924 9.196914e-41
1.139241 3.14317e-43
1.164557 1.370122e-45
1.189873 1.893809e-47
1.21519 8.906875e-49
1.240506 4.336748e-50
1.265823 1.902132e-51
1.291139 7.783399e-53
1.316456 3.118839e-54
1.341772 1.296709e-55
1.367089 5.957617e-57
1.392405 3.138936e-58
1.417722 1.820782e-59
1.443038 1.092836e-60
1.468354 6.626886e-62
1.493671 4.089578e-63
1.518987 2.581145e-64
1.544304 1.645194e-65
1.56962 1.034791e-66
1.594937 6.321822e-68
1.620253 3.762531e-69
1.64557 2.2439e-70
1.670886 1.410115e-71
1.696203 9.780793e-73
1.721519 7.527013e-74
1.746835 6.198509e-75
1.772152 5.217091e-76
1.797468 4.320316e-77
1.822785 3.412291e-78
1.848101 2.499888e-79
1.873418 1.650426e-80
1.898734 9.479332e-82
1.924051 4.522349e-83
1.949367 1.67129e-84
1.974684 4.23097e-86
2 5.479826e-88
