0.4050633 1
0.4303797 1
0.4556962 1
0.4810127 1
0.5063291 1
0.5316456 1
0.556962 1
0.5822785 1
0.6075949 1
0.6329114 1
0.6582278 1
0.6835443 1
0.7088608 1
0.7341772 1
0.7594937 1
0.7848101 1
0.8101266 1
0.835443 1
0.8607595 1
0.8860759 1
0.9113924 1
0.9367089 1
0.9620253 1
0.9873418 1
1.012658 1
1.037975 1
1.063291 1
1.088608 1
1.113924 0.9999995
1.139241 0.9998364
1.164557 0.9939413
1.189873 0.8779793
1.21519 0.2620676
1.240506 0.01154344
1.265823 0.0001364622
1.291139 1.983243e-07
1.316456 2.444074e-11
1.341772 1.170474e-16
1.367089 2.617562e-38
1.392405 1.538006e-72
1.417722 3.999e-78
1.443038 7.467639e-78
1.468354 1.086239e-77
1.493671 1.213071e-77
1.518987 8.088867e-78
1.544304 3.115236e-78
1.56962 6.804933e-79
1.594937 8.224348e-80
1.620253 5.616078e-81
1.64557 1.497161e-82
1.670886 6.098588e-85
1.696203 2.559016e-88
1.721519 9.433743e-92
1.746835 1.989963e-95
1.772152 3.745526e-99
1.797468 4.087952e-103
1.822785 4.980634e-107
1.848101 6.674936e-111
1.873418 4.037645e-115
1.898734 7.840823e-120
1.924051 1.697355e-125
1.949367 1.359073e-132
1.974684 1.055285e-142
2 1.786049e-162
