0.4303797 1
0.4556962 1
0.4810127 1
0.5063291 1
0.5316456 1
0.556962 1
0.5822785 1
0.6075949 1
0.6329114 1
0.6582278 1
0.6835443 1
0.7088608 1
0.7341772 1
0.7594937 1
0.7848101 1
0.8101266 1
0.835443 1
0.8607595 1
0.8860759 1
0.9113924 1
0.9367089 1
0.9620253 1
0.9873418 1
1.012658 1
1.037975 1
1.063291 1
1.088608 1
1.113924 0.999999
1.139241 0.99979
1.164557 0.9873228
1.189873 0.7525168
1.21519 0.118436
1.240506 0.004322351
1.265823 4.88642e-05
1.291139 9.443081e-08
1.316456 1.963497e-11
1.341772 3.960879e-16
1.367089 2.487098e-23
1.392405 3.155577e-46
1.417722 1.15683e-46
1.443038 2.723068e-47
1.468354 1.005864e-54
1.493671 5.088612e-54
1.518987 1.929924e-53
1.544304 5.356758e-53
1.56962 1.062469e-52
1.594937 1.467389e-52
1.620253 1.369273e-52
1.64557 8.304767e-53
1.670886 3.090498e-53
1.696203 6.459582e-54
1.721519 7.296753e-55
1.746835 4.385426e-56
1.772152 1.58564e-57
1.797468 4.694907e-59
1.822785 1.607761e-60
1.848101 6.295087e-62
1.873418 2.432228e-63
1.898734 8.737025e-65
1.924051 2.777877e-66
1.949367 7.547649e-68
1.974684 1.658171e-69
2 2.369521e-71
