0.05063291 1
0.07594937 1
0.1012658 1
0.1265823 1
0.1518987 0.9999999
0.1772152 0.9999748
0.2025316 0.9984292
0.2278481 0.9891664
0.2531646 0.8422437
0.278481 0.1329615
0.3037975 0.5267907
0.3291139 0.07680977
0.3544304 0.7291635
0.3797468 0.9942778
0.4050633 0.9959664
0.4303797 0.9957785
0.4556962 0.929341
0.4810127 0.457941
0.5063291 0.03423788
0.5316456 0.004976756
0.556962 0.003673976
0.5822785 0.009747492
0.6075949 0.01002679
0.6329114 0.003732731
0.6582278 0.003729222
0.6835443 0.002337449
0.7088608 0.0003688187
0.7341772 7.376457e-05
0.7594937 2.032876e-05
0.7848101 9.255611e-06
0.8101266 5.817076e-06
0.835443 3.566036e-06
0.8607595 1.233171e-06
0.8860759 1.177298e-06
0.9113924 9.804951e-07
0.9367089 6.394377e-07
0.9620253 4.584434e-07
0.9873418 1.780904e-07
1.012658 2.144361e-08
1.037975 1.656243e-07
1.063291 4.539984e-06
1.088608 1.183629e-05
1.113924 7.45529e-06
1.139241 9.051868e-07
1.164557 2.054511e-07
1.189873 6.155602e-07
1.21519 6.568878e-07
1.240506 1.701222e-07
1.265823 1.206167e-08
1.291139 3.4355e-09
1.316456 6.887914e-09
1.341772 2.413467e-09
1.367089 7.617969e-10
1.392405 3.682594e-09
1.417722 2.142809e-08
1.443038 2.526532e-08
1.468354 1.366974e-08
1.493671 4.438553e-09
1.518987 8.501051e-09
1.544304 3.409631e-09
1.56962 4.921806e-10
1.594937 8.067403e-10
1.620253 1.299928e-08
1.64557 1.327559e-08
1.670886 9.211064e-09
1.696203 3.609093e-08
1.721519 5.567017e-07
1.746835 3.945833e-06
1.772152 9.653488e-06
1.797468 2.904434e-05
1.822785 2.070999e-05
1.848101 3.482403e-06
1.873418 9.721516e-08
1.898734 2.938553e-09
1.924051 3.74587e-09
1.949367 3.422992e-09
1.974684 3.492881e-09
2 1.807599e-07
