0.4050633 1
0.4303797 1
0.4556962 1
0.4810127 1
0.5063291 1
0.5316456 1
0.556962 1
0.5822785 1
0.6075949 1
0.6329114 1
0.6582278 1
0.6835443 1
0.7088608 1
0.7341772 1
0.7594937 1
0.7848101 1
0.8101266 1
0.835443 1
0.8607595 1
0.8860759 1
0.9113924 1
0.9367089 1
0.9620253 1
0.9873418 1
1.012658 1
1.037975 1
1.063291 1
1.088608 1
1.113924 0.9999988
1.139241 0.9998012
1.164557 0.9897177
1.189873 0.8047698
1.21519 0.1576791
1.240506 0.00722101
1.265823 9.102323e-05
1.291139 2.254753e-07
1.316456 4.792643e-11
1.341772 3.686117e-16
1.367089 8.992892e-24
1.392405 4.80434e-55
1.417722 1.223919e-54
1.443038 3.544291e-55
1.468354 6.379215e-61
1.493671 3.560099e-60
1.518987 1.418094e-59
1.544304 3.997555e-59
1.56962 7.846897e-59
1.594937 1.043343e-58
1.620253 8.988781e-59
1.64557 4.686239e-59
1.670886 1.348069e-59
1.696203 2.044711e-60
1.721519 1.84769e-61
1.746835 9.257676e-63
1.772152 2.534099e-64
1.797468 4.242341e-66
1.822785 6.638328e-68
1.848101 1.157408e-69
1.873418 2.272039e-71
1.898734 4.698193e-73
1.924051 9.162581e-75
1.949367 1.521893e-76
1.974684 1.893758e-78
2 1.289158e-80
