0.4050633 1
0.4303797 1
0.4556962 1
0.4810127 1
0.5063291 1
0.5316456 1
0.556962 1
0.5822785 1
0.6075949 1
0.6329114 1
0.6582278 1
0.6835443 1
0.7088608 1
0.7341772 1
0.7594937 1
0.7848101 1
0.8101266 1
0.835443 1
0.8607595 1
0.8860759 1
0.9113924 1
0.9367089 1
0.9620253 1
0.9873418 1
1.012658 1
1.037975 1
1.063291 1
1.088608 1
1.113924 0.9999991
1.139241 0.9992926
1.164557 0.9485584
1.189873 0.4769201
1.21519 0.02116048
1.240506 0.0001020073
1.265823 1.625317e-08
1.291139 4.136125e-14
1.316456 3.318061e-37
1.341772 1.155055e-40
1.367089 7.999665e-42
1.392405 1.113826e-75
1.417722 2.477311e-81
1.443038 1.163848e-81
1.468354 4.714141e-82
1.493671 1.157396e-82
1.518987 1.711216e-83
1.544304 1.632337e-84
1.56962 1.023235e-85
1.594937 4.008775e-87
1.620253 7.91433e-89
1.64557 4.633312e-91
1.670886 3.025103e-94
1.696203 2.931224e-98
1.721519 2.21502e-102
1.746835 1.013342e-106
1.772152 3.247426e-111
1.797468 6.305678e-116
1.822785 1.305922e-120
1.848101 2.623556e-125
1.873418 1.789271e-130
1.898734 2.073375e-136
1.924051 1.666941e-143
1.949367 1.461824e-152
1.974684 1.432015e-165
2 3.523153e-191
