0.02531646 1
0.05063291 1
0.07594937 1
0.1012658 1
0.1265823 1
0.1518987 1
0.1772152 1
0.2025316 1
0.2278481 1
0.2531646 0.9999997
0.278481 0.999999
0.3037975 0.9999972
0.3291139 0.9999971
0.3544304 0.9999988
0.3797468 0.9999998
0.4050633 1
0.4303797 1
0.4556962 1
0.4810127 1
0.5063291 0.9999999
0.5316456 0.999979
0.556962 0.9983558
0.5822785 0.9611243
0.6075949 0.6013328
0.6329114 0.09869982
0.6582278 0.01591653
0.6835443 0.001110486
0.7088608 0.000344772
0.7341772 9.245586e-05
0.7594937 4.401609e-06
0.7848101 2.962258e-07
0.8101266 9.585073e-07
0.835443 1.73803e-08
0.8607595 9.407554e-10
0.8860759 9.221928e-10
0.9113924 3.191268e-11
0.9367089 5.997094e-14
0.9620253 2.247843e-16
0.9873418 4.492078e-17
1.012658 2.611459e-17
1.037975 1.332894e-17
1.063291 5.712857e-18
1.088608 2.022141e-18
1.113924 5.915079e-19
1.139241 1.437572e-19
1.164557 2.920323e-20
1.189873 4.988959e-21
1.21519 7.222366e-22
1.240506 9.011943e-23
1.265823 1.044326e-23
1.291139 1.623748e-24
1.316456 6.229035e-25
1.341772 4.06497e-25
1.367089 2.808969e-25
1.392405 1.816839e-25
1.417722 1.056693e-25
1.443038 5.441485e-26
1.468354 2.481448e-26
1.493671 9.971252e-27
1.518987 3.503231e-27
1.544304 1.080152e-27
1.56962 2.966349e-28
1.594937 7.41967e-29
1.620253 1.748277e-29
1.64557 4.07645e-30
1.670886 9.895181e-31
1.696203 2.540965e-31
1.721519 6.704718e-32
1.746835 1.747216e-32
1.772152 4.393332e-33
1.797468 1.074335e-33
1.822785 2.642836e-34
1.848101 6.706456e-35
1.873418 1.704004e-35
1.898734 3.944499e-36
1.924051 7.501635e-37
1.949367 1.138691e-37
1.974684 1.548422e-38
2 1.948801e-39
