0.7088608 1
0.7341772 1
0.7594937 1
0.7848101 1
0.8101266 1
0.835443 1
0.8607595 1
0.8860759 1
0.9113924 0.9999995
0.9367089 0.9997049
0.9620253 0.9764608
0.9873418 0.6617643
1.012658 0.04715975
1.037975 0.0007783063
1.063291 1.815232e-05
1.088608 2.389225e-07
1.113924 1.004954e-09
1.139241 5.881215e-12
1.164557 8.447944e-13
1.189873 2.078094e-13
1.21519 5.997317e-15
1.240506 5.697696e-16
1.265823 6.910545e-17
1.291139 9.222373e-18
1.316456 1.507062e-18
1.341772 1.131292e-19
1.367089 1.065883e-21
1.392405 4.48785e-24
1.417722 3.336547e-24
1.443038 2.183812e-24
1.468354 1.18657e-24
1.493671 4.783688e-25
1.518987 1.122135e-25
1.544304 8.320082e-27
1.56962 5.887278e-29
1.594937 4.396023e-32
1.620253 2.010072e-34
1.64557 1.220095e-36
1.670886 1.17292e-38
1.696203 1.051287e-40
1.721519 6.596212e-43
1.746835 8.728716e-45
1.772152 3.299563e-46
1.797468 1.604076e-47
1.822785 4.55474e-49
1.848101 7.901938e-51
1.873418 5.871385e-53
1.898734 2.907339e-55
1.924051 1.150585e-57
1.949367 3.58781e-60
1.974684 1.521887e-62
2 2.079297e-65
