0.4050633 1
0.4303797 1
0.4556962 1
0.4810127 1
0.5063291 1
0.5316456 1
0.556962 1
0.5822785 1
0.6075949 1
0.6329114 1
0.6582278 1
0.6835443 1
0.7088608 1
0.7341772 1
0.7594937 1
0.7848101 1
0.8101266 1
0.835443 1
0.8607595 1
0.8860759 1
0.9113924 1
0.9367089 1
0.9620253 1
0.9873418 1
1.012658 1
1.037975 1
1.063291 1
1.088608 1
1.113924 0.9999989
1.139241 0.9992742
1.164557 0.9496892
1.189873 0.4808366
1.21519 0.02779455
1.240506 0.0001850857
1.265823 1.034164e-07
1.291139 3.347099e-12
1.316456 4.386092e-20
1.341772 7.35576e-40
1.367089 1.5758e-41
1.392405 1.956393e-75
1.417722 4.439178e-81
1.443038 2.398005e-81
1.468354 1.113951e-81
1.493671 3.154516e-82
1.518987 5.146006e-83
1.544304 5.348767e-84
1.56962 3.663871e-85
1.594937 1.55769e-86
1.620253 3.404033e-88
1.64557 2.244846e-90
1.670886 1.697564e-93
1.696203 1.854695e-97
1.721519 1.621827e-101
1.746835 8.556435e-106
1.772152 3.241142e-110
1.797468 7.507781e-115
1.822785 1.863378e-119
1.848101 4.628941e-124
1.873418 3.968564e-129
1.898734 6.224404e-135
1.924051 6.950584e-142
1.949367 9.414398e-151
1.974684 1.694915e-163
2 1.151418e-188
