0.02531646 0.9999781
0.05063291 0.9972389
0.07594937 0.9972638
0.1012658 0.9998388
0.1265823 0.9999555
0.1518987 0.9999973
0.1772152 1
0.2025316 1
0.2278481 1
0.2531646 1
0.278481 1
0.3037975 1
0.3291139 1
0.3544304 1
0.3797468 1
0.4050633 1
0.4303797 0.9999998
0.4556962 0.9999989
0.4810127 0.9999968
0.5063291 0.9999949
0.5316456 0.9998891
0.556962 0.9955842
0.5822785 0.9475677
0.6075949 0.7747772
0.6329114 0.03127124
0.6582278 0.003067505
0.6835443 0.004495516
0.7088608 0.001759428
0.7341772 0.0003134788
0.7594937 1.276337e-05
0.7848101 3.256802e-07
0.8101266 1.539686e-06
0.835443 7.333068e-08
0.8607595 4.734714e-09
0.8860759 5.911623e-11
0.9113924 1.720137e-13
0.9367089 2.004465e-16
0.9620253 7.100078e-17
0.9873418 4.365483e-17
1.012658 2.150805e-17
1.037975 8.542499e-18
1.063291 2.735322e-18
1.088608 7.111678e-19
1.113924 1.517354e-19
1.139241 2.687987e-20
1.164557 4.003448e-21
1.189873 5.100538e-22
1.21519 5.840305e-23
1.240506 7.763624e-24
1.265823 2.441088e-24
1.291139 1.652759e-24
1.316456 1.284062e-24
1.341772 9.520921e-25
1.367089 6.433919e-25
1.392405 3.883339e-25
1.417722 2.085941e-25
1.443038 1.006899e-25
1.468354 4.405267e-26
1.493671 1.753654e-26
1.518987 6.398036e-27
1.544304 2.170982e-27
1.56962 6.989848e-28
1.594937 2.182598e-28
1.620253 6.738958e-29
1.64557 2.081348e-29
1.670886 6.432604e-30
1.696203 1.971933e-30
1.721519 5.925438e-31
1.746835 1.729596e-31
1.772152 4.88729e-32
1.797468 1.339323e-32
1.822785 3.57379e-33
1.848101 9.287096e-34
1.873418 2.325162e-34
1.898734 5.47793e-35
1.924051 1.184879e-35
1.949367 2.355366e-36
1.974684 4.590386e-37
2 1.039575e-37
