0.5822785 1
0.6075949 1
0.6329114 1
0.6582278 1
0.6835443 1
0.7088608 0.9999453
0.7341772 0.9920481
0.7594937 0.8234981
0.7848101 0.2077492
0.8101266 0.005723426
0.835443 0.0001998637
0.8607595 6.893017e-06
0.8860759 1.121086e-07
0.9113924 1.147677e-09
0.9367089 6.92242e-12
0.9620253 4.144952e-14
0.9873418 7.661046e-16
1.012658 3.985186e-17
1.037975 7.529069e-19
1.063291 2.183077e-21
1.088608 1.275288e-25
1.113924 4.253822e-30
1.139241 8.71218e-32
1.164557 4.555391e-33
1.189873 2.785333e-34
1.21519 1.488568e-35
1.240506 6.172511e-37
1.265823 2.022946e-38
1.291139 4.540747e-40
1.316456 6.850847e-42
1.341772 4.79795e-44
1.367089 4.394056e-47
1.392405 3.607652e-51
1.417722 6.328548e-53
1.443038 1.579875e-54
1.468354 5.248713e-56
1.493671 2.583273e-57
1.518987 1.642318e-58
1.544304 1.043861e-59
1.56962 5.930763e-61
1.594937 2.901847e-62
1.620253 1.203588e-63
1.64557 4.206161e-65
1.670886 1.25618e-66
1.696203 3.407584e-68
1.721519 9.838997e-70
1.746835 3.554012e-71
1.772152 1.503543e-72
1.797468 6.246128e-74
1.822785 2.3382e-75
1.848101 7.889656e-77
1.873418 2.505951e-78
1.898734 7.644501e-80
1.924051 2.142488e-81
1.949367 5.108999e-83
1.974684 9.089027e-85
2 8.839842e-87
