0.4810127 1
0.5063291 1
0.5316456 1
0.556962 0.9999998
0.5822785 0.9999437
0.6075949 0.9960947
0.6329114 0.9132398
0.6582278 0.4063211
0.6835443 0.004857544
0.7088608 0.0001267628
0.7341772 1.147232e-05
0.7594937 6.246552e-07
0.7848101 5.83674e-09
0.8101266 1.071109e-10
0.835443 1.284092e-12
0.8607595 2.572939e-14
0.8860759 1.11836e-15
0.9113924 1.115624e-16
0.9367089 5.56153e-18
0.9620253 1.110999e-19
0.9873418 5.807802e-22
1.012658 3.956006e-25
1.037975 9.1619e-30
1.063291 1.626107e-34
1.088608 5.129045e-38
1.113924 6.742846e-41
1.139241 2.197456e-43
1.164557 9.508973e-46
1.189873 1.531302e-47
1.21519 7.329064e-49
1.240506 3.48771e-50
1.265823 1.496437e-51
1.291139 6.020183e-53
1.316456 2.394159e-54
1.341772 1.003084e-55
1.367089 4.724897e-57
1.392405 2.557384e-58
1.417722 1.510306e-59
1.443038 9.200204e-61
1.468354 5.70087e-62
1.493671 3.614684e-63
1.518987 2.336625e-64
1.544304 1.510814e-65
1.56962 9.567802e-67
1.594937 5.897942e-68
1.620253 3.594303e-69
1.64557 2.248966e-70
1.670886 1.511338e-71
1.696203 1.115075e-72
1.721519 8.884572e-74
1.746835 7.373502e-75
1.772152 6.158167e-76
1.797468 5.029316e-77
1.822785 3.912119e-78
1.848101 2.82498e-79
1.873418 1.840671e-80
1.898734 1.044946e-81
1.924051 4.933373e-83
1.949367 1.80602e-84
1.974684 4.533368e-86
2 5.827542e-88
