0.02531646 1
0.05063291 1
0.07594937 0.9999999
0.1012658 0.999999
0.1265823 0.9996162
0.1518987 0.9951676
0.1772152 0.9998152
0.2025316 0.9999865
0.2278481 0.9994991
0.2531646 0.9999031
0.278481 0.9999883
0.3037975 0.9999802
0.3291139 0.9998797
0.3544304 0.9993592
0.3797468 0.9995889
0.4050633 0.9998985
0.4303797 0.9934104
0.4556962 0.9720952
0.4810127 0.993416
0.5063291 0.9980823
0.5316456 0.9961854
0.556962 0.9973775
0.5822785 0.9978923
0.6075949 0.9177681
0.6329114 0.3260681
0.6582278 0.01352819
0.6835443 5.1901e-05
0.7088608 1.540498e-08
0.7341772 7.03968e-14
0.7594937 1.848705e-15
0.7848101 1.322791e-15
0.8101266 5.526026e-16
0.835443 2.469828e-16
0.8607595 1.04439e-16
0.8860759 4.224252e-17
0.9113924 1.636076e-17
0.9367089 6.06812e-18
0.9620253 2.157859e-18
0.9873418 7.373722e-19
1.012658 2.424273e-19
1.037975 7.673609e-20
1.063291 2.346255e-20
1.088608 6.951147e-21
1.113924 1.997155e-21
1.139241 5.581711e-22
1.164557 1.551129e-22
1.189873 4.517387e-23
1.21519 1.457237e-23
1.240506 5.239063e-24
1.265823 1.98021e-24
1.291139 7.31206e-25
1.316456 2.510764e-25
1.341772 7.795592e-26
1.367089 2.148529e-26
1.392405 5.179573e-27
1.417722 1.08004e-27
1.443038 1.938172e-28
1.468354 3.013969e-29
1.493671 4.197264e-30
1.518987 5.696684e-31
1.544304 8.620274e-32
1.56962 1.564004e-32
1.594937 3.153227e-33
1.620253 6.316525e-34
1.64557 1.190617e-34
1.670886 2.079091e-35
1.696203 3.339464e-36
1.721519 4.934714e-37
1.746835 6.803875e-38
1.772152 8.969519e-39
1.797468 1.169504e-39
1.822785 1.534853e-40
1.848101 2.011898e-41
1.873418 2.614546e-42
1.898734 3.37157e-43
1.924051 4.13546e-44
1.949367 4.441819e-45
1.974684 3.634959e-46
2 1.65672e-47
