0.3291139 1
0.3544304 1
0.3797468 0.9999999
0.4050633 0.9999891
0.4303797 0.9991666
0.4556962 0.9607279
0.4810127 0.5872089
0.5063291 0.02230786
0.5316456 0.0003928901
0.556962 2.42413e-05
0.5822785 1.594765e-06
0.6075949 4.361522e-08
0.6329114 1.159516e-09
0.6582278 3.88026e-11
0.6835443 2.402981e-12
0.7088608 1.531459e-13
0.7341772 7.310049e-15
0.7594937 4.087679e-15
0.7848101 3.268997e-13
0.8101266 1.193712e-11
0.835443 9.885509e-11
0.8607595 2.721087e-10
0.8860759 3.679066e-10
0.9113924 3.086492e-10
0.9367089 7.438417e-11
0.9620253 1.704937e-11
0.9873418 5.785956e-12
1.012658 1.319874e-12
1.037975 9.10074e-14
1.063291 8.929973e-15
1.088608 2.211695e-15
1.113924 8.850732e-16
1.139241 3.388176e-16
1.164557 1.245932e-16
1.189873 4.304208e-17
1.21519 1.342362e-17
1.240506 3.743588e-18
1.265823 9.301092e-19
1.291139 2.042372e-19
1.316456 3.920057e-20
1.341772 6.488298e-21
1.367089 9.164017e-22
1.392405 1.10829e-22
1.417722 1.17985e-23
1.443038 1.157956e-24
1.468354 1.102322e-25
1.493671 1.095984e-26
1.518987 1.231859e-27
1.544304 1.568518e-28
1.56962 2.18131e-29
1.594937 3.337375e-30
1.620253 5.784226e-31
1.64557 1.133457e-31
1.670886 2.390338e-32
1.696203 5.086228e-33
1.721519 1.041498e-33
1.746835 1.998062e-34
1.772152 3.538453e-35
1.797468 5.725895e-36
1.822785 8.381657e-37
1.848101 1.095611e-37
1.873418 1.25543e-38
1.898734 1.227167e-39
1.924051 9.819952e-41
1.949367 6.022607e-42
1.974684 2.51128e-43
2 5.327117e-45
