0.4050633 1
0.4303797 1
0.4556962 1
0.4810127 1
0.5063291 1
0.5316456 1
0.556962 1
0.5822785 1
0.6075949 1
0.6329114 1
0.6582278 1
0.6835443 1
0.7088608 1
0.7341772 1
0.7594937 1
0.7848101 1
0.8101266 1
0.835443 1
0.8607595 1
0.8860759 1
0.9113924 1
0.9367089 1
0.9620253 1
0.9873418 1
1.012658 1
1.037975 1
1.063291 1
1.088608 1
1.113924 0.9999989
1.139241 0.9998073
1.164557 0.9901276
1.189873 0.8115073
1.21519 0.1660038
1.240506 0.007619961
1.265823 9.764649e-05
1.291139 2.583346e-07
1.316456 6.366155e-11
1.341772 5.427623e-16
1.367089 2.079865e-23
1.392405 2.276199e-57
1.417722 5.766371e-57
1.443038 1.427964e-57
1.468354 4.994058e-63
1.493671 2.678252e-62
1.518987 1.023208e-61
1.544304 2.757053e-61
1.56962 5.149918e-61
1.594937 6.476487e-61
1.620253 5.228154e-61
1.64557 2.512514e-61
1.670886 6.475649e-62
1.696203 8.612697e-63
1.721519 6.755675e-64
1.746835 2.281889e-65
1.772152 3.317998e-67
1.797468 3.520056e-69
1.822785 3.839939e-71
1.848101 4.349326e-73
1.873418 5.234081e-75
1.898734 6.469935e-77
1.924051 6.716156e-79
1.949367 5.065693e-81
1.974684 2.05625e-83
2 2.031828e-86
