0.3291139 0.9999999
0.3544304 1
0.3797468 1
0.4050633 0.9999764
0.4303797 0.9949071
0.4556962 0.8547654
0.4810127 0.2365485
0.5063291 0.01545659
0.5316456 0.0006338649
0.556962 1.552842e-05
0.5822785 1.456935e-06
0.6075949 1.376081e-07
0.6329114 4.14526e-09
0.6582278 9.789748e-11
0.6835443 5.217463e-12
0.7088608 3.682185e-13
0.7341772 1.586927e-14
0.7594937 2.189106e-15
0.7848101 5.453827e-15
0.8101266 4.349963e-13
0.835443 9.546656e-12
0.8607595 5.695891e-11
0.8860759 1.30981e-10
0.9113924 1.642523e-10
0.9367089 1.071164e-10
0.9620253 1.980592e-11
0.9873418 3.81526e-12
1.012658 9.379689e-13
1.037975 1.479623e-13
1.063291 1.696199e-14
1.088608 3.330069e-15
1.113924 1.396084e-15
1.139241 6.353287e-16
1.164557 2.625534e-16
1.189873 9.804616e-17
1.21519 3.294084e-17
1.240506 9.918058e-18
1.265823 2.662477e-18
1.291139 6.315677e-19
1.316456 1.309185e-19
1.341772 2.34138e-20
1.367089 3.565412e-21
1.392405 4.572176e-22
1.417722 4.906665e-23
1.443038 4.403892e-24
1.468354 3.359108e-25
1.493671 2.383487e-26
1.518987 1.938821e-27
1.544304 1.982514e-28
1.56962 2.253231e-29
1.594937 2.690164e-30
1.620253 3.37269e-31
1.64557 4.483691e-32
1.670886 6.474518e-33
1.696203 1.019179e-33
1.721519 1.683895e-34
1.746835 2.764139e-35
1.772152 4.315888e-36
1.797468 6.238892e-37
1.822785 8.210832e-38
1.848101 9.705529e-39
1.873418 1.013753e-39
1.898734 9.131091e-41
1.924051 6.820944e-42
1.949367 3.959701e-43
1.974684 1.584173e-44
2 3.264391e-46
