0.7341772 1
0.7594937 1
0.7848101 1
0.8101266 1
0.835443 1
0.8607595 1
0.8860759 1
0.9113924 1
0.9367089 1
0.9620253 0.9999977
0.9873418 0.9990991
1.012658 0.9500242
1.037975 0.5070341
1.063291 0.01802818
1.088608 0.0003637333
1.113924 8.40494e-06
1.139241 7.690502e-08
1.164557 4.236108e-10
1.189873 1.554285e-11
1.21519 1.619033e-12
1.240506 1.636126e-14
1.265823 5.351443e-16
1.291139 2.63707e-17
1.316456 5.85378e-19
1.341772 4.195035e-20
1.367089 2.975992e-22
1.392405 4.46648e-25
1.417722 3.420366e-25
1.443038 2.372426e-25
1.468354 1.458898e-25
1.493671 7.744409e-26
1.518987 3.362937e-26
1.544304 1.067697e-26
1.56962 1.935853e-27
1.594937 1.098702e-28
1.620253 6.42819e-31
1.64557 2.02052e-32
1.670886 1.110002e-33
1.696203 4.071662e-35
1.721519 1.060792e-36
1.746835 1.760435e-38
1.772152 2.240035e-40
1.797468 2.528569e-42
1.822785 1.80446e-44
1.848101 1.309144e-46
1.873418 9.263148e-49
1.898734 7.161423e-51
1.924051 5.458998e-53
1.949367 4.386645e-55
1.974684 1.402874e-57
2 4.841342e-60
