0.4050633 1
0.4303797 1
0.4556962 1
0.4810127 1
0.5063291 1
0.5316456 1
0.556962 1
0.5822785 1
0.6075949 1
0.6329114 1
0.6582278 1
0.6835443 1
0.7088608 1
0.7341772 1
0.7594937 1
0.7848101 1
0.8101266 1
0.835443 1
0.8607595 1
0.8860759 1
0.9113924 1
0.9367089 1
0.9620253 1
0.9873418 1
1.012658 1
1.037975 1
1.063291 1
1.088608 1
1.113924 0.9999989
1.139241 0.9997756
1.164557 0.9879608
1.189873 0.7776947
1.21519 0.1468153
1.240506 0.006418761
1.265823 8.702569e-05
1.291139 2.105867e-07
1.316456 3.949437e-11
1.341772 3.349131e-16
1.367089 3.032576e-37
1.392405 1.527337e-71
1.417722 1.765817e-75
1.443038 6.053788e-75
1.468354 1.447061e-74
1.493671 2.486443e-74
1.518987 3.129875e-74
1.544304 2.973704e-74
1.56962 1.89642e-74
1.594937 6.633447e-75
1.620253 1.151824e-75
1.64557 7.74845e-77
1.670886 1.140192e-78
1.696203 1.562432e-81
1.721519 1.28854e-84
1.746835 7.675671e-88
1.772152 3.98174e-91
1.797468 1.173846e-94
1.822785 4.417762e-98
1.848101 1.53018e-101
1.873418 3.660967e-105
1.898734 3.761213e-109
1.924051 6.110498e-114
1.949367 1.129138e-119
1.974684 4.94981e-128
2 2.222984e-143
