0.02531646 1
0.05063291 0.9999995
0.07594937 0.9999997
0.1012658 0.9997817
0.1265823 0.9978887
0.1518987 0.9998935
0.1772152 0.9999832
0.2025316 0.9998653
0.2278481 0.9999863
0.2531646 0.9999929
0.278481 0.9998628
0.3037975 0.9832848
0.3291139 0.9576925
0.3544304 0.9932629
0.3797468 0.9909298
0.4050633 0.9645032
0.4303797 0.9956061
0.4556962 0.9975941
0.4810127 0.9894675
0.5063291 0.9531655
0.5316456 0.9830449
0.556962 0.9985108
0.5822785 0.9985587
0.6075949 0.9237652
0.6329114 0.3401298
0.6582278 0.01159424
0.6835443 2.439546e-05
0.7088608 5.788574e-09
0.7341772 2.464654e-15
0.7594937 1.998633e-15
0.7848101 1.266018e-15
0.8101266 5.196847e-16
0.835443 2.262594e-16
0.8607595 9.258169e-17
0.8860759 3.582338e-17
0.9113924 1.309256e-17
0.9367089 4.507112e-18
0.9620253 1.457323e-18
0.9873418 4.418354e-19
1.012658 1.256601e-19
1.037975 3.368225e-20
1.063291 8.615437e-21
1.088608 2.157651e-21
1.113924 5.60786e-22
1.139241 1.691613e-22
1.164557 6.459146e-23
1.189873 2.910192e-23
1.21519 1.354744e-23
1.240506 6.032661e-24
1.265823 2.479324e-24
1.291139 9.229334e-25
1.316456 3.072228e-25
1.341772 9.040405e-26
1.367089 2.323845e-26
1.392405 5.156213e-27
1.417722 9.779897e-28
1.443038 1.581087e-28
1.468354 2.208149e-29
1.493671 2.800298e-30
1.518987 3.606939e-31
1.544304 5.41271e-32
1.56962 9.632179e-33
1.594937 1.817236e-33
1.620253 3.304719e-34
1.64557 5.58675e-35
1.670886 8.725729e-36
1.696203 1.256704e-36
1.721519 1.668161e-37
1.746835 2.054801e-38
1.772152 2.39462e-39
1.797468 2.73488e-40
1.822785 3.173302e-41
1.848101 3.782607e-42
1.873418 4.649862e-43
1.898734 5.86711e-44
1.924051 7.137855e-45
1.949367 7.59183e-46
1.974684 6.105429e-47
2 2.707923e-48
