0.4303797 1
0.4556962 1
0.4810127 1
0.5063291 1
0.5316456 1
0.556962 1
0.5822785 1
0.6075949 1
0.6329114 1
0.6582278 1
0.6835443 1
0.7088608 1
0.7341772 1
0.7594937 1
0.7848101 1
0.8101266 1
0.835443 1
0.8607595 1
0.8860759 1
0.9113924 1
0.9367089 1
0.9620253 1
0.9873418 1
1.012658 1
1.037975 1
1.063291 1
1.088608 1
1.113924 0.999999
1.139241 0.9997832
1.164557 0.9869305
1.189873 0.7715515
1.21519 0.1113986
1.240506 0.004880201
1.265823 5.450483e-05
1.291139 1.030255e-07
1.316456 2.031822e-11
1.341772 3.85707e-16
1.367089 2.420358e-23
1.392405 1.300825e-46
1.417722 5.81937e-47
1.443038 1.405669e-47
1.468354 6.059944e-55
1.493671 3.099719e-54
1.518987 1.185452e-53
1.544304 3.311788e-53
1.56962 6.603085e-53
1.594937 9.158568e-53
1.620253 8.5749e-53
1.64557 5.214237e-53
1.670886 1.945985e-53
1.696203 4.090623e-54
1.721519 4.674454e-55
1.746835 2.84125e-56
1.772152 1.037404e-57
1.797468 3.048505e-59
1.822785 1.019458e-60
1.848101 3.895713e-62
1.873418 1.494547e-63
1.898734 5.384777e-65
1.924051 1.727883e-66
1.949367 4.755627e-68
1.974684 1.059285e-69
2 1.529685e-71
