0.4050633 1
0.4303797 1
0.4556962 1
0.4810127 1
0.5063291 1
0.5316456 1
0.556962 1
0.5822785 1
0.6075949 1
0.6329114 1
0.6582278 1
0.6835443 1
0.7088608 1
0.7341772 1
0.7594937 1
0.7848101 1
0.8101266 1
0.835443 1
0.8607595 1
0.8860759 1
0.9113924 1
0.9367089 1
0.9620253 1
0.9873418 1
1.012658 1
1.037975 1
1.063291 1
1.088608 1
1.113924 0.9999992
1.139241 0.9998048
1.164557 0.9904411
1.189873 0.8060369
1.21519 0.1589188
1.240506 0.005676266
1.265823 7.219051e-05
1.291139 9.979972e-08
1.316456 1.115378e-11
1.341772 7.644159e-17
1.367089 4.530798e-38
1.392405 2.556362e-72
1.417722 2.969777e-77
1.443038 6.357724e-77
1.468354 1.02093e-76
1.493671 1.237161e-76
1.518987 1.076204e-76
1.544304 5.559003e-77
1.56962 1.659511e-77
1.594937 2.680104e-78
1.620253 2.249534e-79
1.64557 8.231064e-81
1.670886 4.67722e-83
1.696203 2.804004e-86
1.721519 1.297077e-89
1.746835 3.778931e-93
1.772152 9.564408e-97
1.797468 1.451641e-100
1.822785 2.360994e-104
1.848101 4.546357e-108
1.873418 3.915146e-112
1.898734 1.322453e-116
1.924051 5.221943e-122
1.949367 1.046224e-128
1.974684 3.152409e-138
2 8.161199e-157
