0.4810127 0.9999999
0.5063291 1
0.5316456 1
0.556962 1
0.5822785 0.999972
0.6075949 0.9974782
0.6329114 0.9550431
0.6582278 0.5582894
0.6835443 0.03467239
0.7088608 0.002164935
0.7341772 0.0001332305
0.7594937 5.06265e-06
0.7848101 5.314176e-08
0.8101266 3.801681e-10
0.835443 5.135524e-12
0.8607595 1.066577e-13
0.8860759 2.559353e-15
0.9113924 2.471274e-16
0.9367089 1.451174e-17
0.9620253 3.583496e-19
0.9873418 2.492467e-21
1.012658 2.534254e-24
1.037975 1.048233e-28
1.063291 1.098865e-33
1.088608 2.597029e-37
1.113924 3.222828e-40
1.139241 1.261459e-42
1.164557 6.249129e-45
1.189873 5.029527e-47
1.21519 1.872178e-48
1.240506 9.829891e-50
1.265823 4.69532e-51
1.291139 2.059081e-52
1.316456 8.627584e-54
1.341772 3.592743e-55
1.367089 1.551415e-56
1.392405 7.375546e-58
1.417722 3.963262e-59
1.443038 2.292704e-60
1.468354 1.339453e-61
1.493671 7.7083e-63
1.518987 4.407281e-64
1.544304 2.552381e-65
1.56962 1.511252e-66
1.594937 9.045576e-68
1.620253 5.347616e-69
1.64557 3.058662e-70
1.670886 1.683835e-71
1.696203 9.083675e-73
1.721519 5.034523e-74
1.746835 3.052613e-75
1.772152 2.090683e-76
1.797468 1.567715e-77
1.822785 1.204018e-78
1.848101 8.890452e-80
1.873418 6.000949e-81
1.898734 3.537219e-82
1.924051 1.728169e-83
1.949367 6.51959e-85
1.974684 1.678986e-86
2 2.203394e-88
