0.02531646 1
0.05063291 1
0.07594937 0.9999989
0.1012658 0.9999286
0.1265823 0.9990756
0.1518987 0.9988321
0.1772152 0.9943585
0.2025316 0.8719813
0.2278481 0.1211769
0.2531646 0.0753304
0.278481 0.3790171
0.3037975 0.9330676
0.3291139 0.9831847
0.3544304 0.976101
0.3797468 0.9196391
0.4050633 0.8905801
0.4303797 0.977782
0.4556962 0.9937075
0.4810127 0.8786712
0.5063291 0.3634866
0.5316456 0.02518198
0.556962 0.00175996
0.5822785 0.0006894845
0.6075949 0.005343264
0.6329114 0.00855294
0.6582278 0.007935241
0.6835443 0.001456998
0.7088608 0.0003049239
0.7341772 0.0001517838
0.7594937 9.645055e-05
0.7848101 0.0001681065
0.8101266 0.0002348827
0.835443 0.0002348827
0.8607595 0.0001075
0.8860759 2.883802e-05
0.9113924 1.058898e-05
0.9367089 6.435976e-06
0.9620253 6.538904e-06
0.9873418 5.036089e-06
1.012658 4.725049e-06
1.037975 4.725049e-06
1.063291 5.014413e-06
1.088608 5.214775e-06
1.113924 7.253532e-06
1.139241 2.541342e-06
1.164557 1.659567e-07
1.189873 1.951161e-08
1.21519 4.32071e-09
1.240506 5.593935e-09
1.265823 4.586759e-08
1.291139 4.723534e-08
1.316456 7.254519e-09
1.341772 5.547327e-09
1.367089 1.622909e-09
1.392405 3.86133e-10
1.417722 3.854874e-10
1.443038 2.141169e-09
1.468354 6.368755e-07
1.493671 7.781931e-05
1.518987 0.0006298766
1.544304 0.0007122541
1.56962 0.0003089622
1.594937 3.649829e-05
1.620253 4.694281e-06
1.64557 2.151018e-07
1.670886 1.155564e-09
1.696203 9.288399e-10
1.721519 4.740088e-09
1.746835 3.299519e-08
1.772152 2.170801e-07
1.797468 2.092993e-07
1.822785 9.116966e-08
1.848101 1.159544e-08
1.873418 9.947661e-10
1.898734 6.573708e-10
1.924051 1.063914e-09
1.949367 2.448078e-09
1.974684 3.621241e-09
2 2.271115e-09
