0.556962 1
0.5822785 1
0.6075949 1
0.6329114 1
0.6582278 1
0.6835443 1
0.7088608 1
0.7341772 1
0.7594937 1
0.7848101 1
0.8101266 1
0.835443 1
0.8607595 1
0.8860759 1
0.9113924 1
0.9367089 1
0.9620253 1
0.9873418 1
1.012658 1
1.037975 1
1.063291 1
1.088608 1
1.113924 0.9999965
1.139241 0.9972187
1.164557 0.8637179
1.189873 0.3501289
1.21519 0.006895788
1.240506 0.0002032066
1.265823 1.34853e-06
1.291139 1.166108e-09
1.316456 3.757107e-14
1.341772 2.877272e-17
1.367089 7.234696e-23
1.392405 1.300917e-30
1.417722 1.199059e-32
1.443038 8.367694e-34
1.468354 1.522484e-41
1.493671 1.750749e-41
1.518987 1.825903e-41
1.544304 1.583931e-41
1.56962 1.030073e-41
1.594937 4.545853e-42
1.620253 1.294337e-42
1.64557 3.722185e-43
1.670886 2.529571e-43
1.696203 2.001308e-43
1.721519 1.208354e-43
1.746835 5.147306e-44
1.772152 1.409523e-44
1.797468 2.015418e-45
1.822785 1.249181e-46
1.848101 3.819071e-48
1.873418 6.568088e-50
1.898734 7.00329e-52
1.924051 5.364836e-54
1.949367 3.214615e-56
1.974684 1.562089e-58
2 6.595809e-61
