0.02531646 1
0.05063291 1
0.07594937 1
0.1012658 0.9999996
0.1265823 0.9999554
0.1518987 0.9998508
0.1772152 0.9998415
0.2025316 0.9940556
0.2278481 0.9826238
0.2531646 0.569616
0.278481 0.08806229
0.3037975 0.07301118
0.3291139 0.4526816
0.3544304 0.9207575
0.3797468 0.8902396
0.4050633 0.955775
0.4303797 0.9954129
0.4556962 0.9952328
0.4810127 0.9732224
0.5063291 0.9664981
0.5316456 0.8076502
0.556962 0.2118152
0.5822785 0.01797613
0.6075949 0.001344449
0.6329114 0.0002110916
0.6582278 5.614045e-05
0.6835443 2.042804e-05
0.7088608 1.823941e-05
0.7341772 2.525819e-05
0.7594937 2.807443e-05
0.7848101 1.427386e-05
0.8101266 1.201494e-05
0.835443 2.052523e-05
0.8607595 1.295869e-05
0.8860759 1.358693e-05
0.9113924 0.000418887
0.9367089 0.001094306
0.9620253 0.001094306
0.9873418 0.0005898887
1.012658 6.987308e-05
1.037975 1.776442e-05
1.063291 6.778973e-05
1.088608 0.0001155676
1.113924 0.0001649611
1.139241 2.000573e-05
1.164557 1.128526e-05
1.189873 6.240595e-06
1.21519 3.51816e-06
1.240506 2.706672e-06
1.265823 2.272592e-06
1.291139 1.186945e-06
1.316456 2.244359e-07
1.341772 3.054763e-08
1.367089 1.641925e-08
1.392405 1.324494e-07
1.417722 1.235646e-08
1.443038 1.548953e-09
1.468354 1.042108e-09
1.493671 1.042108e-09
1.518987 1.042108e-09
1.544304 1.178888e-09
1.56962 1.023447e-08
1.594937 6.355684e-07
1.620253 1.873133e-05
1.64557 8.038465e-05
1.670886 0.0002597015
1.696203 0.0002599765
1.721519 4.181713e-05
1.746835 2.740077e-05
1.772152 1.969244e-05
1.797468 2.493413e-05
1.822785 3.604736e-05
1.848101 2.87744e-05
1.873418 1.56109e-05
1.898734 7.159857e-06
1.924051 2.994867e-06
1.949367 4.468429e-07
1.974684 3.287217e-08
2 4.410461e-07
