0.1265823 0.9999999
0.1518987 1
0.1772152 1
0.2025316 0.9999999
0.2278481 0.9999999
0.2531646 0.9999999
0.278481 1
0.3037975 1
0.3291139 1
0.3544304 1
0.3797468 1
0.4050633 1
0.4303797 1
0.4556962 1
0.4810127 1
0.5063291 1
0.5316456 1
0.556962 0.9999999
0.5822785 0.9999971
0.6075949 0.9999303
0.6329114 0.9966699
0.6582278 0.8784926
0.6835443 0.2743888
0.7088608 0.009600903
0.7341772 8.807316e-05
0.7594937 9.998368e-08
0.7848101 1.748641e-10
0.8101266 2.421392e-10
0.835443 1.974222e-09
0.8607595 6.884042e-09
0.8860759 7.084829e-09
0.9113924 4.651634e-09
0.9367089 5.212307e-09
0.9620253 1.347379e-07
0.9873418 2.308462e-06
1.012658 1.173049e-05
1.037975 5.905891e-06
1.063291 1.985968e-05
1.088608 2.23298e-05
1.113924 9.999461e-08
1.139241 5.712133e-08
1.164557 1.171592e-07
1.189873 1.622242e-06
1.21519 7.380555e-06
1.240506 8.019371e-07
1.265823 1.12397e-08
1.291139 1.672882e-08
1.316456 2.29258e-07
1.341772 9.457255e-07
1.367089 1.539116e-06
1.392405 3.803111e-07
1.417722 1.282188e-07
1.443038 1.536514e-08
1.468354 1.044871e-09
1.493671 2.700672e-10
1.518987 2.834206e-10
1.544304 3.353362e-10
1.56962 3.2979e-10
1.594937 2.281521e-10
1.620253 1.093451e-10
1.64557 3.687482e-11
1.670886 8.092861e-12
1.696203 1.011148e-12
1.721519 5.81408e-14
1.746835 2.700032e-15
1.772152 8.382588e-16
1.797468 2.850453e-16
1.822785 7.849887e-17
1.848101 1.855395e-17
1.873418 4.287615e-18
1.898734 1.123566e-18
1.924051 2.746935e-19
1.949367 5.386161e-20
1.974684 7.612657e-21
2 5.948893e-22
