0.5316456 1
0.556962 1
0.5822785 1
0.6075949 1
0.6329114 1
0.6582278 1
0.6835443 1
0.7088608 1
0.7341772 1
0.7594937 1
0.7848101 1
0.8101266 1
0.835443 1
0.8607595 1
0.8860759 1
0.9113924 1
0.9367089 1
0.9620253 1
0.9873418 1
1.012658 1
1.037975 1
1.063291 1
1.088608 1
1.113924 0.9999984
1.139241 0.9986662
1.164557 0.9161371
1.189873 0.4397628
1.21519 0.0123248
1.240506 0.0004506144
1.265823 3.365524e-06
1.291139 3.880456e-09
1.316456 2.91055e-13
1.341772 1.680191e-17
1.367089 2.02265e-23
1.392405 7.435481e-33
1.417722 1.616116e-35
1.443038 1.381988e-36
1.468354 2.59877e-44
1.493671 4.03995e-44
1.518987 5.430628e-44
1.544304 6.014313e-44
1.56962 5.124321e-44
1.594937 3.111602e-44
1.620253 1.220301e-44
1.64557 2.705624e-45
1.670886 2.901497e-46
1.696203 1.32411e-47
1.721519 2.936726e-49
1.746835 8.449161e-51
1.772152 4.45491e-52
1.797468 1.603574e-53
1.822785 2.709034e-55
1.848101 2.049982e-57
1.873418 6.941559e-60
1.898734 1.027624e-62
1.924051 9.083598e-66
1.949367 4.736108e-69
1.974684 1.597966e-72
2 6.519419e-76
