0.02531646 1
0.05063291 0.9999703
0.07594937 0.9999944
0.1012658 0.9999998
0.1265823 1
0.1518987 0.9999955
0.1772152 0.9999865
0.2025316 0.9983148
0.2278481 0.9998375
0.2531646 0.999926
0.278481 0.9887303
0.3037975 0.9746695
0.3291139 0.9645872
0.3544304 0.9202846
0.3797468 0.9859318
0.4050633 0.9903271
0.4303797 0.9953403
0.4556962 0.9787872
0.4810127 0.7556102
0.5063291 0.7631175
0.5316456 0.91647
0.556962 0.9642798
0.5822785 0.9701221
0.6075949 0.5699958
0.6329114 0.03513922
0.6582278 0.0004680582
0.6835443 3.321492e-06
0.7088608 1.814295e-06
0.7341772 3.077044e-06
0.7594937 4.035663e-06
0.7848101 1.771576e-06
0.8101266 7.408434e-07
0.835443 8.853899e-07
0.8607595 4.237068e-07
0.8860759 4.048063e-08
0.9113924 5.193715e-09
0.9367089 6.065123e-09
0.9620253 3.080815e-09
0.9873418 3.007825e-09
1.012658 3.250509e-08
1.037975 9.749863e-08
1.063291 7.004107e-08
1.088608 6.732887e-09
1.113924 4.293221e-09
1.139241 6.655057e-09
1.164557 3.953283e-08
1.189873 5.333716e-08
1.21519 1.311627e-07
1.240506 1.559106e-07
1.265823 1.347414e-07
1.291139 1.843754e-08
1.316456 5.023996e-08
1.341772 2.440114e-07
1.367089 3.290125e-07
1.392405 1.978572e-07
1.417722 7.675385e-08
1.443038 2.199092e-08
1.468354 5.253912e-09
1.493671 1.540089e-09
1.518987 4.439127e-10
1.544304 1.081312e-10
1.56962 6.672424e-11
1.594937 5.918488e-11
1.620253 5.918488e-11
1.64557 5.987223e-11
1.670886 8.541505e-11
1.696203 9.199074e-11
1.721519 6.473544e-11
1.746835 4.932757e-11
1.772152 3.742107e-11
1.797468 2.703403e-11
1.822785 1.948299e-11
1.848101 1.411608e-11
1.873418 1.002905e-11
1.898734 6.159212e-12
1.924051 2.256858e-12
1.949367 2.624107e-13
1.974684 9.33061e-15
2 5.615044e-16
