0.4050633 1
0.4303797 1
0.4556962 1
0.4810127 1
0.5063291 1
0.5316456 1
0.556962 1
0.5822785 1
0.6075949 1
0.6329114 1
0.6582278 1
0.6835443 1
0.7088608 1
0.7341772 1
0.7594937 1
0.7848101 1
0.8101266 1
0.835443 1
0.8607595 1
0.8860759 1
0.9113924 1
0.9367089 1
0.9620253 1
0.9873418 1
1.012658 1
1.037975 1
1.063291 1
1.088608 1
1.113924 0.9999989
1.139241 0.9998001
1.164557 0.9893891
1.189873 0.8008776
1.21519 0.1579655
1.240506 0.007267337
1.265823 9.589776e-05
1.291139 2.705866e-07
1.316456 8.223789e-11
1.341772 1.045135e-15
1.367089 8.114509e-23
1.392405 1.368282e-63
1.417722 2.912386e-63
1.443038 1.642609e-64
1.468354 1.650707e-68
1.493671 6.621038e-68
1.518987 1.909203e-67
1.544304 3.914493e-67
1.56962 5.611807e-67
1.594937 5.488462e-67
1.620253 3.54679e-67
1.64557 1.467298e-67
1.670886 3.943794e-68
1.696203 1.940822e-69
1.721519 2.011394e-71
1.746835 6.663132e-74
1.772152 2.738246e-76
1.797468 6.835931e-79
1.822785 1.848398e-81
1.848101 4.990393e-84
1.873418 1.221709e-86
1.898734 2.456564e-89
1.924051 2.075822e-92
1.949367 6.855417e-96
1.974684 1.531539e-100
2 3.060502e-108
