0.5063291 1
0.5316456 1
0.556962 1
0.5822785 1
0.6075949 0.9999839
0.6329114 0.9962633
0.6582278 0.8878488
0.6835443 0.321191
0.7088608 0.01672898
0.7341772 0.003751531
0.7594937 0.0002058512
0.7848101 5.422742e-06
0.8101266 7.556243e-08
0.835443 7.848445e-10
0.8607595 4.570391e-12
0.8860759 1.007475e-13
0.9113924 1.916168e-15
0.9367089 1.623782e-16
0.9620253 6.900934e-18
0.9873418 9.965501e-20
1.012658 2.825836e-22
1.037975 5.573787e-26
1.063291 3.264996e-31
1.088608 1.558182e-35
1.113924 2.899907e-38
1.139241 1.340809e-40
1.164557 1.026788e-42
1.189873 7.757048e-45
1.21519 6.084427e-47
1.240506 1.720598e-48
1.265823 9.974103e-50
1.291139 5.33737e-51
1.316456 2.510224e-52
1.341772 1.070605e-53
1.367089 4.369091e-55
1.392405 1.78628e-56
1.417722 7.388958e-58
1.443038 3.099669e-59
1.468354 1.375101e-60
1.493671 6.81716e-62
1.518987 3.755426e-63
1.544304 2.167564e-64
1.56962 1.244067e-65
1.594937 6.906901e-67
1.620253 3.654745e-68
1.64557 1.827097e-69
1.670886 8.600636e-71
1.696203 3.838418e-72
1.721519 1.659631e-73
1.746835 7.203866e-75
1.772152 3.245555e-76
1.797468 1.535053e-77
1.822785 7.544003e-79
1.848101 3.775633e-80
1.873418 1.866295e-81
1.898734 8.698822e-83
1.924051 3.584761e-84
1.949367 1.196991e-85
1.974684 2.824325e-87
2 3.482508e-89
