0.02531646 1
0.05063291 0.9999943
0.07594937 0.9999957
0.1012658 0.9999983
0.1265823 0.9996062
0.1518987 0.9998418
0.1772152 0.9999903
0.2025316 0.9999851
0.2278481 0.9998497
0.2531646 0.9998663
0.278481 0.9992988
0.3037975 0.946405
0.3291139 0.9826706
0.3544304 0.9805607
0.3797468 0.8442458
0.4050633 0.9844311
0.4303797 0.9810534
0.4556962 0.9870601
0.4810127 0.9870603
0.5063291 0.8662775
0.5316456 0.6506981
0.556962 0.6855037
0.5822785 0.9475442
0.6075949 0.5702123
0.6329114 0.01704641
0.6582278 5.363448e-05
0.6835443 6.42688e-08
0.7088608 1.525955e-09
0.7341772 7.843232e-10
0.7594937 6.191731e-10
0.7848101 3.504513e-10
0.8101266 3.501423e-10
0.835443 3.501423e-10
0.8607595 3.501423e-10
0.8860759 3.682767e-08
0.9113924 1.771537e-06
0.9367089 1.360028e-05
0.9620253 4.501517e-05
0.9873418 5.407799e-05
1.012658 3.747104e-05
1.037975 9.751735e-06
1.063291 1.584015e-06
1.088608 8.668251e-08
1.113924 6.112731e-08
1.139241 1.213473e-07
1.164557 9.991252e-08
1.189873 3.353936e-08
1.21519 2.08437e-08
1.240506 5.002897e-09
1.265823 1.120758e-08
1.291139 4.906885e-07
1.316456 2.861631e-06
1.341772 3.164233e-06
1.367089 9.172457e-07
1.392405 7.699216e-08
1.417722 6.915339e-09
1.443038 6.578554e-09
1.468354 3.147566e-09
1.493671 8.689671e-10
1.518987 2.951345e-10
1.544304 1.423444e-10
1.56962 9.470919e-11
1.594937 9.750403e-11
1.620253 1.296103e-10
1.64557 2.52044e-10
1.670886 4.605468e-10
1.696203 8.838181e-10
1.721519 2.682733e-09
1.746835 5.306171e-09
1.772152 5.251957e-09
1.797468 3.158989e-09
1.822785 1.214632e-09
1.848101 8.783373e-10
1.873418 9.033387e-10
1.898734 1.13518e-09
1.924051 1.92382e-09
1.949367 4.304115e-09
1.974684 4.123042e-09
2 2.292896e-09
