0.4050633 1
0.4303797 1
0.4556962 1
0.4810127 1
0.5063291 1
0.5316456 1
0.556962 1
0.5822785 1
0.6075949 1
0.6329114 1
0.6582278 1
0.6835443 1
0.7088608 1
0.7341772 1
0.7594937 1
0.7848101 1
0.8101266 1
0.835443 1
0.8607595 1
0.8860759 1
0.9113924 1
0.9367089 1
0.9620253 1
0.9873418 1
1.012658 1
1.037975 1
1.063291 1
1.088608 1
1.113924 0.9999988
1.139241 0.9997977
1.164557 0.989364
1.189873 0.8029206
1.21519 0.1470766
1.240506 0.006762151
1.265823 8.162169e-05
1.291139 1.833401e-07
1.316456 3.358986e-11
1.341772 2.647014e-16
1.367089 7.960912e-24
1.392405 3.685172e-52
1.417722 8.97088e-52
1.443038 2.71838e-52
1.468354 1.468596e-58
1.493671 8.276613e-58
1.518987 3.34841e-57
1.544304 9.62574e-57
1.56962 1.93559e-56
1.594937 2.657986e-56
1.620253 2.406967e-56
1.64557 1.370763e-56
1.670886 4.645906e-57
1.696203 8.967051e-58
1.721519 9.497352e-59
1.746835 5.722065e-60
1.772152 2.118741e-61
1.797468 5.484729e-63
1.822785 1.192416e-64
1.848101 2.921741e-66
1.873418 8.333875e-68
1.898734 2.482765e-69
1.924051 7.116853e-71
1.949367 1.808593e-72
1.974684 3.735761e-74
2 4.785749e-76
