0.02531646 0.9999998
0.05063291 0.9998452
0.07594937 0.99995
0.1012658 0.9999931
0.1265823 1
0.1518987 1
0.1772152 1
0.2025316 1
0.2278481 1
0.2531646 1
0.278481 0.9999999
0.3037975 0.9999973
0.3291139 0.9999878
0.3544304 0.9999998
0.3797468 1
0.4050633 1
0.4303797 1
0.4556962 0.9999999
0.4810127 0.9999971
0.5063291 0.9999784
0.5316456 0.9999724
0.556962 0.9999627
0.5822785 0.9911232
0.6075949 0.7686204
0.6329114 0.1602967
0.6582278 0.002542188
0.6835443 7.640952e-06
0.7088608 7.494274e-08
0.7341772 3.832401e-07
0.7594937 7.033969e-07
0.7848101 5.417183e-09
0.8101266 6.260948e-09
0.835443 2.428326e-07
0.8607595 1.25165e-06
0.8860759 1.303472e-06
0.9113924 3.845658e-07
0.9367089 9.69386e-08
0.9620253 1.013481e-07
0.9873418 4.485632e-10
1.012658 7.476284e-13
1.037975 6.482685e-15
1.063291 2.176462e-17
1.088608 2.508628e-18
1.113924 5.203934e-19
1.139241 1.186432e-19
1.164557 3.203258e-20
1.189873 1.006022e-20
1.21519 3.059852e-21
1.240506 8.043658e-22
1.265823 1.760477e-22
1.291139 3.201885e-23
1.316456 4.950926e-24
1.341772 6.901911e-25
1.367089 9.878974e-26
1.392405 1.826564e-26
1.417722 5.128934e-27
1.443038 1.938593e-27
1.468354 8.197826e-28
1.493671 3.531579e-28
1.518987 1.479769e-28
1.544304 5.846974e-29
1.56962 2.122144e-29
1.594937 6.969077e-30
1.620253 2.125778e-30
1.64557 6.236573e-31
1.670886 1.788393e-31
1.696203 5.057779e-32
1.721519 1.420384e-32
1.746835 3.990373e-33
1.772152 1.138981e-33
1.797468 3.405068e-34
1.822785 1.11943e-34
1.848101 3.936908e-35
1.873418 1.202698e-35
1.898734 2.965957e-36
1.924051 5.84687e-37
1.949367 9.31153e-38
1.974684 1.225224e-38
2 1.270115e-39
