0.02531646 1
0.05063291 0.9999991
0.07594937 0.9999951
0.1012658 0.9999998
0.1265823 0.9999998
0.1518987 0.9999964
0.1772152 0.9999998
0.2025316 0.9999999
0.2278481 0.9999993
0.2531646 0.9999992
0.278481 0.9999998
0.3037975 1
0.3291139 1
0.3544304 1
0.3797468 1
0.4050633 0.9999999
0.4303797 0.9999995
0.4556962 0.9999996
0.4810127 0.9999998
0.5063291 1
0.5316456 1
0.556962 0.999993
0.5822785 0.9944528
0.6075949 0.7950636
0.6329114 0.1423314
0.6582278 0.001024252
0.6835443 1.981453e-07
0.7088608 2.196567e-11
0.7341772 4.248906e-13
0.7594937 1.849176e-11
0.7848101 2.303449e-10
0.8101266 6.649031e-10
0.835443 8.237446e-10
0.8607595 6.456889e-10
0.8860759 6.416247e-10
0.9113924 1.038445e-09
0.9367089 5.324738e-09
0.9620253 1.198359e-08
0.9873418 1.139625e-08
1.012658 5.348784e-09
1.037975 6.01477e-10
1.063291 3.651145e-11
1.088608 4.699591e-13
1.113924 3.132524e-14
1.139241 3.246392e-16
1.164557 8.464959e-18
1.189873 1.255097e-19
1.21519 2.132569e-20
1.240506 4.046809e-21
1.265823 6.407349e-22
1.291139 8.278524e-23
1.316456 8.623102e-24
1.341772 7.204535e-25
1.367089 4.964154e-26
1.392405 3.510213e-27
1.417722 4.461471e-28
1.443038 1.000281e-28
1.468354 2.562155e-29
1.493671 6.47328e-30
1.518987 1.592815e-30
1.544304 3.89016e-31
1.56962 9.507735e-32
1.594937 2.283017e-32
1.620253 5.258327e-33
1.64557 1.157523e-33
1.670886 2.462818e-34
1.696203 5.155131e-35
1.721519 1.08166e-35
1.746835 2.28751e-36
1.772152 4.876367e-37
1.797468 1.044383e-37
1.822785 2.223203e-38
1.848101 4.640121e-39
1.873418 9.397986e-40
1.898734 1.834854e-40
1.924051 3.38838e-41
1.949367 5.66119e-42
1.974684 7.679553e-43
2 6.321185e-44
