0.4050633 1
0.4303797 1
0.4556962 1
0.4810127 1
0.5063291 1
0.5316456 1
0.556962 1
0.5822785 1
0.6075949 1
0.6329114 1
0.6582278 1
0.6835443 1
0.7088608 1
0.7341772 1
0.7594937 1
0.7848101 1
0.8101266 1
0.835443 1
0.8607595 1
0.8860759 1
0.9113924 1
0.9367089 1
0.9620253 1
0.9873418 1
1.012658 1
1.037975 1
1.063291 1
1.088608 1
1.113924 0.9999989
1.139241 0.9998111
1.164557 0.9904164
1.189873 0.8171587
1.21519 0.1726836
1.240506 0.008051696
1.265823 0.0001035407
1.291139 2.821286e-07
1.316456 7.475659e-11
1.341772 6.637207e-16
1.367089 3.132928e-23
1.392405 1.318683e-58
1.417722 3.413281e-58
1.443038 7.324742e-59
1.468354 3.354601e-64
1.493671 1.746221e-63
1.518987 6.453302e-63
1.544304 1.677464e-62
1.56962 3.01577e-62
1.594937 3.640855e-62
1.620253 2.811342e-62
1.64557 1.2865e-62
1.670886 3.152609e-63
1.696203 4.008917e-64
1.721519 3.12509e-65
1.746835 6.531681e-67
1.772152 6.495708e-69
1.797468 5.779187e-71
1.822785 4.659448e-73
1.848101 4.073689e-75
1.873418 3.583751e-77
1.898734 3.114257e-79
1.924051 2.147433e-81
1.949367 8.845076e-84
1.974684 1.515159e-86
2 2.435298e-90
