0.07594937 1
0.1012658 1
0.1265823 1
0.1518987 1
0.1772152 1
0.2025316 0.9999949
0.2278481 0.998943
0.2531646 0.9535854
0.278481 0.5384412
0.3037975 0.02806361
0.3291139 0.3730289
0.3544304 0.93908
0.3797468 0.920295
0.4050633 0.4548047
0.4303797 0.06280484
0.4556962 0.01767447
0.4810127 0.024833
0.5063291 0.2649091
0.5316456 0.1270762
0.556962 0.03382802
0.5822785 0.03251898
0.6075949 0.06026191
0.6329114 0.01637709
0.6582278 0.00431327
0.6835443 0.005629201
0.7088608 0.004805235
0.7341772 0.003381044
0.7594937 0.0004048725
0.7848101 4.158775e-05
0.8101266 4.155977e-05
0.835443 4.231622e-05
0.8607595 9.595117e-05
0.8860759 0.0002734547
0.9113924 0.0006157293
0.9367089 0.001020671
0.9620253 0.0002989858
0.9873418 3.249349e-05
1.012658 1.391386e-06
1.037975 3.175066e-08
1.063291 2.187827e-09
1.088608 1.750935e-09
1.113924 2.103242e-09
1.139241 1.563766e-09
1.164557 8.737142e-10
1.189873 7.043347e-10
1.21519 7.189121e-10
1.240506 8.544129e-10
1.265823 8.411721e-10
1.291139 8.411721e-10
1.316456 2.370689e-09
1.341772 8.869521e-09
1.367089 2.775594e-08
1.392405 1.718687e-07
1.417722 7.745768e-07
1.443038 1.62202e-06
1.468354 8.173221e-07
1.493671 1.222242e-07
1.518987 1.22784e-08
1.544304 8.119849e-08
1.56962 4.704226e-06
1.594937 3.848194e-05
1.620253 6.422325e-05
1.64557 4.103681e-05
1.670886 3.909181e-06
1.696203 2.884021e-08
1.721519 1.530459e-09
1.746835 7.0738e-10
1.772152 1.406061e-10
1.797468 1.217452e-11
1.822785 3.576172e-13
1.848101 2.649896e-15
1.873418 4.956906e-17
1.898734 6.435464e-17
1.924051 9.61679e-17
1.949367 1.27483e-16
1.974684 1.29878e-16
2 7.568704e-17
