0.5822785 1
0.6075949 1
0.6329114 1
0.6582278 1
0.6835443 1
0.7088608 1
0.7341772 1
0.7594937 1
0.7848101 1
0.8101266 1
0.835443 1
0.8607595 1
0.8860759 1
0.9113924 1
0.9367089 1
0.9620253 1
0.9873418 1
1.012658 1
1.037975 1
1.063291 1
1.088608 1
1.113924 0.9999906
1.139241 0.9966701
1.164557 0.9333575
1.189873 0.1511134
1.21519 0.01184675
1.240506 0.0002395871
1.265823 8.166438e-07
1.291139 4.715247e-10
1.316456 6.359255e-14
1.341772 6.451022e-17
1.367089 5.543676e-23
1.392405 2.247184e-28
1.417722 3.022013e-29
1.443038 5.92822e-31
1.468354 2.288077e-37
1.493671 6.693698e-37
1.518987 1.583227e-36
1.544304 2.929642e-36
1.56962 4.26222e-36
1.594937 4.950222e-36
1.620253 4.566191e-36
1.64557 3.183014e-36
1.670886 1.541552e-36
1.696203 4.75457e-37
1.721519 8.960559e-38
1.746835 1.129395e-38
1.772152 1.052848e-39
1.797468 7.261511e-41
1.822785 3.647118e-42
1.848101 1.473274e-43
1.873418 5.07474e-45
1.898734 1.357015e-46
1.924051 2.87059e-48
1.949367 5.079247e-50
1.974684 7.83002e-52
2 1.035104e-53
