0.5316456 1
0.556962 1
0.5822785 1
0.6075949 1
0.6329114 1
0.6582278 0.9999424
0.6835443 0.9897713
0.7088608 0.7597116
0.7341772 0.1094345
0.7594937 0.007282344
0.7848101 0.0006212992
0.8101266 2.1182e-05
0.835443 2.905578e-07
0.8607595 4.25167e-09
0.8860759 4.917316e-11
0.9113924 3.850343e-13
0.9367089 4.631662e-15
0.9620253 2.710089e-16
0.9873418 1.058755e-17
1.012658 1.239717e-19
1.037975 2.071001e-22
1.063291 1.072228e-26
1.088608 8.842201e-32
1.113924 3.357923e-35
1.139241 2.976002e-37
1.164557 7.39057e-39
1.189873 1.858774e-40
1.21519 3.657922e-42
1.240506 5.077407e-44
1.265823 4.721384e-46
1.291139 2.787741e-48
1.316456 2.842375e-50
1.341772 1.736617e-51
1.367089 1.223064e-52
1.392405 7.366586e-54
1.417722 3.780185e-55
1.443038 1.685222e-56
1.468354 6.852802e-58
1.493671 2.734723e-59
1.518987 1.123776e-60
1.544304 4.645736e-62
1.56962 1.824698e-63
1.594937 6.603624e-65
1.620253 2.248673e-66
1.64557 7.754334e-68
1.670886 2.952763e-69
1.696203 1.254243e-70
1.721519 5.523155e-72
1.746835 2.353294e-73
1.772152 9.51294e-75
1.797468 3.739404e-76
1.822785 1.485275e-77
1.848101 6.034719e-79
1.873418 2.460631e-80
1.898734 9.720412e-82
1.924051 3.503475e-83
1.949367 1.050849e-84
1.974684 2.273776e-86
2 2.60691e-88
