0.02531646 1
0.05063291 1
0.07594937 1
0.1012658 0.9999975
0.1265823 0.9997875
0.1518987 0.9666565
0.1772152 0.9950656
0.2025316 0.998845
0.2278481 0.9779953
0.2531646 0.998628
0.278481 0.9875132
0.3037975 0.9198562
0.3291139 0.9784415
0.3544304 0.968775
0.3797468 0.7455945
0.4050633 0.2377376
0.4303797 0.04647095
0.4556962 0.04647095
0.4810127 0.07703903
0.5063291 0.6005352
0.5316456 0.9683816
0.556962 0.991623
0.5822785 0.9760775
0.6075949 0.6097089
0.6329114 0.08701741
0.6582278 0.002002953
0.6835443 6.19179e-05
0.7088608 0.0001285128
0.7341772 0.000296923
0.7594937 0.0001391851
0.7848101 4.021772e-05
0.8101266 0.0001471705
0.835443 0.0004067708
0.8607595 0.0009552439
0.8860759 0.0005599974
0.9113924 6.166945e-05
0.9367089 8.1584e-05
0.9620253 0.0008695878
0.9873418 0.001427072
1.012658 0.0009441697
1.037975 0.0004072505
1.063291 0.0001574061
1.088608 6.165976e-05
1.113924 2.225376e-05
1.139241 7.537268e-06
1.164557 2.48463e-06
1.189873 6.28659e-07
1.21519 1.423896e-07
1.240506 5.295331e-08
1.265823 5.294111e-08
1.291139 5.293077e-08
1.316456 9.125183e-08
1.341772 8.087212e-08
1.367089 7.209359e-08
1.392405 1.102917e-06
1.417722 8.819179e-06
1.443038 1.940859e-05
1.468354 1.922063e-05
1.493671 7.891327e-06
1.518987 8.362448e-07
1.544304 4.649484e-08
1.56962 1.632572e-08
1.594937 1.632574e-08
1.620253 1.632576e-08
1.64557 1.632579e-08
1.670886 1.730065e-08
1.696203 1.7226e-08
1.721519 3.647726e-08
1.746835 2.651891e-07
1.772152 1.375422e-06
1.797468 4.893839e-07
1.822785 1.951192e-07
1.848101 1.911578e-08
1.873418 7.468426e-09
1.898734 1.547364e-08
1.924051 7.934941e-08
1.949367 7.855045e-08
1.974684 1.311136e-07
2 2.953266e-08
