0.7088608 1
0.7341772 1
0.7594937 1
0.7848101 1
0.8101266 1
0.835443 1
0.8607595 1
0.8860759 0.9999999
0.9113924 0.9999409
0.9367089 0.9917314
0.9620253 0.8100266
0.9873418 0.146282
1.012658 0.002530176
1.037975 6.603698e-05
1.063291 9.055158e-07
1.088608 5.533602e-09
1.113924 3.016136e-11
1.139241 5.239399e-13
1.164557 2.140926e-13
1.189873 3.639619e-14
1.21519 2.112932e-15
1.240506 3.139359e-16
1.265823 7.389111e-17
1.291139 1.856072e-17
1.316456 3.397166e-18
1.341772 2.271606e-19
1.367089 2.06436e-21
1.392405 1.206743e-23
1.417722 8.398857e-24
1.443038 4.887329e-24
1.468354 2.137104e-24
1.493671 5.6072e-25
1.518987 5.098559e-26
1.544304 5.348678e-28
1.56962 2.321333e-31
1.594937 2.483191e-34
1.620253 9.134495e-37
1.64557 4.04248e-39
1.670886 2.898956e-41
1.696203 3.098856e-43
1.721519 1.218287e-44
1.746835 9.315361e-46
1.772152 4.975971e-47
1.797468 1.849622e-48
1.822785 3.759325e-50
1.848101 4.004906e-52
1.873418 2.325994e-54
1.898734 8.50255e-57
1.924051 2.925542e-59
1.949367 9.166648e-62
1.974684 2.13689e-64
2 3.643392e-67
