0.02531646 0.9999763
0.05063291 0.9999948
0.07594937 0.9999998
0.1012658 1
0.1265823 1
0.1518987 0.9999997
0.1772152 0.9999991
0.2025316 0.9999992
0.2278481 0.9999998
0.2531646 1
0.278481 1
0.3037975 1
0.3291139 0.9999997
0.3544304 0.9999982
0.3797468 0.9999997
0.4050633 1
0.4303797 1
0.4556962 0.9999876
0.4810127 0.9999956
0.5063291 0.9999999
0.5316456 1
0.556962 0.9999999
0.5822785 0.9971996
0.6075949 0.830604
0.6329114 0.166381
0.6582278 0.001089993
0.6835443 1.28656e-07
0.7088608 8.155663e-12
0.7341772 9.016919e-14
0.7594937 4.478504e-13
0.7848101 3.012658e-12
0.8101266 2.132862e-11
0.835443 7.926484e-11
0.8607595 1.945526e-10
0.8860759 3.456824e-10
0.9113924 4.5871e-10
0.9367089 4.697799e-10
0.9620253 3.39559e-10
0.9873418 2.445296e-10
1.012658 1.725833e-10
1.037975 5.225829e-11
1.063291 1.145946e-11
1.088608 9.892584e-13
1.113924 2.526469e-14
1.139241 1.553532e-16
1.164557 5.986403e-18
1.189873 1.046489e-19
1.21519 1.936785e-20
1.240506 4.334925e-21
1.265823 8.137826e-22
1.291139 1.266352e-22
1.316456 1.622427e-23
1.341772 1.697175e-24
1.367089 1.430808e-25
1.392405 9.826228e-27
1.417722 6.822882e-28
1.443038 8.372978e-29
1.468354 1.805393e-29
1.493671 4.493897e-30
1.518987 1.090269e-30
1.544304 2.511455e-31
1.56962 5.565444e-32
1.594937 1.201591e-32
1.620253 2.520838e-33
1.64557 5.100358e-34
1.670886 1.000625e-34
1.696203 1.944002e-35
1.721519 3.821755e-36
1.746835 7.680725e-37
1.772152 1.583717e-37
1.797468 3.329596e-38
1.822785 7.031216e-39
1.848101 1.461421e-39
1.873418 2.937713e-40
1.898734 5.647007e-41
1.924051 1.014867e-41
1.949367 1.624516e-42
1.974684 2.070584e-43
2 1.567613e-44
