0.02531646 1
0.05063291 1
0.07594937 0.9999976
0.1012658 0.9995572
0.1265823 0.9985864
0.1518987 0.9997024
0.1772152 0.9995667
0.2025316 0.9996565
0.2278481 0.9998283
0.2531646 0.9966121
0.278481 0.987346
0.3037975 0.9990762
0.3291139 0.9991711
0.3544304 0.9991711
0.3797468 0.9987282
0.4050633 0.9987078
0.4303797 0.997018
0.4556962 0.8434741
0.4810127 0.8219805
0.5063291 0.9602187
0.5316456 0.9952521
0.556962 0.9902902
0.5822785 0.8997306
0.6075949 0.3546858
0.6329114 0.03404558
0.6582278 0.0009339702
0.6835443 1.115954e-05
0.7088608 6.609594e-08
0.7341772 6.100572e-09
0.7594937 8.748193e-07
0.7848101 8.377267e-06
0.8101266 2.219769e-05
0.835443 4.202586e-05
0.8607595 7.755288e-05
0.8860759 7.755288e-05
0.9113924 4.690395e-05
0.9367089 5.75394e-06
0.9620253 2.263874e-07
0.9873418 3.871803e-08
1.012658 3.871538e-08
1.037975 8.011771e-08
1.063291 3.431598e-07
1.088608 1.592138e-06
1.113924 1.412401e-05
1.139241 3.736507e-05
1.164557 2.501948e-05
1.189873 7.407993e-06
1.21519 2.512488e-06
1.240506 5.7261e-07
1.265823 1.099828e-07
1.291139 2.939631e-07
1.316456 2.582207e-06
1.341772 1.096369e-05
1.367089 3.506424e-05
1.392405 0.0001004739
1.417722 8.714425e-05
1.443038 3.275853e-05
1.468354 9.749126e-06
1.493671 1.271153e-06
1.518987 6.502118e-08
1.544304 2.706373e-09
1.56962 3.768521e-10
1.594937 3.736586e-10
1.620253 3.65702e-10
1.64557 3.033545e-10
1.670886 1.978591e-10
1.696203 1.109338e-10
1.721519 6.387064e-11
1.746835 4.04756e-11
1.772152 2.468324e-11
1.797468 1.185862e-11
1.822785 3.641479e-12
1.848101 9.134674e-13
1.873418 6.376159e-13
1.898734 6.425705e-13
1.924051 6.709703e-13
1.949367 7.062388e-13
1.974684 7.001855e-13
2 5.914162e-13
