0.7594937 1
0.7848101 1
0.8101266 1
0.835443 1
0.8607595 1
0.8860759 1
0.9113924 1
0.9367089 1
0.9620253 1
0.9873418 1
1.012658 1
1.037975 1
1.063291 0.9999812
1.088608 0.9949977
1.113924 0.8493833
1.139241 0.2228945
1.164557 0.004400855
1.189873 7.483352e-05
1.21519 2.699185e-07
1.240506 1.304421e-08
1.265823 3.987436e-11
1.291139 3.315669e-14
1.316456 5.966243e-17
1.341772 2.962589e-19
1.367089 3.517184e-23
1.392405 6.001481e-26
1.417722 9.700679e-27
1.443038 7.1548e-27
1.468354 5.318214e-27
1.493671 3.302499e-27
1.518987 1.687645e-27
1.544304 7.024045e-28
1.56962 2.37061e-28
1.594937 6.397498e-29
1.620253 1.300531e-29
1.64557 1.730831e-30
1.670886 1.149222e-31
1.696203 2.544089e-33
1.721519 3.070939e-35
1.746835 3.466461e-36
1.772152 6.019265e-37
1.797468 8.804412e-38
1.822785 1.008158e-38
1.848101 9.345681e-40
1.873418 7.201184e-41
1.898734 4.818201e-42
1.924051 2.916834e-43
1.949367 1.628049e-44
1.974684 8.48912e-46
2 3.824722e-47
