0.5822785 1
0.6075949 1
0.6329114 1
0.6582278 1
0.6835443 1
0.7088608 1
0.7341772 1
0.7594937 1
0.7848101 1
0.8101266 1
0.835443 1
0.8607595 1
0.8860759 1
0.9113924 1
0.9367089 1
0.9620253 1
0.9873418 1
1.012658 1
1.037975 1
1.063291 1
1.088608 1
1.113924 0.9999859
1.139241 0.9957718
1.164557 0.8001574
1.189873 0.2370419
1.21519 0.004676508
1.240506 0.0001921403
1.265823 6.522443e-07
1.291139 4.418764e-10
1.316456 7.879807e-14
1.341772 5.667033e-17
1.367089 2.661376e-23
1.392405 1.469952e-27
1.417722 3.453292e-28
1.443038 3.180056e-30
1.468354 1.065318e-34
1.493671 2.56878e-34
1.518987 4.760633e-34
1.544304 6.800461e-34
1.56962 7.578045e-34
1.594937 6.609094e-34
1.620253 4.368908e-34
1.64557 2.049287e-34
1.670886 6.35457e-35
1.696203 1.270818e-35
1.721519 1.733668e-36
1.746835 1.894928e-37
1.772152 1.828714e-38
1.797468 1.446236e-39
1.822785 9.157322e-41
1.848101 5.169024e-42
1.873418 2.586232e-43
1.898734 9.944185e-45
1.924051 3.074898e-46
1.949367 7.952584e-48
1.974684 1.79369e-49
2 3.357156e-51
