0.02531646 1
0.05063291 1
0.07594937 0.9999976
0.1012658 0.9990844
0.1265823 0.9599117
0.1518987 0.9768367
0.1772152 0.8240219
0.2025316 0.9956507
0.2278481 0.9997716
0.2531646 0.9997716
0.278481 0.9997716
0.3037975 0.9995658
0.3291139 0.9986785
0.3544304 0.9921026
0.3797468 0.9199897
0.4050633 0.9714061
0.4303797 0.9350271
0.4556962 0.6934696
0.4810127 0.9317692
0.5063291 0.8673357
0.5316456 0.7643728
0.556962 0.8061353
0.5822785 0.2353375
0.6075949 0.006957317
0.6329114 0.0001604017
0.6582278 5.262958e-05
0.6835443 0.0001147114
0.7088608 0.0001335726
0.7341772 2.817259e-06
0.7594937 6.181659e-07
0.7848101 6.181659e-07
0.8101266 8.182422e-06
0.835443 0.0002250951
0.8607595 0.001029109
0.8860759 0.001323442
0.9113924 0.001217302
0.9367089 0.0003633713
0.9620253 3.341567e-05
0.9873418 3.448788e-06
1.012658 6.195897e-07
1.037975 1.411073e-07
1.063291 2.673615e-08
1.088608 5.553708e-09
1.113924 5.118752e-09
1.139241 5.118775e-09
1.164557 5.120836e-09
1.189873 5.128686e-09
1.21519 5.140604e-09
1.240506 5.131223e-09
1.265823 5.118326e-09
1.291139 5.117532e-09
1.316456 5.1178e-09
1.341772 5.117269e-09
1.367089 7.371437e-09
1.392405 1.428094e-07
1.417722 3.435706e-06
1.443038 4.560066e-05
1.468354 0.000207422
1.493671 0.0002955021
1.518987 0.0002955117
1.544304 0.0002955211
1.56962 0.00016273
1.594937 8.051435e-05
1.620253 0.0001076612
1.64557 0.0001288145
1.670886 0.0001288145
1.696203 8.008572e-05
1.721519 3.794735e-05
1.746835 1.968685e-05
1.772152 1.175141e-05
1.797468 1.55414e-06
1.822785 9.949439e-07
1.848101 8.458177e-07
1.873418 1.131659e-07
1.898734 8.568569e-10
1.924051 1.506352e-10
1.949367 1.488334e-11
1.974684 1.540003e-12
2 4.31807e-13
