0.5822785 1
0.6075949 1
0.6329114 1
0.6582278 1
0.6835443 1
0.7088608 1
0.7341772 1
0.7594937 1
0.7848101 1
0.8101266 1
0.835443 1
0.8607595 1
0.8860759 1
0.9113924 1
0.9367089 1
0.9620253 1
0.9873418 1
1.012658 1
1.037975 1
1.063291 1
1.088608 0.9999999
1.113924 0.9999205
1.139241 0.9940729
1.164557 0.8835745
1.189873 0.03843157
1.21519 0.03795432
1.240506 0.0001832416
1.265823 7.215008e-07
1.291139 3.191567e-10
1.316456 4.148919e-14
1.341772 2.590232e-17
1.367089 1.457648e-23
1.392405 1.963258e-26
1.417722 3.5848e-27
1.443038 1.08698e-29
1.468354 1.381314e-31
1.493671 2.279572e-31
1.518987 2.889381e-31
1.544304 2.807337e-31
1.56962 2.07917e-31
1.594937 1.145187e-31
1.620253 4.498935e-32
1.64557 1.233979e-32
1.670886 2.431869e-33
1.696203 3.752861e-34
1.721519 4.902191e-35
1.746835 5.677972e-36
1.772152 5.723903e-37
1.797468 5.010865e-38
1.822785 4.263534e-39
1.848101 3.710909e-40
1.873418 2.995771e-41
1.898734 1.969241e-42
1.924051 1.041019e-43
1.949367 4.549299e-45
1.974684 1.715017e-46
2 5.049359e-48
