0.4050633 1
0.4303797 1
0.4556962 1
0.4810127 1
0.5063291 1
0.5316456 1
0.556962 1
0.5822785 1
0.6075949 1
0.6329114 1
0.6582278 1
0.6835443 1
0.7088608 1
0.7341772 1
0.7594937 1
0.7848101 1
0.8101266 1
0.835443 1
0.8607595 1
0.8860759 1
0.9113924 1
0.9367089 1
0.9620253 1
0.9873418 1
1.012658 1
1.037975 1
1.063291 1
1.088608 1
1.113924 0.9999991
1.139241 0.9998159
1.164557 0.9910346
1.189873 0.8337897
1.21519 0.1997384
1.240506 0.01016577
1.265823 0.0001334971
1.291139 3.890955e-07
1.316456 1.27876e-10
1.341772 1.783813e-15
1.367089 6.965816e-23
1.392405 4.71437e-71
1.417722 1.479926e-72
1.443038 6.7348e-74
1.468354 2.103077e-73
1.493671 4.624658e-73
1.518987 7.305453e-73
1.544304 8.372978e-73
1.56962 7.062195e-73
1.594937 3.891967e-73
1.620253 1.06576e-73
1.64557 1.20338e-74
1.670886 3.062618e-76
1.696203 7.75847e-79
1.721519 8.486067e-82
1.746835 8.244679e-85
1.772152 5.873222e-88
1.797468 2.896676e-91
1.822785 1.605082e-94
1.848101 7.902859e-98
1.873418 3.676718e-101
1.898734 5.952473e-105
1.924051 2.728142e-109
1.949367 1.265699e-114
1.974684 3.826876e-122
2 1.126637e-135
