0.02531646 0.9998037
0.05063291 0.9984439
0.07594937 0.9999595
0.1012658 1
0.1265823 1
0.1518987 1
0.1772152 1
0.2025316 1
0.2278481 1
0.2531646 1
0.278481 1
0.3037975 1
0.3291139 1
0.3544304 1
0.3797468 1
0.4050633 1
0.4303797 1
0.4556962 1
0.4810127 1
0.5063291 1
0.5316456 0.9999983
0.556962 0.9995972
0.5822785 0.9759945
0.6075949 0.5845538
0.6329114 0.1230484
0.6582278 0.01454094
0.6835443 0.0006308351
0.7088608 9.093628e-05
0.7341772 0.0002839015
0.7594937 0.000270113
0.7848101 2.92197e-05
0.8101266 1.896212e-06
0.835443 1.480277e-06
0.8607595 7.671185e-07
0.8860759 4.439897e-08
0.9113924 1.511034e-09
0.9367089 1.738426e-11
0.9620253 2.902766e-14
0.9873418 6.393988e-17
1.012658 2.034464e-17
1.037975 1.227823e-17
1.063291 7.10333e-18
1.088608 3.623025e-18
1.113924 1.554147e-18
1.139241 5.540816e-19
1.164557 1.640378e-19
1.189873 4.036101e-20
1.21519 8.252743e-21
1.240506 1.400967e-21
1.265823 1.974734e-22
1.291139 2.334597e-23
1.316456 2.477106e-24
1.341772 3.326756e-25
1.367089 1.028476e-25
1.392405 5.41041e-26
1.417722 3.051366e-26
1.443038 1.632798e-26
1.468354 7.97227e-27
1.493671 3.518192e-27
1.518987 1.385158e-27
1.544304 4.671214e-28
1.56962 1.329736e-28
1.594937 3.198252e-29
1.620253 6.449521e-30
1.64557 1.085563e-30
1.670886 1.561283e-31
1.696203 2.17151e-32
1.721519 3.744255e-33
1.746835 8.689672e-34
1.772152 2.258231e-34
1.797468 5.850364e-35
1.822785 1.518721e-35
1.848101 4.019226e-36
1.873418 1.122686e-36
1.898734 3.290002e-37
1.924051 9.349883e-38
1.949367 2.267946e-38
1.974684 3.964362e-39
2 3.62946e-40
