0.4050633 1
0.4303797 1
0.4556962 1
0.4810127 1
0.5063291 1
0.5316456 1
0.556962 1
0.5822785 1
0.6075949 1
0.6329114 1
0.6582278 1
0.6835443 1
0.7088608 1
0.7341772 1
0.7594937 1
0.7848101 1
0.8101266 1
0.835443 1
0.8607595 1
0.8860759 1
0.9113924 1
0.9367089 1
0.9620253 1
0.9873418 1
1.012658 1
1.037975 1
1.063291 1
1.088608 1
1.113924 0.9999988
1.139241 0.9998007
1.164557 0.9897263
1.189873 0.7985207
1.21519 0.1575892
1.240506 0.006821877
1.265823 8.466228e-05
1.291139 1.995728e-07
1.316456 3.849604e-11
1.341772 2.871016e-16
1.367089 6.792562e-24
1.392405 3.176356e-53
1.417722 8.085072e-53
1.443038 2.450288e-53
1.468354 2.138211e-59
1.493671 1.209268e-58
1.518987 4.887347e-58
1.544304 1.39937e-57
1.56962 2.79519e-57
1.594937 3.798698e-57
1.620253 3.381247e-57
1.64557 1.868031e-57
1.670886 6.009915e-58
1.696203 1.08349e-58
1.721519 1.073746e-59
1.746835 6.052895e-61
1.772152 2.193951e-62
1.797468 4.911753e-64
1.822785 9.483894e-66
1.848101 2.115333e-67
1.873418 5.362444e-69
1.898734 1.439234e-70
1.924051 3.742041e-72
1.949367 8.557384e-74
1.974684 1.57737e-75
2 1.773093e-77
