0.6582278 1
0.6835443 1
0.7088608 1
0.7341772 1
0.7594937 1
0.7848101 1
0.8101266 1
0.835443 0.9999837
0.8607595 0.9964247
0.8860759 0.8847151
0.9113924 0.3006425
0.9367089 0.007225349
0.9620253 0.0001946055
0.9873418 3.855637e-06
1.012658 4.152414e-08
1.037975 1.919373e-10
1.063291 7.728152e-13
1.088608 2.356164e-13
1.113924 1.155869e-13
1.139241 1.806148e-14
1.164557 3.083477e-15
1.189873 1.086661e-15
1.21519 3.963141e-16
1.240506 1.21191e-16
1.265823 2.865536e-17
1.291139 4.724849e-18
1.316456 4.627657e-19
1.341772 1.941556e-20
1.367089 1.442407e-22
1.392405 2.197337e-24
1.417722 8.677646e-26
1.443038 1.017707e-27
1.468354 3.533623e-30
1.493671 4.207716e-33
1.518987 2.142357e-36
1.544304 6.240365e-39
1.56962 1.613412e-41
1.594937 9.513847e-43
1.620253 1.161824e-43
1.64557 1.123039e-44
1.670886 7.75808e-46
1.696203 3.907115e-47
1.721519 1.346233e-48
1.746835 2.79576e-50
1.772152 3.54644e-52
1.797468 2.319003e-54
1.822785 8.473989e-57
1.848101 2.099887e-59
1.873418 4.171533e-62
1.898734 7.754637e-65
1.924051 3.426239e-67
1.949367 4.620342e-69
1.974684 4.650334e-71
2 2.091204e-73
