0.3037975 1
0.3291139 1
0.3544304 0.9999992
0.3797468 0.9999228
0.4050633 0.9981225
0.4303797 0.9405812
0.4556962 0.3333365
0.4810127 0.0110828
0.5063291 0.0005162803
0.5316456 2.977281e-05
0.556962 1.044245e-06
0.5822785 3.784378e-08
0.6075949 1.121683e-09
0.6329114 3.375635e-11
0.6582278 2.424268e-12
0.6835443 1.697794e-13
0.7088608 3.757499e-14
0.7341772 1.597146e-12
0.7594937 7.115933e-11
0.7848101 7.042323e-10
0.8101266 2.230308e-09
0.835443 3.186825e-09
0.8607595 3.151966e-09
0.8860759 1.327117e-09
0.9113924 2.794362e-10
0.9367089 8.352585e-11
0.9620253 2.892053e-11
0.9873418 1.455833e-12
1.012658 1.122652e-13
1.037975 1.660734e-14
1.063291 2.452379e-15
1.088608 1.014949e-15
1.113924 3.989483e-16
1.139241 1.368884e-16
1.164557 4.105671e-17
1.189873 1.08531e-17
1.21519 2.541599e-18
1.240506 5.326167e-19
1.265823 1.013665e-19
1.291139 1.776372e-20
1.316456 2.881785e-21
1.341772 4.323157e-22
1.367089 6.057328e-23
1.392405 8.287036e-24
1.417722 1.206913e-24
1.443038 2.073886e-25
1.468354 4.483256e-26
1.493671 1.201465e-26
1.518987 3.71876e-27
1.544304 1.232784e-27
1.56962 4.137704e-28
1.594937 1.356161e-28
1.620253 4.249519e-29
1.64557 1.258121e-29
1.670886 3.495554e-30
1.696203 9.072472e-31
1.721519 2.190603e-31
1.746835 4.897471e-32
1.772152 1.00752e-32
1.797468 1.891195e-33
1.822785 3.201974e-34
1.848101 4.81431e-35
1.873418 6.293974e-36
1.898734 6.94907e-37
1.924051 6.211176e-38
1.949367 4.20501e-39
1.974684 1.912915e-40
2 4.378148e-42
