0.02531646 1
0.05063291 1
0.07594937 0.9999995
0.1012658 0.9999317
0.1265823 0.998428
0.1518987 0.9997123
0.1772152 0.9961038
0.2025316 0.9989431
0.2278481 0.9999218
0.2531646 0.9997521
0.278481 0.9975234
0.3037975 0.9985718
0.3291139 0.998824
0.3544304 0.9991711
0.3797468 0.9986361
0.4050633 0.9966005
0.4303797 0.9972432
0.4556962 0.9869711
0.4810127 0.82246
0.5063291 0.9246354
0.5316456 0.9927881
0.556962 0.9887795
0.5822785 0.8988251
0.6075949 0.3581551
0.6329114 0.0369163
0.6582278 0.001238001
0.6835443 1.941988e-05
0.7088608 1.450598e-07
0.7341772 6.573408e-08
0.7594937 5.710692e-06
0.7848101 2.543586e-05
0.8101266 3.680289e-05
0.835443 4.196387e-05
0.8607595 5.490951e-05
0.8860759 3.994741e-05
0.9113924 5.689331e-06
0.9367089 5.094515e-07
0.9620253 5.994751e-08
0.9873418 1.165233e-07
1.012658 1.343836e-07
1.037975 1.285418e-06
1.063291 5.525737e-06
1.088608 1.530517e-05
1.113924 4.705231e-05
1.139241 5.745205e-05
1.164557 5.745205e-05
1.189873 3.147611e-05
1.21519 9.992171e-06
1.240506 1.222028e-06
1.265823 9.643873e-08
1.291139 1.19721e-07
1.316456 5.034413e-07
1.341772 8.501878e-07
1.367089 2.679054e-06
1.392405 9.962735e-06
1.417722 7.466652e-06
1.443038 3.315984e-06
1.468354 1.339259e-06
1.493671 4.423934e-07
1.518987 7.230961e-08
1.544304 7.671829e-09
1.56962 1.279076e-09
1.594937 7.021655e-10
1.620253 4.695404e-10
1.64557 2.98581e-10
1.670886 1.593938e-10
1.696203 7.037107e-11
1.721519 3.185979e-11
1.746835 1.746517e-11
1.772152 1.008111e-11
1.797468 4.88566e-12
1.822785 1.593376e-12
1.848101 4.372234e-13
1.873418 3.162207e-13
1.898734 3.247977e-13
1.924051 3.656845e-13
1.949367 4.357814e-13
1.974684 4.7139e-13
2 4.468583e-13
