0.02531646 1
0.05063291 1
0.07594937 1
0.1012658 1
0.1265823 1
0.1518987 1
0.1772152 0.9999978
0.2025316 0.9998597
0.2278481 0.9929879
0.2531646 0.9839378
0.278481 0.9920818
0.3037975 0.9106828
0.3291139 0.9065765
0.3544304 0.9274875
0.3797468 0.9145878
0.4050633 0.978875
0.4303797 0.996537
0.4556962 0.9993352
0.4810127 0.9993362
0.5063291 0.9983637
0.5316456 0.9974832
0.556962 0.9974484
0.5822785 0.9643325
0.6075949 0.5873981
0.6329114 0.05260945
0.6582278 0.001423235
0.6835443 8.468211e-06
0.7088608 3.716461e-09
0.7341772 5.066908e-12
0.7594937 1.333993e-10
0.7848101 3.018204e-09
0.8101266 8.476281e-09
0.835443 4.012338e-09
0.8607595 6.457382e-10
0.8860759 2.813392e-10
0.9113924 1.364106e-09
0.9367089 3.584605e-09
0.9620253 3.948353e-09
0.9873418 1.184839e-08
1.012658 2.069926e-08
1.037975 1.853974e-08
1.063291 5.891352e-09
1.088608 1.160754e-09
1.113924 9.691219e-10
1.139241 1.012864e-09
1.164557 6.132791e-10
1.189873 1.683993e-10
1.21519 8.851529e-11
1.240506 8.83898e-11
1.265823 8.787835e-11
1.291139 8.511061e-11
1.316456 7.700143e-11
1.341772 7.275654e-11
1.367089 6.954506e-11
1.392405 6.97745e-11
1.417722 8.031236e-11
1.443038 7.834502e-11
1.468354 6.266684e-11
1.493671 4.362944e-11
1.518987 2.899503e-11
1.544304 1.88986e-11
1.56962 1.117465e-11
1.594937 5.392332e-12
1.620253 2.04339e-12
1.64557 6.020119e-13
1.670886 1.331774e-13
1.696203 2.03402e-14
1.721519 2.756093e-15
1.746835 5.316391e-16
1.772152 1.41681e-16
1.797468 3.449701e-17
1.822785 9.726973e-18
1.848101 5.791254e-18
1.873418 5.209924e-18
1.898734 4.536446e-18
1.924051 4.225026e-18
1.949367 3.880489e-18
1.974684 3.127226e-18
2 2.335966e-18
