0.4810127 1
0.5063291 1
0.5316456 1
0.556962 1
0.5822785 1
0.6075949 1
0.6329114 1
0.6582278 1
0.6835443 1
0.7088608 1
0.7341772 1
0.7594937 1
0.7848101 1
0.8101266 1
0.835443 1
0.8607595 1
0.8860759 1
0.9113924 1
0.9367089 1
0.9620253 1
0.9873418 1
1.012658 1
1.037975 1
1.063291 1
1.088608 1
1.113924 0.9999992
1.139241 0.9997193
1.164557 0.9772622
1.189873 0.663857
1.21519 0.0600265
1.240506 0.00242929
1.265823 2.423577e-05
1.291139 4.644915e-08
1.316456 1.204647e-11
1.341772 3.205512e-16
1.367089 1.292928e-23
1.392405 9.349531e-40
1.417722 1.225669e-41
1.443038 1.564475e-42
1.468354 1.240962e-50
1.493671 4.130495e-50
1.518987 1.080979e-49
1.544304 2.164937e-49
1.56962 3.217456e-49
1.594937 3.431062e-49
1.620253 2.524562e-49
1.64557 1.211023e-49
1.670886 3.461898e-50
1.696203 5.308462e-51
1.721519 4.118674e-52
1.746835 1.684741e-53
1.772152 5.46455e-55
1.797468 2.515792e-56
1.822785 1.287696e-57
1.848101 5.242684e-59
1.873418 1.598282e-60
1.898734 3.711844e-62
1.924051 6.590125e-64
1.949367 9.138104e-66
1.974684 9.901437e-68
2 7.528919e-70
