0.6075949 1
0.6329114 1
0.6582278 1
0.6835443 1
0.7088608 1
0.7341772 0.9999997
0.7594937 0.9997652
0.7848101 0.9788447
0.8101266 0.6859873
0.835443 0.07728705
0.8607595 0.002323688
0.8860759 8.136629e-05
0.9113924 1.635601e-06
0.9367089 2.261419e-08
0.9620253 1.181597e-10
0.9873418 3.490165e-13
1.012658 2.545359e-15
1.037975 2.338962e-16
1.063291 1.808024e-17
1.088608 5.154739e-19
1.113924 2.271918e-21
1.139241 2.087425e-24
1.164557 6.666117e-27
1.189873 2.168432e-28
1.21519 1.462143e-29
1.240506 7.708086e-31
1.265823 4.099907e-32
1.291139 1.507798e-33
1.316456 4.28083e-35
1.341772 6.507776e-37
1.367089 2.142449e-39
1.392405 1.930789e-42
1.417722 8.781276e-44
1.443038 4.550022e-45
1.468354 2.879376e-46
1.493671 1.839779e-47
1.518987 9.634786e-49
1.544304 4.014403e-50
1.56962 1.262352e-51
1.594937 2.826901e-53
1.620253 4.538794e-55
1.64557 4.699404e-57
1.670886 3.232393e-59
1.696203 1.30455e-61
1.721519 3.255458e-64
1.746835 6.528042e-67
1.772152 8.938664e-69
1.797468 3.697091e-70
1.822785 1.397563e-71
1.848101 4.385831e-73
1.873418 1.162923e-74
1.898734 2.778524e-76
1.924051 6.044849e-78
1.949367 1.107257e-79
1.974684 1.495163e-81
2 1.11066e-83
