0.2531646 1
0.278481 1
0.3037975 0.9999962
0.3291139 0.9985146
0.3544304 0.9308101
0.3797468 0.4546811
0.4050633 0.02802818
0.4303797 0.00179531
0.4556962 6.62037e-05
0.4810127 3.044956e-06
0.5063291 3.870547e-07
0.5316456 1.322269e-08
0.556962 4.570991e-10
0.5822785 2.226199e-11
0.6075949 3.763727e-12
0.6329114 3.606653e-12
0.6582278 2.214178e-10
0.6835443 1.560818e-08
0.7088608 2.914089e-07
0.7341772 7.717797e-07
0.7594937 7.396926e-07
0.7848101 9.688706e-08
0.8101266 4.858243e-09
0.835443 4.179269e-09
0.8607595 1.271531e-08
0.8860759 5.621335e-09
0.9113924 1.329456e-10
0.9367089 1.633192e-11
0.9620253 1.083197e-11
0.9873418 4.314595e-12
1.012658 2.479264e-12
1.037975 1.278443e-12
1.063291 3.831049e-13
1.088608 9.688897e-14
1.113924 2.148847e-14
1.139241 4.599921e-15
1.164557 1.532273e-15
1.189873 5.676633e-16
1.21519 1.95118e-16
1.240506 6.510387e-17
1.265823 2.078464e-17
1.291139 6.190437e-18
1.316456 1.709681e-18
1.341772 4.491966e-19
1.367089 1.267375e-19
1.392405 4.952309e-20
1.417722 2.91099e-20
1.443038 2.071653e-20
1.468354 1.522258e-20
1.493671 1.099033e-20
1.518987 7.686276e-21
1.544304 5.170011e-21
1.56962 3.324914e-21
1.594937 2.033249e-21
1.620253 1.175969e-21
1.64557 6.398198e-22
1.670886 3.256447e-22
1.696203 1.541134e-22
1.721519 6.736795e-23
1.746835 2.69958e-23
1.772152 9.829762e-24
1.797468 3.218344e-24
1.822785 9.353823e-25
1.848101 2.374661e-25
1.873418 5.156423e-26
1.898734 9.307682e-27
1.924051 1.340406e-27
1.949367 1.443695e-28
1.974684 1.033764e-29
2 3.683579e-31
