0.4050633 1
0.4303797 1
0.4556962 1
0.4810127 1
0.5063291 1
0.5316456 1
0.556962 1
0.5822785 1
0.6075949 1
0.6329114 1
0.6582278 1
0.6835443 1
0.7088608 1
0.7341772 1
0.7594937 1
0.7848101 1
0.8101266 1
0.835443 1
0.8607595 1
0.8860759 1
0.9113924 1
0.9367089 1
0.9620253 1
0.9873418 1
1.012658 1
1.037975 1
1.063291 1
1.088608 1
1.113924 0.999999
1.139241 0.9998087
1.164557 0.9899344
1.189873 0.8089212
1.21519 0.163704
1.240506 0.00726375
1.265823 9.410006e-05
1.291139 2.648898e-07
1.316456 8.431186e-11
1.341772 1.198567e-15
1.367089 9.643367e-23
1.392405 3.258043e-66
1.417722 5.953796e-66
1.443038 7.555396e-68
1.468354 3.110473e-70
1.493671 1.042684e-69
1.518987 2.519689e-69
1.544304 4.335666e-69
1.56962 5.238236e-69
1.594937 4.386355e-69
1.620253 2.53922e-69
1.64557 9.947048e-70
1.670886 1.385718e-70
1.696203 2.337013e-72
1.721519 7.805572e-75
1.746835 2.092625e-77
1.772152 3.934232e-80
1.797468 7.229681e-83
1.822785 8.843717e-86
1.848101 1.711218e-88
1.873418 2.01242e-91
1.898734 2.018139e-94
1.924051 6.831566e-98
1.949367 4.919778e-102
1.974684 1.897475e-107
2 2.281566e-117
