0.05063291 1
0.07594937 1
0.1012658 1
0.1265823 1
0.1518987 0.9999995
0.1772152 0.9998356
0.2025316 0.9970112
0.2278481 0.993842
0.2531646 0.9820363
0.278481 0.715684
0.3037975 0.08548276
0.3291139 0.7942957
0.3544304 0.9910099
0.3797468 0.9959666
0.4050633 0.9959687
0.4303797 0.9959726
0.4556962 0.9916442
0.4810127 0.8362786
0.5063291 0.2474256
0.5316456 0.01231493
0.556962 0.003458358
0.5822785 0.008853412
0.6075949 0.01672909
0.6329114 0.006233932
0.6582278 0.0004314308
0.6835443 3.731007e-05
0.7088608 1.496983e-05
0.7341772 1.432469e-05
0.7594937 1.405579e-05
0.7848101 1.405481e-05
0.8101266 2.133896e-05
0.835443 0.0001625083
0.8607595 0.0004753879
0.8860759 0.0004757863
0.9113924 0.000352374
0.9367089 7.059749e-05
0.9620253 1.11112e-05
0.9873418 1.907292e-06
1.012658 2.394156e-07
1.037975 1.255217e-08
1.063291 1.131416e-09
1.088608 5.656807e-08
1.113924 1.086618e-06
1.139241 4.382287e-06
1.164557 4.025921e-06
1.189873 5.806273e-07
1.21519 8.20969e-08
1.240506 1.650464e-07
1.265823 3.142176e-07
1.291139 1.623954e-07
1.316456 1.968363e-08
1.341772 1.221698e-09
1.367089 1.495608e-09
1.392405 2.312441e-09
1.417722 8.214887e-10
1.443038 4.042894e-10
1.468354 4.267152e-10
1.493671 7.948792e-10
1.518987 2.933489e-09
1.544304 6.615165e-09
1.56962 7.626213e-09
1.594937 5.472876e-09
1.620253 4.840033e-09
1.64557 2.312728e-08
1.670886 8.172356e-07
1.696203 4.090726e-05
1.721519 0.0002877156
1.746835 0.0003038921
1.772152 0.0001529376
1.797468 2.250555e-05
1.822785 5.073805e-07
1.848101 7.586603e-09
1.873418 1.218488e-08
1.898734 6.79548e-08
1.924051 3.971331e-08
1.949367 5.039384e-09
1.974684 2.942645e-08
2 8.117572e-08
