0.02531646 1
0.05063291 1
0.07594937 1
0.1012658 1
0.1265823 1
0.1518987 1
0.1772152 1
0.2025316 0.9999996
0.2278481 0.999998
0.2531646 0.9999977
0.278481 0.9999996
0.3037975 0.9999995
0.3291139 0.9999997
0.3544304 0.9999999
0.3797468 1
0.4050633 0.9999998
0.4303797 0.9999977
0.4556962 0.9999785
0.4810127 0.9999987
0.5063291 0.9999911
0.5316456 0.9999393
0.556962 0.9996928
0.5822785 0.9851702
0.6075949 0.7276183
0.6329114 0.1310936
0.6582278 0.001407715
0.6835443 2.836443e-06
0.7088608 1.27125e-09
0.7341772 1.258011e-10
0.7594937 8.953229e-10
0.7848101 1.876794e-09
0.8101266 2.145804e-08
0.835443 5.619755e-07
0.8607595 8.227813e-06
0.8860759 2.040425e-05
0.9113924 1.000254e-05
0.9367089 6.198533e-07
0.9620253 1.756952e-08
0.9873418 1.898055e-08
1.012658 1.992302e-08
1.037975 1.886583e-09
1.063291 4.627858e-11
1.088608 3.004377e-16
1.113924 1.418853e-17
1.139241 4.143596e-18
1.164557 3.116029e-19
1.189873 3.8383e-20
1.21519 5.857749e-21
1.240506 7.40195e-22
1.265823 7.85561e-23
1.291139 7.803703e-24
1.316456 8.630012e-25
1.341772 1.16857e-25
1.367089 1.924067e-26
1.392405 3.83093e-27
1.417722 8.670648e-28
1.443038 2.088597e-28
1.468354 5.403983e-29
1.493671 1.549158e-29
1.518987 4.812842e-30
1.544304 1.520156e-30
1.56962 4.612358e-31
1.594937 1.317219e-31
1.620253 3.590956e-32
1.64557 9.44429e-33
1.670886 2.403182e-33
1.696203 5.927772e-34
1.721519 1.419539e-34
1.746835 3.320011e-35
1.772152 7.692109e-36
1.797468 1.782662e-36
1.822785 4.124469e-37
1.848101 9.38885e-38
1.873418 2.068103e-38
1.898734 4.403956e-39
1.924051 8.911351e-40
1.949367 1.662042e-40
1.974684 2.6347e-41
2 2.706415e-42
