0.5822785 1
0.6075949 1
0.6329114 1
0.6582278 1
0.6835443 1
0.7088608 0.9999817
0.7341772 0.99593
0.7594937 0.8743303
0.7848101 0.2868387
0.8101266 0.0109628
0.835443 0.0004044153
0.8607595 1.233217e-05
0.8860759 2.796179e-07
0.9113924 3.148594e-09
0.9367089 1.553481e-11
0.9620253 7.986179e-14
0.9873418 1.10387e-15
1.012658 6.591833e-17
1.037975 1.558625e-18
1.063291 6.899303e-21
1.088608 8.654991e-25
1.113924 1.228263e-29
1.139241 2.895938e-31
1.164557 1.67595e-32
1.189873 1.119272e-33
1.21519 6.543821e-35
1.240506 2.979392e-36
1.265823 1.073347e-37
1.291139 2.677044e-39
1.316456 4.465433e-41
1.341772 3.534473e-43
1.367089 3.904072e-46
1.392405 3.592345e-50
1.417722 6.340384e-52
1.443038 1.482493e-53
1.468354 3.622381e-55
1.493671 9.008415e-57
1.518987 3.216382e-58
1.544304 1.774725e-59
1.56962 1.06843e-60
1.594937 5.833634e-62
1.620253 2.743851e-63
1.64557 1.089902e-64
1.670886 3.625142e-66
1.696203 1.013163e-67
1.721519 2.496161e-69
1.746835 6.322784e-71
1.772152 2.074292e-72
1.797468 8.638389e-74
1.822785 3.685807e-75
1.848101 1.443451e-76
1.873418 5.153457e-78
1.898734 1.699569e-79
1.924051 5.037892e-81
1.949367 1.251224e-82
1.974684 2.288783e-84
2 2.269804e-86
