0.02531646 1
0.05063291 1
0.07594937 1
0.1012658 1
0.1265823 0.9999999
0.1518987 0.9999999
0.1772152 0.9999006
0.2025316 0.9966897
0.2278481 0.9950817
0.2531646 0.9988419
0.278481 0.9779391
0.3037975 0.9681296
0.3291139 0.9159928
0.3544304 0.9065765
0.3797468 0.9685458
0.4050633 0.9989674
0.4303797 0.9993247
0.4556962 0.9973034
0.4810127 0.9993037
0.5063291 0.9858829
0.5316456 0.8463762
0.556962 0.946918
0.5822785 0.9842477
0.6075949 0.7123395
0.6329114 0.07880452
0.6582278 0.001156016
0.6835443 6.601225e-06
0.7088608 2.742624e-09
0.7341772 6.186885e-12
0.7594937 6.129791e-11
0.7848101 4.329407e-10
0.8101266 1.277042e-09
0.835443 2.732229e-09
0.8607595 1.336343e-09
0.8860759 3.375034e-10
0.9113924 4.38106e-10
0.9367089 1.930824e-09
0.9620253 5.805475e-09
0.9873418 1.035421e-08
1.012658 1.182313e-08
1.037975 1.08541e-08
1.063291 5.741866e-09
1.088608 1.571226e-09
1.113924 4.282489e-10
1.139241 2.008481e-10
1.164557 1.355582e-10
1.189873 1.15162e-10
1.21519 1.040949e-10
1.240506 9.676202e-11
1.265823 8.888332e-11
1.291139 7.934651e-11
1.316456 6.70929e-11
1.341772 5.470197e-11
1.367089 4.165452e-11
1.392405 3.021437e-11
1.417722 1.621281e-11
1.443038 7.829346e-12
1.468354 3.336929e-12
1.493671 1.172349e-12
1.518987 3.301988e-13
1.544304 7.641396e-14
1.56962 1.451565e-14
1.594937 1.916559e-15
1.620253 1.759269e-16
1.64557 2.137915e-17
1.670886 6.176319e-18
1.696203 4.315384e-18
1.721519 3.368442e-18
1.746835 2.407245e-18
1.772152 1.822981e-18
1.797468 1.462296e-18
1.822785 1.195114e-18
1.848101 9.641272e-19
1.873418 7.693144e-19
1.898734 6.099864e-19
1.924051 4.912725e-19
1.949367 3.868529e-19
1.974684 2.864759e-19
2 1.985178e-19
