0.02531646 1
0.05063291 1
0.07594937 0.9999074
0.1012658 0.999894
0.1265823 0.9999943
0.1518987 0.9999998
0.1772152 0.9999996
0.2025316 0.9999998
0.2278481 0.9999949
0.2531646 0.9985067
0.278481 0.9900336
0.3037975 0.9991505
0.3291139 0.9975683
0.3544304 0.9968952
0.3797468 0.983942
0.4050633 0.9966224
0.4303797 0.9549737
0.4556962 0.9435467
0.4810127 0.9856755
0.5063291 0.9998805
0.5316456 0.9999767
0.556962 0.9999635
0.5822785 0.9977947
0.6075949 0.906665
0.6329114 0.3265383
0.6582278 0.01303254
0.6835443 2.352388e-05
0.7088608 2.977584e-09
0.7341772 2.44316e-15
0.7594937 2.197703e-15
0.7848101 1.177218e-15
0.8101266 4.670686e-16
0.835443 1.95069e-16
0.8607595 7.578815e-17
0.8860759 2.752036e-17
0.9113924 9.329577e-18
0.9367089 2.957402e-18
0.9620253 8.850537e-19
0.9873418 2.563999e-19
1.012658 7.489637e-20
1.037975 2.277533e-20
1.063291 7.115153e-21
1.088608 2.186802e-21
1.113924 6.671609e-22
1.139241 2.308007e-22
1.164557 1.010244e-22
1.189873 4.950501e-23
1.21519 2.347705e-23
1.240506 1.02433e-23
1.265823 4.02347e-24
1.291139 1.405638e-24
1.316456 4.3214e-25
1.341772 1.156582e-25
1.367089 2.664907e-26
1.392405 5.229608e-27
1.417722 8.672076e-28
1.443038 1.216253e-28
1.468354 1.476839e-29
1.493671 1.671865e-30
1.518987 2.034308e-31
1.544304 2.977463e-32
1.56962 4.965354e-33
1.594937 8.364704e-34
1.620253 1.335269e-34
1.64557 1.983839e-35
1.670886 2.744115e-36
1.696203 3.542059e-37
1.721519 4.209396e-38
1.746835 4.565758e-39
1.772152 4.591009e-40
1.797468 4.517948e-41
1.822785 4.751426e-42
1.848101 5.573871e-43
1.873418 7.106597e-44
1.898734 9.23211e-45
1.924051 1.119636e-45
1.949367 1.155379e-46
1.974684 8.891039e-48
2 3.771915e-49
