0.4050633 1
0.4303797 1
0.4556962 1
0.4810127 1
0.5063291 1
0.5316456 1
0.556962 1
0.5822785 1
0.6075949 1
0.6329114 1
0.6582278 1
0.6835443 1
0.7088608 1
0.7341772 1
0.7594937 1
0.7848101 1
0.8101266 1
0.835443 1
0.8607595 1
0.8860759 1
0.9113924 1
0.9367089 1
0.9620253 1
0.9873418 1
1.012658 1
1.037975 1
1.063291 1
1.088608 1
1.113924 0.9999993
1.139241 0.9998177
1.164557 0.9918716
1.189873 0.8303433
1.21519 0.1882251
1.240506 0.006946063
1.265823 8.612574e-05
1.291139 1.206639e-07
1.316456 1.388602e-11
1.341772 8.563801e-17
1.367089 3.718301e-38
1.392405 2.127042e-72
1.417722 1.525298e-77
1.443038 3.141467e-77
1.468354 4.894772e-77
1.493671 5.746649e-77
1.518987 4.574199e-77
1.544304 2.139757e-77
1.56962 5.764163e-78
1.594937 8.376432e-79
1.620253 6.575657e-80
1.64557 2.167135e-81
1.670886 1.100458e-83
1.696203 5.866418e-87
1.721519 2.50383e-90
1.746835 6.601463e-94
1.772152 1.502529e-97
1.797468 2.064308e-101
1.822785 3.013428e-105
1.848101 5.229589e-109
1.873418 3.929402e-113
1.898734 1.128967e-117
1.924051 3.585589e-123
1.949367 5.346976e-130
1.974684 9.86865e-140
2 1.145265e-158
