0.4050633 1
0.4303797 1
0.4556962 1
0.4810127 1
0.5063291 1
0.5316456 1
0.556962 1
0.5822785 1
0.6075949 1
0.6329114 1
0.6582278 1
0.6835443 1
0.7088608 1
0.7341772 1
0.7594937 1
0.7848101 1
0.8101266 1
0.835443 1
0.8607595 1
0.8860759 1
0.9113924 1
0.9367089 1
0.9620253 1
0.9873418 1
1.012658 1
1.037975 1
1.063291 1
1.088608 1
1.113924 1
1.139241 1
1.164557 0.9999948
1.189873 0.9960766
1.21519 0.7950546
1.240506 0.01112073
1.265823 1.235518e-42
1.291139 1.031663e-42
1.316456 1.508408e-42
1.341772 4.167068e-43
1.367089 3.324165e-44
1.392405 3.821537e-78
1.417722 2.87038e-84
1.443038 3.10785e-85
1.468354 4.366651e-86
1.493671 4.194548e-87
1.518987 2.675322e-88
1.544304 1.128468e-89
1.56962 3.129461e-91
1.594937 5.182513e-93
1.620253 3.922603e-95
1.64557 6.074793e-98
1.670886 8.834989e-102
1.696203 2.166236e-106
1.721519 2.934111e-111
1.746835 2.048033e-116
1.772152 5.376965e-122
1.797468 2.986678e-128
1.822785 5.407385e-155
1.848101 8.650018e-163
1.873418 1.725152e-171
1.898734 5.062815e-185
1.924051 6.859758e-206
1.949367 8.471295e-229
1.974684 2.082754e-260
2 3.240516e-312
