0.02531646 1
0.05063291 0.9999989
0.07594937 0.9991123
0.1012658 0.9999568
0.1265823 0.9995844
0.1518987 0.9860586
0.1772152 0.9946301
0.2025316 0.9993567
0.2278481 0.9892989
0.2531646 0.8706539
0.278481 0.8845449
0.3037975 0.9867678
0.3291139 0.9992755
0.3544304 0.9747829
0.3797468 0.9973975
0.4050633 0.9937648
0.4303797 0.6737131
0.4556962 0.9320185
0.4810127 0.9087126
0.5063291 0.7208272
0.5316456 0.7701428
0.556962 0.9777751
0.5822785 0.7356826
0.6075949 0.1151722
0.6329114 0.002558764
0.6582278 0.0001971609
0.6835443 0.0001525847
0.7088608 0.0001274684
0.7341772 2.439845e-05
0.7594937 6.860795e-06
0.7848101 6.143366e-05
0.8101266 0.0002015416
0.835443 0.0003819919
0.8607595 0.0004267134
0.8860759 0.0004021896
0.9113924 0.0002215631
0.9367089 4.14578e-05
0.9620253 5.484115e-06
0.9873418 1.649689e-06
1.012658 1.11956e-05
1.037975 5.760987e-05
1.063291 5.760987e-05
1.088608 5.439393e-05
1.113924 8.710188e-06
1.139241 1.732679e-06
1.164557 9.810192e-07
1.189873 1.526688e-06
1.21519 1.628776e-06
1.240506 1.470244e-06
1.265823 4.057722e-07
1.291139 4.458877e-08
1.316456 3.295425e-07
1.341772 4.585482e-06
1.367089 1.486716e-05
1.392405 4.548545e-05
1.417722 0.00013759
1.443038 0.0002006284
1.468354 0.0001340907
1.493671 3.666213e-05
1.518987 5.716454e-06
1.544304 1.090448e-06
1.56962 2.062732e-07
1.594937 1.735413e-08
1.620253 2.150077e-11
1.64557 1.288302e-11
1.670886 1.022942e-11
1.696203 5.531126e-12
1.721519 5.17939e-12
1.746835 5.869449e-12
1.772152 6.497098e-12
1.797468 6.920018e-12
1.822785 6.543246e-12
1.848101 5.64341e-12
1.873418 4.486966e-12
1.898734 3.187359e-12
1.924051 1.874712e-12
1.949367 8.435183e-13
1.974684 2.761261e-13
2 1.660798e-13
