0.5316456 1
0.556962 1
0.5822785 1
0.6075949 1
0.6329114 1
0.6582278 1
0.6835443 1
0.7088608 1
0.7341772 1
0.7594937 1
0.7848101 1
0.8101266 1
0.835443 1
0.8607595 1
0.8860759 1
0.9113924 1
0.9367089 1
0.9620253 1
0.9873418 1
1.012658 1
1.037975 1
1.063291 1
1.088608 1
1.113924 0.999999
1.139241 0.9992954
1.164557 0.9441901
1.189873 0.4858195
1.21519 0.02074057
1.240506 0.0005952088
1.265823 4.713323e-06
1.291139 6.723624e-09
1.316456 8.605299e-13
1.341772 3.154265e-17
1.367089 8.125124e-24
1.392405 5.514116e-34
1.417722 1.030524e-36
1.443038 8.652849e-38
1.468354 1.426421e-45
1.493671 2.492941e-45
1.518987 3.699268e-45
1.544304 4.481709e-45
1.56962 4.194373e-45
1.594937 2.846534e-45
1.620253 1.290969e-45
1.64557 3.487037e-46
1.670886 4.866209e-47
1.696203 3.068354e-48
1.721519 8.96198e-50
1.746835 2.367841e-51
1.772152 1.259931e-52
1.797468 6.073505e-54
1.822785 1.579153e-55
1.848101 2.055205e-57
1.873418 1.358195e-59
1.898734 4.636952e-62
1.924051 9.296261e-65
1.949367 1.151331e-67
1.974684 9.491959e-71
2 5.875076e-74
