0.6075949 1
0.6329114 1
0.6582278 1
0.6835443 1
0.7088608 1
0.7341772 1
0.7594937 1
0.7848101 1
0.8101266 1
0.835443 1
0.8607595 1
0.8860759 1
0.9113924 1
0.9367089 1
0.9620253 1
0.9873418 1
1.012658 1
1.037975 1
1.063291 1
1.088608 0.9999992
1.113924 0.9993084
1.139241 0.9484428
1.164557 0.4875815
1.189873 0.01133641
1.21519 0.003183117
1.240506 0.0003149486
1.265823 1.141328e-05
1.291139 1.047207e-08
1.316456 5.381981e-15
1.341772 2.685099e-18
1.367089 1.554775e-23
1.392405 1.385447e-25
1.417722 8.732681e-27
1.443038 2.046946e-28
1.468354 2.265987e-28
1.493671 2.053965e-28
1.518987 1.456524e-28
1.544304 7.948927e-29
1.56962 3.295934e-29
1.594937 1.039034e-29
1.620253 2.5567e-30
1.64557 5.079572e-31
1.670886 8.030328e-32
1.696203 9.440979e-33
1.721519 7.790008e-34
1.746835 4.891031e-35
1.772152 3.820551e-36
1.797468 5.187323e-37
1.822785 8.120937e-38
1.848101 1.210199e-38
1.873418 1.615718e-39
1.898734 1.864084e-40
1.924051 1.879254e-41
1.949367 1.658571e-42
1.974684 1.2849e-43
2 7.544282e-45
