0.02531646 1
0.05063291 1
0.07594937 1
0.1012658 1
0.1265823 0.9999999
0.1518987 0.9999431
0.1772152 0.9945693
0.2025316 0.998308
0.2278481 0.9999558
0.2531646 0.9999764
0.278481 0.9983618
0.3037975 0.9995796
0.3291139 0.9995796
0.3544304 0.9990364
0.3797468 0.9972538
0.4050633 0.7805049
0.4303797 0.9576242
0.4556962 0.9886372
0.4810127 0.7897437
0.5063291 0.9545836
0.5316456 0.9980702
0.556962 0.9900265
0.5822785 0.8523072
0.6075949 0.3021903
0.6329114 0.02763847
0.6582278 0.0006868578
0.6835443 3.789079e-06
0.7088608 2.159322e-08
0.7341772 3.955797e-09
0.7594937 2.208503e-07
0.7848101 3.689451e-06
0.8101266 1.645073e-05
0.835443 2.183315e-05
0.8607595 2.183315e-05
0.8860759 4.313173e-06
0.9113924 1.229573e-07
0.9367089 4.275354e-08
0.9620253 4.275441e-08
0.9873418 1.142705e-07
1.012658 8.388781e-07
1.037975 7.456914e-07
1.063291 1.769546e-07
1.088608 1.750099e-07
1.113924 9.627314e-07
1.139241 2.802078e-06
1.164557 3.63162e-06
1.189873 4.050206e-06
1.21519 6.61744e-06
1.240506 1.498588e-05
1.265823 1.896278e-05
1.291139 2.261025e-05
1.316456 2.37721e-05
1.341772 2.004597e-05
1.367089 6.766061e-06
1.392405 7.147306e-07
1.417722 4.284672e-08
1.443038 1.403766e-08
1.468354 1.894352e-08
1.493671 8.987174e-08
1.518987 3.800118e-07
1.544304 7.750842e-07
1.56962 9.154886e-07
1.594937 9.154886e-07
1.620253 6.618291e-07
1.64557 1.768574e-07
1.670886 1.816377e-08
1.696203 2.040915e-09
1.721519 9.25368e-10
1.746835 7.88467e-10
1.772152 7.554093e-10
1.797468 6.174097e-10
1.822785 4.030462e-10
1.848101 2.995683e-10
1.873418 2.857665e-10
1.898734 2.805693e-10
1.924051 2.664738e-10
1.949367 2.306421e-10
1.974684 1.745105e-10
2 8.399405e-11
