0.4556962 1
0.4810127 1
0.5063291 1
0.5316456 1
0.556962 1
0.5822785 1
0.6075949 1
0.6329114 1
0.6582278 1
0.6835443 1
0.7088608 1
0.7341772 1
0.7594937 1
0.7848101 1
0.8101266 1
0.835443 1
0.8607595 1
0.8860759 1
0.9113924 1
0.9367089 1
0.9620253 1
0.9873418 1
1.012658 1
1.037975 1
1.063291 1
1.088608 1
1.113924 0.9999991
1.139241 0.9997516
1.164557 0.9812189
1.189873 0.7115699
1.21519 0.07241882
1.240506 0.003074542
1.265823 3.17059e-05
1.291139 5.85454e-08
1.316456 1.461028e-11
1.341772 3.994727e-16
1.367089 2.005008e-23
1.392405 1.373361e-41
1.417722 4.411757e-43
1.443038 6.895013e-44
1.468354 6.526459e-52
1.493671 2.578912e-51
1.518987 7.894305e-51
1.544304 1.818243e-50
1.56962 3.059479e-50
1.594937 3.647721e-50
1.620253 2.977716e-50
1.64557 1.587246e-50
1.670886 5.114601e-51
1.696203 8.983598e-52
1.721519 8.167425e-53
1.746835 3.842045e-54
1.772152 1.228139e-55
1.797468 4.656859e-57
1.822785 2.228321e-58
1.848101 9.687813e-60
1.873418 3.458011e-61
1.898734 9.988521e-63
1.924051 2.304616e-64
1.949367 4.264559e-66
1.974684 6.358628e-68
2 6.621549e-70
