0.4050633 1
0.4303797 1
0.4556962 1
0.4810127 0.9999985
0.5063291 0.9994034
0.5316456 0.9697467
0.556962 0.7014577
0.5822785 0.09681046
0.6075949 0.001250657
0.6329114 4.037922e-05
0.6582278 4.977391e-06
0.6835443 3.708806e-07
0.7088608 9.801414e-09
0.7341772 1.742353e-10
0.7594937 4.043656e-12
0.7848101 1.397335e-13
0.8101266 3.825066e-15
0.835443 4.696511e-16
0.8607595 5.427646e-17
0.8860759 3.597523e-18
0.9113924 4.33851e-19
0.9367089 9.413355e-19
0.9620253 2.252266e-18
0.9873418 4.334164e-18
1.012658 6.529419e-18
1.037975 7.536071e-18
1.063291 6.619755e-18
1.088608 4.558571e-18
1.113924 2.687389e-18
1.139241 1.44476e-18
1.164557 7.24634e-19
1.189873 3.386537e-19
1.21519 1.470743e-19
1.240506 5.906193e-20
1.265823 2.180427e-20
1.291139 7.344263e-21
1.316456 2.237002e-21
1.341772 6.095999e-22
1.367089 1.468034e-22
1.392405 3.080057e-23
1.417722 5.531359e-24
1.443038 8.30955e-25
1.468354 1.01133e-25
1.493671 9.504472e-27
1.518987 6.402402e-28
1.544304 2.771273e-29
1.56962 7.85769e-31
1.594937 4.312032e-32
1.620253 4.10502e-33
1.64557 3.521843e-34
1.670886 2.833518e-35
1.696203 2.231285e-36
1.721519 1.769704e-37
1.746835 1.416217e-38
1.772152 1.118613e-39
1.797468 8.456337e-41
1.822785 5.94173e-42
1.848101 3.784729e-43
1.873418 2.133568e-44
1.898734 1.034173e-45
1.924051 4.141098e-47
1.949367 1.288435e-48
1.974684 2.772689e-50
2 3.066418e-52
