0.02531646 1
0.05063291 0.9999998
0.07594937 0.9999626
0.1012658 0.9968731
0.1265823 0.9919761
0.1518987 0.9996886
0.1772152 0.9999066
0.2025316 0.9974912
0.2278481 0.9996929
0.2531646 0.9995133
0.278481 0.9986537
0.3037975 0.9987621
0.3291139 0.961673
0.3544304 0.6121248
0.3797468 0.8098354
0.4050633 0.9724027
0.4303797 0.9896623
0.4556962 0.9900357
0.4810127 0.9839365
0.5063291 0.9795786
0.5316456 0.9806347
0.556962 0.9640386
0.5822785 0.7203952
0.6075949 0.1729857
0.6329114 0.01135938
0.6582278 0.0001931451
0.6835443 3.728799e-05
0.7088608 3.729445e-05
0.7341772 5.752644e-05
0.7594937 0.0006331719
0.7848101 0.0007307838
0.8101266 0.0002746024
0.835443 8.83814e-05
0.8607595 0.0005397789
0.8860759 0.001044013
0.9113924 0.0006998966
0.9367089 0.0001959231
0.9620253 1.180562e-05
0.9873418 8.70462e-07
1.012658 3.333467e-07
1.037975 1.120207e-07
1.063291 9.372761e-08
1.088608 9.368645e-08
1.113924 1.049433e-07
1.139241 1.300296e-07
1.164557 1.541749e-07
1.189873 2.658006e-07
1.21519 9.441901e-07
1.240506 3.091735e-06
1.265823 3.47446e-06
1.291139 1.741286e-06
1.316456 2.209301e-07
1.341772 3.889016e-08
1.367089 3.889144e-08
1.392405 3.889273e-08
1.417722 3.889387e-08
1.443038 3.889502e-08
1.468354 3.889599e-08
1.493671 3.889697e-08
1.518987 9.229365e-08
1.544304 1.491622e-07
1.56962 3.392969e-08
1.594937 1.632585e-08
1.620253 1.632589e-08
1.64557 1.632594e-08
1.670886 1.632599e-08
1.696203 1.632604e-08
1.721519 7.989159e-08
1.746835 2.576454e-07
1.772152 7.653051e-07
1.797468 4.072515e-07
1.822785 1.943701e-07
1.848101 3.680854e-08
1.873418 1.529019e-07
1.898734 3.338408e-06
1.924051 9.198414e-06
1.949367 5.444527e-06
1.974684 1.03351e-06
2 2.16905e-08
