0.4050633 1
0.4303797 1
0.4556962 1
0.4810127 1
0.5063291 1
0.5316456 1
0.556962 1
0.5822785 1
0.6075949 1
0.6329114 1
0.6582278 1
0.6835443 1
0.7088608 1
0.7341772 1
0.7594937 1
0.7848101 1
0.8101266 1
0.835443 1
0.8607595 1
0.8860759 1
0.9113924 1
0.9367089 1
0.9620253 1
0.9873418 1
1.012658 1
1.037975 1
1.063291 1
1.088608 1
1.113924 0.9999989
1.139241 0.9998031
1.164557 0.9897052
1.189873 0.8064979
1.21519 0.1640435
1.240506 0.00770715
1.265823 0.000101788
1.291139 2.907834e-07
1.316456 8.932566e-11
1.341772 1.020969e-15
1.367089 7.307097e-23
1.392405 1.274034e-62
1.417722 2.958183e-62
1.443038 2.460111e-63
1.468354 8.785899e-68
1.493671 3.751736e-67
1.518987 1.141654e-66
1.544304 2.458012e-66
1.56962 3.707095e-66
1.594937 3.853451e-66
1.620253 2.68498e-66
1.64557 1.192581e-66
1.670886 3.117099e-67
1.696203 2.422745e-68
1.721519 3.754109e-70
1.746835 1.592823e-72
1.772152 7.898739e-75
1.797468 2.45543e-77
1.822785 8.533564e-80
1.848101 2.659932e-82
1.873418 9.106506e-85
1.898734 2.252585e-87
1.924051 2.971443e-90
1.949367 1.57951e-93
1.974684 8.378029e-98
2 1.039359e-104
