0.02531646 1
0.05063291 1
0.07594937 0.9999948
0.1012658 0.9999999
0.1265823 1
0.1518987 0.9999074
0.1772152 0.99836
0.2025316 0.9842618
0.2278481 0.9922235
0.2531646 0.9995423
0.278481 0.998481
0.3037975 0.9965985
0.3291139 0.99806
0.3544304 0.9674263
0.3797468 0.9900047
0.4050633 0.9922476
0.4303797 0.7453888
0.4556962 0.9579496
0.4810127 0.9840813
0.5063291 0.686965
0.5316456 0.8650013
0.556962 0.9883508
0.5822785 0.929456
0.6075949 0.4002071
0.6329114 0.03111448
0.6582278 0.0005571774
0.6835443 2.358974e-06
0.7088608 5.170323e-09
0.7341772 3.107605e-09
0.7594937 2.886436e-07
0.7848101 4.313088e-06
0.8101266 1.267817e-05
0.835443 1.016003e-05
0.8607595 1.247209e-06
0.8860759 1.388377e-07
0.9113924 4.278662e-08
0.9367089 1.18187e-07
0.9620253 1.835677e-06
0.9873418 4.735866e-06
1.012658 3.389716e-06
1.037975 4.542802e-07
1.063291 5.714934e-08
1.088608 2.90678e-08
1.113924 2.979211e-08
1.139241 5.466833e-08
1.164557 5.847734e-08
1.189873 6.872153e-08
1.21519 9.230311e-08
1.240506 8.568633e-08
1.265823 1.188981e-07
1.291139 3.163592e-07
1.316456 7.254002e-07
1.341772 7.075835e-07
1.367089 1.149632e-06
1.392405 2.406171e-06
1.417722 6.64966e-07
1.443038 5.148882e-08
1.468354 1.676521e-08
1.493671 6.257789e-08
1.518987 3.201513e-07
1.544304 7.057525e-07
1.56962 5.278663e-07
1.594937 1.438984e-07
1.620253 3.048093e-08
1.64557 5.168199e-09
1.670886 1.102347e-09
1.696203 1.268151e-09
1.721519 1.772027e-09
1.746835 1.783432e-09
1.772152 1.367923e-09
1.797468 6.850391e-10
1.822785 1.923838e-10
1.848101 7.905595e-11
1.873418 7.342646e-11
1.898734 7.292166e-11
1.924051 7.0605e-11
1.949367 6.300101e-11
1.974684 5.014228e-11
2 2.617643e-11
