0.2531646 1
0.278481 1
0.3037975 0.9999999
0.3291139 0.999996
0.3544304 0.9999462
0.3797468 0.9997061
0.4050633 0.9780404
0.4303797 0.4733158
0.4556962 0.04638648
0.4810127 0.001418736
0.5063291 2.062942e-05
0.5316456 1.53515e-07
0.556962 3.800157e-09
0.5822785 7.448095e-10
0.6075949 1.259344e-10
0.6329114 8.429881e-12
0.6582278 1.297944e-11
0.6835443 7.684579e-09
0.7088608 5.210787e-07
0.7341772 2.575401e-06
0.7594937 3.249828e-06
0.7848101 2.993971e-06
0.8101266 6.94444e-07
0.835443 6.867997e-07
0.8607595 6.547062e-07
0.8860759 3.676834e-07
0.9113924 3.55217e-08
0.9367089 3.955161e-09
0.9620253 3.955161e-09
0.9873418 1.918196e-08
1.012658 1.115231e-07
1.037975 3.135199e-07
1.063291 2.628767e-07
1.088608 8.139305e-09
1.113924 2.350144e-10
1.139241 2.317214e-10
1.164557 1.482178e-10
1.189873 7.327654e-11
1.21519 3.25812e-11
1.240506 9.729138e-12
1.265823 9.723029e-13
1.291139 1.25221e-13
1.316456 1.66444e-14
1.341772 3.933353e-15
1.367089 2.321847e-15
1.392405 1.70324e-15
1.417722 1.336492e-15
1.443038 1.072515e-15
1.468354 8.651674e-16
1.493671 6.838247e-16
1.518987 5.176937e-16
1.544304 3.702949e-16
1.56962 2.485178e-16
1.594937 1.557781e-16
1.620253 9.077972e-17
1.64557 4.898038e-17
1.670886 2.442989e-17
1.696203 1.130476e-17
1.721519 4.911633e-18
1.746835 2.047318e-18
1.772152 8.393795e-19
1.797468 3.422841e-19
1.822785 1.363994e-19
1.848101 5.094851e-20
1.873418 1.698271e-20
1.898734 4.815243e-21
1.924051 1.103746e-21
1.949367 1.910658e-22
1.974684 2.21942e-23
2 1.297851e-24
