0.6075949 1
0.6329114 1
0.6582278 1
0.6835443 1
0.7088608 1
0.7341772 1
0.7594937 1
0.7848101 1
0.8101266 1
0.835443 1
0.8607595 1
0.8860759 1
0.9113924 1
0.9367089 1
0.9620253 1
0.9873418 1
1.012658 1
1.037975 1
1.063291 1
1.088608 0.9999992
1.113924 0.9991051
1.139241 0.9344158
1.164557 0.439447
1.189873 0.01645587
1.21519 0.0001433067
1.240506 0.0001248534
1.265823 5.91646e-06
1.291139 9.478671e-10
1.316456 6.776792e-16
1.341772 2.144179e-18
1.367089 1.371155e-23
1.392405 1.35401e-25
1.417722 7.775007e-27
1.443038 3.871704e-28
1.468354 4.054971e-28
1.493671 3.440468e-28
1.518987 2.297292e-28
1.544304 1.18755e-28
1.56962 4.703147e-29
1.594937 1.435061e-29
1.620253 3.461581e-30
1.64557 6.722112e-31
1.670886 1.011944e-31
1.696203 1.081679e-32
1.721519 7.694762e-34
1.746835 4.160721e-35
1.772152 3.319785e-36
1.797468 4.519005e-37
1.822785 6.784732e-38
1.848101 1.000039e-38
1.873418 1.314464e-39
1.898734 1.49211e-40
1.924051 1.486118e-41
1.949367 1.298835e-42
1.974684 1.007906e-43
2 6.013375e-45
