0.02531646 1
0.05063291 1
0.07594937 1
0.1012658 1
0.1265823 1
0.1518987 1
0.1772152 1
0.2025316 1
0.2278481 1
0.2531646 0.9999999
0.278481 0.9999973
0.3037975 0.9999929
0.3291139 0.9999841
0.3544304 0.9999768
0.3797468 0.9999712
0.4050633 0.9999477
0.4303797 0.9999608
0.4556962 0.9999984
0.4810127 0.9999984
0.5063291 0.9999948
0.5316456 0.9999659
0.556962 0.9997049
0.5822785 0.9867907
0.6075949 0.7478368
0.6329114 0.1147219
0.6582278 0.00174623
0.6835443 3.078681e-06
0.7088608 1.360013e-09
0.7341772 1.272321e-10
0.7594937 1.716066e-09
0.7848101 5.372769e-09
0.8101266 2.572743e-09
0.835443 6.248556e-09
0.8607595 4.294874e-08
0.8860759 2.957898e-07
0.9113924 1.120184e-06
0.9367089 2.418688e-06
0.9620253 1.131197e-07
0.9873418 8.109837e-09
1.012658 6.272744e-09
1.037975 3.000678e-09
1.063291 8.586521e-11
1.088608 8.676445e-14
1.113924 2.899579e-17
1.139241 9.500068e-18
1.164557 4.497443e-19
1.189873 4.566185e-20
1.21519 7.174618e-21
1.240506 9.414771e-22
1.265823 1.014015e-22
1.291139 9.614815e-24
1.316456 9.400196e-25
1.341772 1.131512e-25
1.367089 1.782399e-26
1.392405 3.558115e-27
1.417722 8.165396e-28
1.443038 1.976827e-28
1.468354 5.032875e-29
1.493671 1.39501e-29
1.518987 4.190059e-30
1.544304 1.291195e-30
1.56962 3.848249e-31
1.594937 1.081017e-31
1.620253 2.896313e-32
1.64557 7.487072e-33
1.670886 1.875426e-33
1.696203 4.56356e-34
1.721519 1.080719e-34
1.746835 2.505718e-35
1.772152 5.766986e-36
1.797468 1.323953e-36
1.822785 3.025495e-37
1.848101 6.79442e-38
1.873418 1.480524e-38
1.898734 3.125457e-39
1.924051 6.279865e-40
1.949367 1.162031e-40
1.974684 1.81755e-41
2 1.824802e-42
