0.4050633 1
0.4303797 1
0.4556962 1
0.4810127 1
0.5063291 1
0.5316456 1
0.556962 1
0.5822785 1
0.6075949 1
0.6329114 1
0.6582278 1
0.6835443 1
0.7088608 1
0.7341772 1
0.7594937 1
0.7848101 1
0.8101266 1
0.835443 1
0.8607595 1
0.8860759 1
0.9113924 1
0.9367089 1
0.9620253 1
0.9873418 1
1.012658 1
1.037975 1
1.063291 1
1.088608 1
1.113924 0.9999989
1.139241 0.9993097
1.164557 0.9549588
1.189873 0.5053202
1.21519 0.04284559
1.240506 0.000481882
1.265823 6.254929e-07
1.291139 7.571052e-11
1.316456 1.007315e-15
1.341772 5.610147e-37
1.367089 3.833831e-41
1.392405 3.409963e-75
1.417722 7.59322e-81
1.443038 4.704071e-81
1.468354 2.485378e-81
1.493671 8.096403e-82
1.518987 1.484715e-82
1.544304 1.671278e-83
1.56962 1.262382e-84
1.594937 5.7817e-86
1.620253 1.400691e-87
1.64557 1.035407e-89
1.670886 9.022934e-93
1.696203 1.105953e-96
1.721519 1.104621e-100
1.746835 6.657824e-105
1.772152 2.922006e-109
1.797468 7.939224e-114
1.822785 2.291608e-118
1.848101 6.83988e-123
1.873418 7.057654e-128
1.898734 1.433938e-133
1.924051 2.076765e-140
1.949367 4.094577e-149
1.974684 1.210205e-161
2 2.230095e-186
