0.7341772 1
0.7594937 1
0.7848101 1
0.8101266 1
0.835443 1
0.8607595 1
0.8860759 1
0.9113924 1
0.9367089 1
0.9620253 1
0.9873418 0.9999988
1.012658 0.999487
1.037975 0.9665807
1.063291 0.5955682
1.088608 0.02939667
1.113924 0.0005187157
1.139241 1.106307e-05
1.164557 1.375251e-07
1.189873 8.267041e-09
1.21519 3.297241e-10
1.240506 7.305618e-13
1.265823 3.259683e-15
1.291139 1.203686e-16
1.316456 1.693405e-18
1.341772 4.666781e-20
1.367089 1.699617e-22
1.392405 1.479149e-25
1.417722 1.129381e-25
1.443038 7.994608e-26
1.468354 4.993986e-26
1.493671 2.705796e-26
1.518987 1.242944e-26
1.544304 4.615603e-27
1.56962 1.244976e-27
1.594937 1.925347e-28
1.620253 9.77614e-30
1.64557 5.605273e-32
1.670886 2.73478e-33
1.696203 3.180023e-34
1.721519 2.434279e-35
1.746835 1.347451e-36
1.772152 5.301741e-38
1.797468 1.612884e-39
1.822785 3.965422e-41
1.848101 8.156245e-43
1.873418 1.340193e-44
1.898734 1.933989e-46
1.924051 2.60347e-48
1.949367 3.406364e-50
1.974684 5.132732e-52
2 8.895159e-54
