0.02531646 1
0.05063291 0.9999993
0.07594937 0.9999993
0.1012658 0.9999757
0.1265823 0.999711
0.1518987 0.9999351
0.1772152 0.9999946
0.2025316 0.9999994
0.2278481 0.9999996
0.2531646 0.9999981
0.278481 0.9999077
0.3037975 0.9949772
0.3291139 0.9846936
0.3544304 0.925981
0.3797468 0.9907399
0.4050633 0.9955674
0.4303797 0.9847638
0.4556962 0.948855
0.4810127 0.9727805
0.5063291 0.9980057
0.5316456 0.9986726
0.556962 0.9981656
0.5822785 0.9886718
0.6075949 0.8454172
0.6329114 0.2615125
0.6582278 0.0225295
0.6835443 0.0004888257
0.7088608 2.635764e-06
0.7341772 7.432251e-07
0.7594937 1.736223e-06
0.7848101 9.713851e-05
0.8101266 0.0003832761
0.835443 0.00038207
0.8607595 6.397304e-05
0.8860759 2.33815e-06
0.9113924 5.048032e-08
0.9367089 3.440641e-09
0.9620253 4.344011e-09
0.9873418 4.424196e-08
1.012658 1.191156e-07
1.037975 5.095448e-08
1.063291 7.710567e-09
1.088608 3.096679e-09
1.113924 3.54697e-09
1.139241 9.711417e-09
1.164557 2.214934e-07
1.189873 3.183187e-06
1.21519 2.439443e-05
1.240506 8.754065e-05
1.265823 0.0002160848
1.291139 0.0002124126
1.316456 0.0001075908
1.341772 3.599055e-05
1.367089 7.831138e-06
1.392405 8.859319e-07
1.417722 1.794198e-07
1.443038 1.083363e-07
1.468354 5.718553e-08
1.493671 2.061054e-08
1.518987 3.613413e-09
1.544304 2.028941e-09
1.56962 7.741313e-09
1.594937 4.840867e-08
1.620253 2.081096e-07
1.64557 6.470141e-07
1.670886 6.874888e-07
1.696203 6.874888e-07
1.721519 3.39123e-07
1.746835 3.969436e-08
1.772152 1.499227e-09
1.797468 4.970722e-10
1.822785 4.955715e-10
1.848101 4.426528e-10
1.873418 3.471334e-10
1.898734 2.320906e-10
1.924051 1.10776e-10
1.949367 2.82303e-11
1.974684 3.428468e-12
2 1.422643e-12
