0.4556962 1
0.4810127 1
0.5063291 1
0.5316456 1
0.556962 1
0.5822785 1
0.6075949 1
0.6329114 1
0.6582278 1
0.6835443 1
0.7088608 1
0.7341772 1
0.7594937 1
0.7848101 1
0.8101266 1
0.835443 1
0.8607595 1
0.8860759 1
0.9113924 1
0.9367089 1
0.9620253 1
0.9873418 1
1.012658 1
1.037975 1
1.063291 1
1.088608 1
1.113924 0.9999991
1.139241 0.999776
1.164557 0.9842442
1.189873 0.7005899
1.21519 0.09452057
1.240506 0.003078131
1.265823 3.304582e-05
1.291139 6.528921e-08
1.316456 1.622956e-11
1.341772 4.246191e-16
1.367089 2.311725e-23
1.392405 1.394216e-42
1.417722 7.434465e-44
1.443038 1.286763e-44
1.468354 1.474586e-52
1.493671 6.281271e-52
1.518987 2.057412e-51
1.544304 5.03295e-51
1.56962 8.935462e-51
1.594937 1.118042e-50
1.620253 9.542286e-51
1.64557 5.315815e-51
1.670886 1.799732e-51
1.696203 3.342851e-52
1.721519 3.236281e-53
1.746835 1.629961e-54
1.772152 5.292941e-56
1.797468 1.845458e-57
1.822785 8.277747e-59
1.848101 3.623398e-60
1.873418 1.358797e-61
1.898734 4.256927e-63
1.924051 1.094654e-64
1.949367 2.285671e-66
1.974684 3.804444e-68
2 4.352247e-70
