0.4050633 1
0.4303797 1
0.4556962 1
0.4810127 1
0.5063291 1
0.5316456 1
0.556962 1
0.5822785 1
0.6075949 1
0.6329114 1
0.6582278 1
0.6835443 1
0.7088608 1
0.7341772 1
0.7594937 1
0.7848101 1
0.8101266 1
0.835443 1
0.8607595 1
0.8860759 1
0.9113924 1
0.9367089 1
0.9620253 1
0.9873418 1
1.012658 1
1.037975 1
1.063291 1
1.088608 1
1.113924 0.999999
1.139241 0.999786
1.164557 0.9888355
1.189873 0.7926766
1.21519 0.160827
1.240506 0.007378012
1.265823 9.911984e-05
1.291139 2.615344e-07
1.316456 6.128546e-11
1.341772 6.844103e-16
1.367089 3.501537e-23
1.392405 2.036852e-71
1.417722 3.529215e-75
1.443038 1.114331e-74
1.468354 2.859516e-74
1.493671 5.200833e-74
1.518987 6.869422e-74
1.544304 6.775119e-74
1.56962 4.82109e-74
1.594937 1.890205e-74
1.620253 3.68714e-75
1.64557 2.80084e-76
1.670886 4.660771e-78
1.696203 7.485416e-81
1.721519 6.516923e-84
1.746835 4.441648e-87
1.772152 2.462748e-90
1.797468 8.33752e-94
1.822785 3.412836e-97
1.848101 1.306221e-100
1.873418 3.629855e-104
1.898734 4.313026e-108
1.924051 8.611253e-113
1.949367 2.138868e-118
1.974684 1.348513e-126
2 1.969236e-141
