0.07594937 1
0.1012658 1
0.1265823 1
0.1518987 1
0.1772152 0.9999998
0.2025316 0.9998664
0.2278481 0.9883366
0.2531646 0.7944355
0.278481 0.1665465
0.3037975 0.1658112
0.3291139 0.9602878
0.3544304 0.9214819
0.3797468 0.5890217
0.4050633 0.476775
0.4303797 0.3719091
0.4556962 0.08164539
0.4810127 0.22822
0.5063291 0.2587252
0.5316456 0.2152424
0.556962 0.05248932
0.5822785 0.006512568
0.6075949 0.003262153
0.6329114 0.003262198
0.6582278 0.02751035
0.6835443 0.02721437
0.7088608 0.007471709
0.7341772 0.001218359
0.7594937 0.0006605209
0.7848101 0.002756773
0.8101266 0.004651603
0.835443 0.003147662
0.8607595 0.000259379
0.8860759 5.310689e-05
0.9113924 4.144672e-05
0.9367089 4.144672e-05
0.9620253 0.0001296324
0.9873418 0.0007489701
1.012658 0.000877032
1.037975 0.0004874248
1.063291 6.174072e-05
1.088608 2.665692e-06
1.113924 4.717788e-08
1.139241 6.02405e-09
1.164557 5.098259e-08
1.189873 1.050796e-07
1.21519 6.781978e-08
1.240506 1.895036e-08
1.265823 4.662214e-08
1.291139 1.640575e-06
1.316456 2.684243e-05
1.341772 5.548434e-05
1.367089 5.446529e-05
1.392405 1.599888e-05
1.417722 9.889882e-07
1.443038 4.065712e-08
1.468354 8.973628e-08
1.493671 3.243898e-07
1.518987 3.685494e-07
1.544304 4.418431e-07
1.56962 2.870133e-06
1.594937 6.422325e-05
1.620253 3.708889e-05
1.64557 6.369857e-06
1.670886 1.621061e-07
1.696203 1.471183e-09
1.721519 1.185365e-09
1.746835 1.146836e-09
1.772152 7.722332e-10
1.797468 3.600221e-10
1.822785 8.475489e-11
1.848101 5.660211e-12
1.873418 5.275642e-14
1.898734 3.623002e-16
1.924051 5.425306e-16
1.949367 1.372865e-15
1.974684 2.460271e-15
2 2.59531e-15
