0.556962 1
0.5822785 1
0.6075949 1
0.6329114 1
0.6582278 1
0.6835443 1
0.7088608 1
0.7341772 1
0.7594937 1
0.7848101 1
0.8101266 1
0.835443 1
0.8607595 1
0.8860759 1
0.9113924 1
0.9367089 1
0.9620253 1
0.9873418 1
1.012658 1
1.037975 1
1.063291 1
1.088608 1
1.113924 0.9999975
1.139241 0.9982531
1.164557 0.9159472
1.189873 0.3044998
1.21519 0.01255886
1.240506 0.0002511983
1.265823 1.796331e-06
1.291139 1.491073e-09
1.316456 5.149794e-14
1.341772 2.304974e-17
1.367089 6.245633e-23
1.392405 5.324475e-31
1.417722 3.430711e-33
1.443038 2.607971e-34
1.468354 4.805774e-42
1.493671 5.8825e-42
1.518987 6.471077e-42
1.544304 5.923237e-42
1.56962 4.083788e-42
1.594937 1.910055e-42
1.620253 5.334961e-43
1.64557 8.109866e-44
1.670886 1.261935e-44
1.696203 7.319587e-45
1.721519 4.845868e-45
1.746835 2.380857e-45
1.772152 7.744244e-46
1.797468 1.315705e-46
1.822785 9.167195e-48
1.848101 2.908724e-49
1.873418 4.64507e-51
1.898734 4.089985e-53
1.924051 2.520841e-55
1.949367 1.164177e-57
1.974684 4.09412e-60
2 1.204601e-62
