0.5822785 1
0.6075949 1
0.6329114 1
0.6582278 1
0.6835443 1
0.7088608 1
0.7341772 1
0.7594937 1
0.7848101 1
0.8101266 1
0.835443 1
0.8607595 1
0.8860759 1
0.9113924 1
0.9367089 1
0.9620253 1
0.9873418 1
1.012658 1
1.037975 1
1.063291 1
1.088608 0.9999999
1.113924 0.9999135
1.139241 0.9903767
1.164557 0.7797018
1.189873 0.03900409
1.21519 0.0374623
1.240506 9.195536e-05
1.265823 2.826961e-06
1.291139 1.13209e-08
1.316456 8.297417e-14
1.341772 1.064299e-17
1.367089 1.87072e-23
1.392405 6.649067e-26
1.417722 7.937618e-27
1.443038 1.516356e-29
1.468354 4.690251e-30
1.493671 6.091046e-30
1.518987 6.079992e-30
1.544304 4.622326e-30
1.56962 2.637068e-30
1.594937 1.10141e-30
1.620253 3.317387e-31
1.64557 7.445082e-32
1.670886 1.32985e-32
1.696203 1.980501e-33
1.721519 2.438697e-34
1.746835 2.507465e-35
1.772152 2.265451e-36
1.797468 2.095062e-37
1.822785 2.307846e-38
1.848101 2.946202e-39
1.873418 3.508815e-40
1.898734 3.381477e-41
1.924051 2.629224e-42
1.949367 1.675357e-43
1.974684 9.058149e-45
2 3.668489e-46
