0.02531646 1
0.05063291 0.9999999
0.07594937 1
0.1012658 1
0.1265823 0.9999957
0.1518987 0.9997533
0.1772152 0.949599
0.2025316 0.9940975
0.2278481 0.9917425
0.2531646 0.8124591
0.278481 0.98126
0.3037975 0.9949187
0.3291139 0.9661294
0.3544304 0.9393899
0.3797468 0.7712225
0.4050633 0.1373861
0.4303797 0.04646934
0.4556962 0.04646777
0.4810127 0.3269184
0.5063291 0.8843665
0.5316456 0.9913172
0.556962 0.991623
0.5822785 0.9786045
0.6075949 0.643284
0.6329114 0.1023013
0.6582278 0.002748221
0.6835443 4.839054e-05
0.7088608 3.751111e-05
0.7341772 3.902547e-05
0.7594937 9.608063e-05
0.7848101 0.0001788117
0.8101266 6.729755e-05
0.835443 5.37443e-06
0.8607595 4.521978e-06
0.8860759 4.521927e-06
0.9113924 4.521892e-06
0.9367089 8.906814e-06
0.9620253 7.454147e-05
0.9873418 0.0002821603
1.012658 0.0001163075
1.037975 2.689098e-05
1.063291 2.715134e-06
1.088608 1.466518e-07
1.113924 5.30796e-08
1.139241 5.306004e-08
1.164557 5.304242e-08
1.189873 5.302463e-08
1.21519 5.300888e-08
1.240506 5.369152e-08
1.265823 5.380037e-08
1.291139 1.843466e-07
1.316456 7.510999e-07
1.341772 5.330966e-06
1.367089 2.826462e-05
1.392405 3.50031e-05
1.417722 2.157326e-05
1.443038 4.953493e-06
1.468354 1.670304e-05
1.493671 0.0001147023
1.518987 0.0001167571
1.544304 1.347558e-05
1.56962 8.595541e-06
1.594937 9.977828e-06
1.620253 4.476824e-05
1.64557 5.36156e-05
1.670886 4.088937e-05
1.696203 2.775993e-05
1.721519 1.849229e-05
1.746835 9.70966e-06
1.772152 2.541781e-06
1.797468 4.604105e-07
1.822785 3.141589e-08
1.848101 2.099527e-09
1.873418 1.228761e-09
1.898734 1.228761e-09
1.924051 1.228761e-09
1.949367 1.228761e-09
1.974684 1.228761e-09
2 2.113404e-09
