0.02531646 1
0.05063291 0.9999601
0.07594937 0.9999984
0.1012658 1
0.1265823 0.9999999
0.1518987 0.9999774
0.1772152 0.9999124
0.2025316 0.9999898
0.2278481 0.9999997
0.2531646 1
0.278481 0.9999978
0.3037975 0.9999889
0.3291139 0.9999952
0.3544304 0.9999913
0.3797468 0.9997981
0.4050633 0.9996633
0.4303797 0.9996705
0.4556962 0.9993355
0.4810127 0.995393
0.5063291 0.996162
0.5316456 0.9994226
0.556962 0.9999615
0.5822785 0.9961426
0.6075949 0.8479331
0.6329114 0.1820983
0.6582278 0.001287837
0.6835443 1.980652e-07
0.7088608 1.145897e-11
0.7341772 1.484754e-14
0.7594937 1.435629e-14
0.7848101 6.709517e-15
0.8101266 1.017692e-14
0.835443 2.80421e-14
0.8607595 6.497679e-14
0.8860759 1.146424e-13
0.9113924 1.513062e-13
0.9367089 1.601359e-13
0.9620253 9.824229e-14
0.9873418 4.852867e-14
1.012658 2.40472e-14
1.037975 1.104589e-14
1.063291 5.124766e-15
1.088608 2.303223e-15
1.113924 7.876675e-16
1.139241 1.355134e-16
1.164557 1.529377e-18
1.189873 3.186172e-20
1.21519 6.801412e-21
1.240506 1.924101e-21
1.265823 4.610502e-22
1.291139 9.213409e-23
1.316456 1.534727e-23
1.341772 2.134887e-24
1.367089 2.476108e-25
1.392405 2.363783e-26
1.417722 1.837939e-27
1.443038 1.274272e-28
1.468354 1.100427e-29
1.493671 1.653548e-30
1.518987 3.633044e-31
1.544304 8.528137e-32
1.56962 1.896861e-32
1.594937 3.899462e-33
1.620253 7.49334e-34
1.64557 1.365633e-34
1.670886 2.389744e-35
1.696203 4.043109e-36
1.721519 6.71677e-37
1.746835 1.124622e-37
1.772152 1.95623e-38
1.797468 3.608664e-39
1.822785 6.998693e-40
1.848101 1.377417e-40
1.873418 2.650101e-41
1.898734 4.841314e-42
1.924051 8.11741e-43
1.949367 1.177963e-43
1.974684 1.31592e-44
2 8.429244e-46
