0.07594937 1
0.1012658 1
0.1265823 1
0.1518987 1
0.1772152 1
0.2025316 0.9999789
0.2278481 0.9967
0.2531646 0.8987523
0.278481 0.3284061
0.3037975 0.02806361
0.3291139 0.8076051
0.3544304 0.9893123
0.3797468 0.8671524
0.4050633 0.3150569
0.4303797 0.0406579
0.4556962 0.01773775
0.4810127 0.02638393
0.5063291 0.3878762
0.5316456 0.09704428
0.556962 0.009894697
0.5822785 0.005790673
0.6075949 0.0102138
0.6329114 0.004227627
0.6582278 0.00429365
0.6835443 0.01759885
0.7088608 0.02006756
0.7341772 0.003193045
0.7594937 0.0007262533
0.7848101 6.147184e-05
0.8101266 4.15326e-05
0.835443 4.150579e-05
0.8607595 4.148535e-05
0.8860759 4.515517e-05
0.9113924 0.0002298031
0.9367089 0.000890085
0.9620253 0.001021874
0.9873418 0.0002488014
1.012658 2.214296e-05
1.037975 7.139591e-07
1.063291 1.250004e-08
1.088608 6.829869e-10
1.113924 4.762202e-10
1.139241 6.337065e-10
1.164557 7.669032e-10
1.189873 9.520657e-10
1.21519 1.26781e-09
1.240506 1.357155e-09
1.265823 9.568097e-10
1.291139 1.409743e-09
1.316456 2.315263e-08
1.341772 1.756892e-07
1.367089 4.547726e-07
1.392405 9.207921e-07
1.417722 7.483124e-07
1.443038 1.488659e-07
1.468354 2.318335e-08
1.493671 1.226272e-08
1.518987 1.226272e-08
1.544304 6.735632e-08
1.56962 1.199815e-06
1.594937 1.732511e-05
1.620253 6.422325e-05
1.64557 3.572189e-05
1.670886 3.22724e-06
1.696203 2.484007e-08
1.721519 1.581461e-09
1.746835 1.020572e-09
1.772152 2.903987e-10
1.797468 3.892519e-11
1.822785 1.832898e-12
1.848101 1.586569e-14
1.873418 1.40077e-16
1.898734 8.72233e-17
1.924051 1.553502e-16
1.949367 2.460986e-16
1.974684 2.92801e-16
2 1.965214e-16
