0.556962 1
0.5822785 1
0.6075949 1
0.6329114 1
0.6582278 1
0.6835443 1
0.7088608 1
0.7341772 1
0.7594937 1
0.7848101 1
0.8101266 1
0.835443 1
0.8607595 1
0.8860759 1
0.9113924 1
0.9367089 1
0.9620253 1
0.9873418 1
1.012658 1
1.037975 1
1.063291 1
1.088608 1
1.113924 0.9999968
1.139241 0.9978118
1.164557 0.9107289
1.189873 0.2624179
1.21519 0.01027623
1.240506 0.0002001422
1.265823 1.291408e-06
1.291139 8.508084e-10
1.316456 3.430217e-14
1.341772 4.002383e-17
1.367089 8.342668e-23
1.392405 5.272385e-30
1.417722 9.296423e-32
1.443038 5.30617e-33
1.468354 9.717927e-41
1.493671 1.007705e-40
1.518987 9.689907e-41
1.544304 7.958446e-41
1.56962 5.43995e-41
1.594937 3.665643e-41
1.620253 3.312468e-41
1.64557 3.508476e-41
1.670886 3.216825e-41
1.696203 2.216728e-41
1.721519 1.057775e-41
1.746835 3.339796e-42
1.772152 6.542124e-43
1.797468 6.874861e-44
1.822785 3.557495e-45
1.848101 1.042885e-46
1.873418 2.011357e-48
1.898734 2.731976e-50
1.924051 2.779783e-52
1.949367 2.302957e-54
1.974684 1.621338e-56
2 1.007702e-58
