0.02531646 1
0.05063291 1
0.07594937 1
0.1012658 1
0.1265823 0.9999968
0.1518987 0.9995836
0.1772152 0.9928956
0.2025316 0.9902871
0.2278481 0.997727
0.2531646 0.969887
0.278481 0.9445189
0.3037975 0.9572999
0.3291139 0.99168
0.3544304 0.9968528
0.3797468 0.9412644
0.4050633 0.8703186
0.4303797 0.9458075
0.4556962 0.9773022
0.4810127 0.9583467
0.5063291 0.9296464
0.5316456 0.8835924
0.556962 0.9621739
0.5822785 0.9647989
0.6075949 0.7062943
0.6329114 0.1290173
0.6582278 0.003728822
0.6835443 1.658312e-05
0.7088608 1.043834e-07
0.7341772 8.786663e-08
0.7594937 2.014377e-07
0.7848101 1.460159e-06
0.8101266 1.36672e-06
0.835443 2.655552e-07
0.8607595 3.604078e-07
0.8860759 1.409773e-05
0.9113924 6.33902e-05
0.9367089 7.798872e-05
0.9620253 7.798872e-05
0.9873418 2.924513e-05
1.012658 4.823294e-06
1.037975 9.438717e-07
1.063291 6.492147e-06
1.088608 2.35802e-05
1.113924 2.875403e-05
1.139241 1.886093e-05
1.164557 7.426278e-06
1.189873 1.308221e-06
1.21519 6.685539e-08
1.240506 9.126964e-09
1.265823 1.013025e-08
1.291139 3.479466e-08
1.316456 3.735761e-08
1.341772 2.984966e-07
1.367089 1.358261e-06
1.392405 5.559584e-07
1.417722 4.959835e-08
1.443038 4.723016e-09
1.468354 8.797641e-09
1.493671 3.569381e-08
1.518987 7.147574e-08
1.544304 7.964204e-08
1.56962 5.760143e-08
1.594937 1.44439e-08
1.620253 5.254075e-08
1.64557 7.991791e-07
1.670886 7.072483e-06
1.696203 9.139817e-06
1.721519 9.139817e-06
1.746835 6.941268e-06
1.772152 2.053137e-06
1.797468 1.975487e-07
1.822785 3.942835e-09
1.848101 1.059889e-11
1.873418 1.691711e-13
1.898734 1.840831e-13
1.924051 2.468232e-13
1.949367 3.888526e-13
1.974684 5.443279e-13
2 7.56305e-13
