0.6835443 1
0.7088608 1
0.7341772 1
0.7594937 1
0.7848101 1
0.8101266 1
0.835443 1
0.8607595 1
0.8860759 0.9999756
0.9113924 0.9954948
0.9367089 0.8675054
0.9620253 0.2464126
0.9873418 0.004545985
1.012658 0.0001110826
1.037975 1.68638e-06
1.063291 1.639083e-08
1.088608 4.595185e-11
1.113924 4.96226e-13
1.139241 1.943932e-13
1.164557 5.470193e-14
1.189873 5.857319e-15
1.21519 1.180887e-15
1.240506 3.610108e-16
1.265823 1.277761e-16
1.291139 3.48006e-17
1.316456 5.917805e-18
1.341772 4.136586e-19
1.367089 4.422185e-21
1.392405 3.409271e-23
1.417722 1.898846e-23
1.443038 7.545524e-24
1.468354 1.612509e-24
1.493671 9.877594e-26
1.518987 5.816597e-28
1.544304 1.241558e-31
1.56962 1.749264e-34
1.594937 4.064213e-37
1.620253 8.956567e-40
1.64557 4.17485e-42
1.670886 1.69503e-43
1.696203 1.77737e-44
1.721519 1.43788e-45
1.746835 8.171281e-47
1.772152 3.157498e-48
1.797468 7.140178e-50
1.822785 8.745025e-52
1.848101 5.761532e-54
1.873418 2.10294e-56
1.898734 6.698502e-59
1.924051 1.760118e-61
1.949367 4.000663e-64
1.974684 7.529626e-67
2 2.57919e-69
