0.07594937 1
0.1012658 1
0.1265823 1
0.1518987 1
0.1772152 0.9999999
0.2025316 0.9999356
0.2278481 0.9923482
0.2531646 0.8362525
0.278481 0.2475728
0.3037975 0.02806361
0.3291139 0.9524307
0.3544304 0.9725839
0.3797468 0.8553964
0.4050633 0.3102295
0.4303797 0.02628153
0.4556962 0.02046569
0.4810127 0.1261491
0.5063291 0.412865
0.5316456 0.0800457
0.556962 0.004451557
0.5822785 0.003262114
0.6075949 0.003262153
0.6329114 0.003262198
0.6582278 0.007279873
0.6835443 0.02788516
0.7088608 0.0189881
0.7341772 0.002301645
0.7594937 0.001142588
0.7848101 0.0004564689
0.8101266 0.0001662999
0.835443 5.222455e-05
0.8607595 4.146511e-05
0.8860759 4.145589e-05
0.9113924 4.644209e-05
0.9367089 0.0004105451
0.9620253 0.001029114
0.9873418 0.0008415672
1.012658 0.0001472277
1.037975 1.011075e-05
1.063291 2.945902e-07
1.088608 5.377838e-09
1.113924 4.563207e-10
1.139241 7.980766e-10
1.164557 2.96039e-09
1.189873 1.459352e-08
1.21519 1.406934e-08
1.240506 5.218361e-09
1.265823 3.886334e-09
1.291139 1.425883e-08
1.316456 2.109864e-07
1.341772 3.533873e-06
1.367089 5.977667e-06
1.392405 6.627845e-06
1.417722 2.014924e-06
1.443038 7.054058e-08
1.468354 1.255855e-08
1.493671 1.228017e-08
1.518987 1.381308e-08
1.544304 7.598706e-08
1.56962 1.078272e-06
1.594937 1.887948e-05
1.620253 6.422325e-05
1.64557 2.267508e-05
1.670886 1.547091e-06
1.696203 1.215883e-08
1.721519 1.515375e-09
1.746835 1.162529e-09
1.772152 4.758413e-10
1.797468 1.017257e-10
1.822785 8.363791e-12
1.848101 1.306256e-13
1.873418 7.585771e-16
1.898734 1.191745e-16
1.924051 2.489089e-16
1.949367 4.652317e-16
1.974684 6.403343e-16
2 4.873664e-16
