0.4050633 1
0.4303797 1
0.4556962 1
0.4810127 1
0.5063291 1
0.5316456 1
0.556962 1
0.5822785 1
0.6075949 1
0.6329114 1
0.6582278 1
0.6835443 1
0.7088608 1
0.7341772 1
0.7594937 1
0.7848101 1
0.8101266 1
0.835443 1
0.8607595 1
0.8860759 1
0.9113924 1
0.9367089 1
0.9620253 1
0.9873418 1
1.012658 1
1.037975 1
1.063291 1
1.088608 1
1.113924 0.9999989
1.139241 0.9997924
1.164557 0.9884386
1.189873 0.785548
1.21519 0.1313354
1.240506 0.005597164
1.265823 6.496585e-05
1.291139 1.339884e-07
1.316456 2.367788e-11
1.341772 2.984507e-16
1.367089 1.652391e-23
1.392405 2.746526e-49
1.417722 3.962509e-49
1.443038 1.108041e-49
1.468354 1.539405e-56
1.493671 8.347883e-56
1.518987 3.318505e-55
1.544304 9.507818e-55
1.56962 1.926065e-54
1.594937 2.693572e-54
1.620253 2.521883e-54
1.64557 1.519785e-54
1.670886 5.603772e-55
1.696203 1.184291e-55
1.721519 1.396001e-56
1.746835 8.797997e-58
1.772152 3.343831e-59
1.797468 9.692275e-61
1.822785 2.71119e-62
1.848101 8.482855e-64
1.873418 2.972421e-65
1.898734 1.037749e-66
1.924051 3.357031e-68
1.949367 9.503008e-70
1.974684 2.18917e-71
2 3.208999e-73
