0.02531646 1
0.05063291 1
0.07594937 0.9999999
0.1012658 0.9999999
0.1265823 0.9999968
0.1518987 0.9999634
0.1772152 0.9998516
0.2025316 0.9998745
0.2278481 0.9998489
0.2531646 0.9999827
0.278481 0.9999993
0.3037975 0.9999908
0.3291139 0.9999932
0.3544304 0.9993263
0.3797468 0.9863419
0.4050633 0.9935783
0.4303797 0.9996388
0.4556962 0.9999524
0.4810127 0.9998776
0.5063291 0.9908479
0.5316456 0.9574477
0.556962 0.9945433
0.5822785 0.9970739
0.6075949 0.9205638
0.6329114 0.3003897
0.6582278 0.004528096
0.6835443 3.316937e-06
0.7088608 4.798622e-10
0.7341772 2.46786e-15
0.7594937 2.361898e-15
0.7848101 1.040515e-15
0.8101266 3.91143e-16
0.835443 1.546795e-16
0.8607595 5.643178e-17
0.8860759 1.9337e-17
0.9113924 6.433399e-18
0.9367089 2.239555e-18
0.9620253 8.963807e-19
0.9873418 4.179493e-19
1.012658 2.056745e-19
1.037975 9.543932e-20
1.063291 3.877623e-20
1.088608 1.323617e-20
1.113924 3.783356e-21
1.139241 9.898369e-22
1.164557 2.983747e-22
1.189873 1.177994e-22
1.21519 5.168544e-23
1.240506 2.122188e-23
1.265823 7.747278e-24
1.291139 2.479186e-24
1.316456 6.874619e-25
1.341772 1.632903e-25
1.367089 3.285038e-26
1.392405 5.5418e-27
1.417722 7.799109e-28
1.443038 9.223488e-29
1.468354 9.519033e-30
1.493671 9.497885e-31
1.518987 1.074396e-31
1.544304 1.461695e-32
1.56962 2.168196e-33
1.594937 3.199721e-34
1.620253 4.57565e-35
1.64557 6.317462e-36
1.670886 8.37049e-37
1.696203 1.042503e-37
1.721519 1.175451e-38
1.746835 1.175231e-39
1.772152 1.067921e-40
1.797468 9.8748e-42
1.822785 1.115659e-42
1.848101 1.574422e-43
1.873418 2.373346e-44
1.898734 3.387842e-45
1.924051 4.27759e-46
1.949367 4.430269e-47
1.974684 3.320928e-48
2 1.340082e-49
