0.02531646 0.9999995
0.05063291 0.9998769
0.07594937 0.9999953
0.1012658 1
0.1265823 1
0.1518987 1
0.1772152 1
0.2025316 1
0.2278481 1
0.2531646 1
0.278481 1
0.3037975 1
0.3291139 1
0.3544304 1
0.3797468 1
0.4050633 1
0.4303797 0.9999997
0.4556962 0.9999998
0.4810127 0.9999999
0.5063291 1
0.5316456 1
0.556962 0.9999988
0.5822785 0.9962407
0.6075949 0.8187372
0.6329114 0.154874
0.6582278 0.00105668
0.6835443 1.498231e-07
0.7088608 1.20537e-11
0.7341772 1.70192e-13
0.7594937 1.207164e-12
0.7848101 1.337444e-11
0.8101266 1.558384e-10
0.835443 7.5739e-10
0.8607595 1.66607e-09
0.8860759 1.819316e-09
0.9113924 1.635466e-09
0.9367089 1.760092e-09
0.9620253 2.063505e-09
0.9873418 1.676195e-09
1.012658 7.007443e-10
1.037975 2.635295e-10
1.063291 4.329462e-11
1.088608 9.359223e-13
1.113924 2.829185e-15
1.139241 2.243376e-16
1.164557 8.268404e-18
1.189873 1.220839e-19
1.21519 2.139752e-20
1.240506 4.411238e-21
1.265823 7.622716e-22
1.291139 1.085031e-22
1.316456 1.258532e-23
1.341772 1.177857e-24
1.367089 8.862655e-26
1.392405 5.792144e-27
1.417722 5.033261e-28
1.443038 8.859473e-29
1.468354 2.171914e-29
1.493671 5.480582e-30
1.518987 1.330521e-30
1.544304 3.124919e-31
1.56962 7.222288e-32
1.594937 1.642621e-32
1.620253 3.617671e-33
1.64557 7.647044e-34
1.670886 1.564785e-34
1.696203 3.162263e-35
1.721519 6.44874e-36
1.746835 1.333654e-36
1.772152 2.801249e-37
1.797468 5.950633e-38
1.822785 1.262953e-38
1.848101 2.632286e-39
1.873418 5.304844e-40
1.898734 1.024967e-40
1.924051 1.861277e-41
1.949367 3.035465e-42
1.974684 3.983292e-43
2 3.140495e-44
