0.02531646 1
0.05063291 0.9999996
0.07594937 0.9999217
0.1012658 0.999984
0.1265823 0.9999972
0.1518987 0.9999819
0.1772152 0.9988516
0.2025316 0.9994751
0.2278481 0.9999809
0.2531646 0.9999991
0.278481 0.9999918
0.3037975 0.9997524
0.3291139 0.9939677
0.3544304 0.9232523
0.3797468 0.9341666
0.4050633 0.8186262
0.4303797 0.873844
0.4556962 0.9850947
0.4810127 0.9952168
0.5063291 0.9256803
0.5316456 0.6021704
0.556962 0.5985983
0.5822785 0.7856185
0.6075949 0.9420978
0.6329114 0.5818336
0.6582278 0.04899292
0.6835443 0.0001829874
0.7088608 3.487693e-06
0.7341772 4.336675e-05
0.7594937 0.0001657681
0.7848101 1.880476e-05
0.8101266 1.095901e-06
0.835443 4.686624e-08
0.8607595 2.922339e-08
0.8860759 6.609051e-07
0.9113924 9.996071e-06
0.9367089 1.075237e-05
0.9620253 2.662796e-06
0.9873418 1.735934e-07
1.012658 4.934719e-09
1.037975 2.044641e-08
1.063291 5.756985e-07
1.088608 4.234678e-06
1.113924 1.55362e-05
1.139241 7.836537e-05
1.164557 9.491399e-05
1.189873 3.849403e-05
1.21519 6.206206e-06
1.240506 7.365088e-07
1.265823 3.430082e-07
1.291139 2.425332e-07
1.316456 1.102452e-07
1.341772 5.280607e-08
1.367089 3.351365e-08
1.392405 3.124664e-08
1.417722 1.004879e-07
1.443038 1.83147e-07
1.468354 1.057329e-07
1.493671 2.299759e-08
1.518987 2.111945e-09
1.544304 1.2645e-10
1.56962 1.067895e-10
1.594937 1.107681e-10
1.620253 1.310917e-10
1.64557 1.861545e-10
1.670886 3.183068e-10
1.696203 6.690822e-10
1.721519 1.274035e-09
1.746835 1.838792e-09
1.772152 1.679177e-09
1.797468 1.205911e-09
1.822785 9.15506e-10
1.848101 8.298629e-10
1.873418 7.412001e-10
1.898734 5.59566e-10
1.924051 2.989339e-10
1.949367 8.800385e-11
1.974684 1.025807e-11
2 1.361822e-12
