0.02531646 1
0.05063291 0.9999993
0.07594937 0.9999999
0.1012658 1
0.1265823 0.9999984
0.1518987 0.9998599
0.1772152 0.9728268
0.2025316 0.9953769
0.2278481 0.9971829
0.2531646 0.7421076
0.278481 0.9003443
0.3037975 0.9973017
0.3291139 0.8535387
0.3544304 0.9128866
0.3797468 0.9049206
0.4050633 0.2156412
0.4303797 0.2065311
0.4556962 0.3948666
0.4810127 0.7544575
0.5063291 0.9245344
0.5316456 0.9833553
0.556962 0.991623
0.5822785 0.9769188
0.6075949 0.6389635
0.6329114 0.101405
0.6582278 0.002745444
0.6835443 5.62953e-05
0.7088608 5.233499e-05
0.7341772 0.0003073155
0.7594937 0.0005672962
0.7848101 0.0003134058
0.8101266 6.628078e-05
0.835443 2.957971e-05
0.8607595 7.679741e-06
0.8860759 4.521878e-06
0.9113924 4.521847e-06
0.9367089 4.521803e-06
0.9620253 1.017847e-05
0.9873418 1.884556e-05
1.012658 9.476481e-06
1.037975 2.852395e-06
1.063291 4.807857e-07
1.088608 5.837997e-08
1.113924 6.164766e-08
1.139241 5.342781e-08
1.164557 5.306004e-08
1.189873 5.304242e-08
1.21519 1.811607e-07
1.240506 1.661721e-06
1.265823 1.655155e-06
1.291139 6.423996e-06
1.316456 1.251043e-05
1.341772 3.060527e-05
1.367089 4.049914e-05
1.392405 2.132319e-05
1.417722 8.384769e-06
1.443038 4.089298e-05
1.468354 0.0002132141
1.493671 0.0006066551
1.518987 0.0005676306
1.544304 0.000152644
1.56962 8.361553e-05
1.594937 7.30063e-05
1.620253 0.0001328181
1.64557 0.000132894
1.670886 5.946282e-05
1.696203 3.659299e-05
1.721519 1.661854e-05
1.746835 4.015364e-06
1.772152 7.433818e-07
1.797468 9.162911e-08
1.822785 6.414191e-09
1.848101 1.26928e-09
1.873418 1.228761e-09
1.898734 1.228761e-09
1.924051 1.228761e-09
1.949367 1.228761e-09
1.974684 1.624014e-09
2 2.202764e-09
