0.02531646 1.000001
0.05063291 1
0.07594937 1
0.1012658 0.9999998
0.1265823 0.9999913
0.1518987 0.9999941
0.1772152 0.9999996
0.2025316 0.9999994
0.2278481 0.9933758
0.2531646 0.9932623
0.278481 0.9968529
0.3037975 0.9995401
0.3291139 0.9998774
0.3544304 0.9998662
0.3797468 0.9914862
0.4050633 0.9887928
0.4303797 0.9994697
0.4556962 0.9998465
0.4810127 0.9992403
0.5063291 0.9787166
0.5316456 0.9698454
0.556962 0.9964946
0.5822785 0.9988699
0.6075949 0.9078506
0.6329114 0.2598049
0.6582278 0.00246563
0.6835443 1.887482e-06
0.7088608 1.809879e-10
0.7341772 3.513882e-15
0.7594937 3.016737e-15
0.7848101 9.665706e-16
0.8101266 3.165885e-16
0.835443 1.255289e-16
0.8607595 5.678026e-17
0.8860759 3.446828e-17
0.9113924 2.645793e-17
0.9367089 2.152651e-17
0.9620253 1.666088e-17
0.9873418 1.174752e-17
1.012658 7.410601e-18
1.037975 4.135777e-18
1.063291 2.016739e-18
1.088608 8.39568e-19
1.113924 2.837227e-19
1.139241 7.013107e-20
1.164557 1.028989e-20
1.189873 7.197812e-22
1.21519 2.330107e-22
1.240506 8.52749e-23
1.265823 2.735873e-23
1.291139 7.534184e-24
1.316456 1.760097e-24
1.341772 3.451835e-25
1.367089 5.636178e-26
1.392405 7.61562e-27
1.417722 8.492459e-28
1.443038 7.916136e-29
1.468354 6.562475e-30
1.493671 5.62556e-31
1.518987 5.885391e-32
1.544304 7.640535e-33
1.56962 1.156271e-33
1.594937 1.945524e-34
1.620253 3.432884e-35
1.64557 6.008951e-36
1.670886 1.013731e-36
1.696203 1.640526e-37
1.721519 2.569782e-38
1.746835 3.896302e-39
1.772152 5.598578e-40
1.797468 7.362891e-41
1.822785 8.830612e-42
1.848101 1.047079e-42
1.873418 1.371193e-43
1.898734 1.891775e-44
1.924051 2.413209e-45
1.949367 2.538843e-46
1.974684 1.917327e-47
2 7.692138e-49
