0.4556962 1
0.4810127 1
0.5063291 1
0.5316456 1
0.556962 0.9999883
0.5822785 0.9973124
0.6075949 0.9157094
0.6329114 0.4321819
0.6582278 0.01982767
0.6835443 0.0002560536
0.7088608 1.346123e-05
0.7341772 1.973255e-06
0.7594937 6.200045e-08
0.7848101 9.426795e-10
0.8101266 9.421159e-12
0.835443 1.926473e-13
0.8607595 4.299566e-15
0.8860759 4.408683e-16
0.9113924 3.585708e-17
0.9367089 1.412629e-18
0.9620253 2.066208e-20
0.9873418 7.246197e-23
1.012658 2.750423e-26
1.037975 4.191833e-31
1.063291 1.617516e-35
1.088608 5.262545e-39
1.113924 7.079365e-42
1.139241 1.659991e-44
1.164557 1.039663e-46
1.189873 3.553642e-48
1.21519 1.576844e-49
1.240506 6.410049e-51
1.265823 2.540198e-52
1.291139 1.544924e-53
1.316456 3.263518e-54
1.341772 1.306377e-54
1.367089 5.48823e-55
1.392405 2.190091e-55
1.417722 8.204586e-56
1.443038 2.856824e-56
1.468354 9.166768e-57
1.493671 2.693525e-57
1.518987 7.207471e-58
1.544304 1.740721e-58
1.56962 3.752377e-59
1.594937 7.137695e-60
1.620253 1.174217e-60
1.64557 1.638637e-61
1.670886 1.894536e-62
1.696203 1.752046e-63
1.721519 1.235055e-64
1.746835 6.258643e-66
1.772152 2.135599e-67
1.797468 4.746036e-69
1.822785 7.28211e-71
1.848101 9.079313e-73
1.873418 9.428438e-75
1.898734 6.124488e-77
1.924051 2.188276e-79
1.949367 8.003942e-82
1.974684 1.560332e-83
2 2.418995e-85
