0.4050633 1
0.4303797 1
0.4556962 1
0.4810127 1
0.5063291 1
0.5316456 1
0.556962 1
0.5822785 1
0.6075949 1
0.6329114 1
0.6582278 1
0.6835443 1
0.7088608 1
0.7341772 1
0.7594937 1
0.7848101 1
0.8101266 1
0.835443 1
0.8607595 1
0.8860759 1
0.9113924 1
0.9367089 1
0.9620253 1
0.9873418 1
1.012658 1
1.037975 1
1.063291 1
1.088608 1
1.113924 1
1.139241 1
1.164557 1
1.189873 1
1.21519 1
1.240506 0.02555153
1.265823 2.987403e-43
1.291139 2.387039e-43
1.316456 4.101461e-43
1.341772 1.033031e-43
1.367089 7.460529e-45
1.392405 9.043777e-79
1.417722 4.459047e-85
1.443038 1.046142e-86
1.468354 9.634341e-88
1.493671 6.051813e-89
1.518987 2.518279e-90
1.544304 7.133857e-92
1.56962 1.365077e-93
1.594937 1.580695e-95
1.620253 8.257962e-98
1.64557 7.026892e-101
1.670886 5.714837e-105
1.696203 8.577463e-110
1.721519 6.225914e-115
1.746835 2.198663e-120
1.772152 2.126916e-126
1.797468 1.774163e-133
1.822785 4.299514e-150
1.848101 5.011003e-159
1.873418 3.244353e-168
1.898734 4.570485e-182
1.924051 6.364297e-206
1.949367 3.131651e-240
1.974684 7.879911e-267
2 1.892765e-320
