0.07594937 1
0.1012658 1
0.1265823 1
0.1518987 1
0.1772152 0.9999877
0.2025316 0.9981569
0.2278481 0.949478
0.2531646 0.6392416
0.278481 0.1079725
0.3037975 0.937905
0.3291139 0.9927807
0.3544304 0.9804277
0.3797468 0.8706069
0.4050633 0.7444707
0.4303797 0.5963725
0.4556962 0.2201
0.4810127 0.2886642
0.5063291 0.2728385
0.5316456 0.1284889
0.556962 0.03990708
0.5822785 0.03318829
0.6075949 0.0272676
0.6329114 0.0211973
0.6582278 0.005955402
0.6835443 0.001954929
0.7088608 0.001954929
0.7341772 0.006293127
0.7594937 0.01762765
0.7848101 0.00561617
0.8101266 0.0002555127
0.835443 3.936523e-05
0.8607595 1.734296e-05
0.8860759 5.429248e-05
0.9113924 8.934436e-05
0.9367089 0.0001007272
0.9620253 0.0001694645
0.9873418 0.0001265621
1.012658 3.004439e-05
1.037975 2.000021e-06
1.063291 7.061249e-07
1.088608 4.018263e-06
1.113924 5.303717e-06
1.139241 1.241307e-06
1.164557 5.729101e-08
1.189873 1.359823e-09
1.21519 8.742577e-09
1.240506 8.396557e-08
1.265823 1.862197e-07
1.291139 4.425852e-08
1.316456 5.718401e-09
1.341772 1.185778e-07
1.367089 3.08165e-06
1.392405 3.655307e-05
1.417722 0.0002333913
1.443038 0.0002492067
1.468354 0.000124996
1.493671 1.41167e-05
1.518987 7.9889e-07
1.544304 2.902561e-05
1.56962 6.209997e-05
1.594937 2.318079e-05
1.620253 2.268759e-06
1.64557 3.156869e-08
1.670886 1.218518e-09
1.696203 1.218518e-09
1.721519 2.83811e-09
1.746835 6.840414e-09
1.772152 8.617767e-09
1.797468 6.168189e-09
1.822785 1.607306e-09
1.848101 4.783538e-10
1.873418 1.415065e-10
1.898734 1.061502e-11
1.924051 7.573902e-14
1.949367 8.387305e-15
1.974684 7.688089e-14
2 2.546797e-13
