0.02531646 1
0.05063291 1
0.07594937 1
0.1012658 1
0.1265823 1
0.1518987 1
0.1772152 1
0.2025316 1
0.2278481 1
0.2531646 0.9999998
0.278481 0.9999995
0.3037975 0.9999991
0.3291139 0.9999953
0.3544304 0.9999862
0.3797468 0.9999895
0.4050633 0.9999998
0.4303797 1
0.4556962 1
0.4810127 1
0.5063291 1
0.5316456 1
0.556962 0.9999582
0.5822785 0.9910669
0.6075949 0.7762549
0.6329114 0.1468683
0.6582278 0.00307383
0.6835443 1.382314e-05
0.7088608 7.950247e-08
0.7341772 2.101261e-06
0.7594937 2.868189e-05
0.7848101 2.991476e-05
0.8101266 5.694738e-07
0.835443 8.03279e-07
0.8607595 1.856169e-06
0.8860759 3.525298e-06
0.9113924 1.927999e-06
0.9367089 1.609465e-08
0.9620253 1.546717e-10
0.9873418 8.863208e-11
1.012658 1.329337e-12
1.037975 2.308285e-15
1.063291 1.196051e-17
1.088608 1.571068e-18
1.113924 4.223665e-19
1.139241 1.393044e-19
1.164557 5.230114e-20
1.189873 1.853534e-20
1.21519 5.638737e-21
1.240506 1.431775e-21
1.265823 3.022049e-22
1.291139 5.33887e-23
1.316456 8.051458e-24
1.341772 1.088272e-24
1.367089 1.497191e-25
1.392405 2.732809e-26
1.417722 7.978696e-27
1.443038 3.160199e-27
1.468354 1.382328e-27
1.493671 6.042881e-28
1.518987 2.514136e-28
1.544304 9.719669e-29
1.56962 3.417125e-29
1.594937 1.082701e-29
1.620253 3.204955e-30
1.64557 9.128074e-31
1.670886 2.518949e-31
1.696203 6.768461e-32
1.721519 1.805754e-32
1.746835 4.941556e-33
1.772152 1.42207e-33
1.797468 4.235212e-34
1.822785 1.191058e-34
1.848101 2.870763e-35
1.873418 5.626273e-36
1.898734 8.856073e-37
1.924051 1.154177e-37
1.949367 1.352735e-38
1.974684 1.611553e-39
2 1.915673e-40
