0.2531646 1
0.278481 1
0.3037975 0.9999989
0.3291139 0.9998051
0.3544304 0.9945852
0.3797468 0.9225278
0.4050633 0.1956647
0.4303797 0.003571893
0.4556962 0.0006343781
0.4810127 4.045259e-05
0.5063291 9.236211e-07
0.5316456 4.912386e-08
0.556962 1.482032e-09
0.5822785 5.467552e-11
0.6075949 4.72016e-12
0.6329114 6.762859e-12
0.6582278 6.493118e-10
0.6835443 6.608946e-09
0.7088608 1.215598e-08
0.7341772 8.736499e-09
0.7594937 4.80981e-08
0.7848101 2.793321e-07
0.8101266 6.323651e-08
0.835443 1.489033e-09
0.8607595 1.224526e-09
0.8860759 1.698514e-09
0.9113924 1.226446e-09
0.9367089 9.067724e-11
0.9620253 7.361233e-13
0.9873418 1.406894e-13
1.012658 4.428802e-14
1.037975 2.059454e-14
1.063291 1.023398e-14
1.088608 4.487565e-15
1.113924 2.319685e-15
1.139241 1.183955e-15
1.164557 5.305843e-16
1.189873 2.081009e-16
1.21519 7.22018e-17
1.240506 2.272901e-17
1.265823 6.660015e-18
1.291139 1.832039e-18
1.316456 4.721866e-19
1.341772 1.139946e-19
1.367089 2.658551e-20
1.392405 6.939832e-21
1.417722 2.648618e-21
1.443038 1.489657e-21
1.468354 9.697518e-22
1.493671 6.398839e-22
1.518987 4.125371e-22
1.544304 2.568703e-22
1.56962 1.533447e-22
1.594937 8.719119e-23
1.620253 4.692512e-23
1.64557 2.375792e-23
1.670886 1.124599e-23
1.696203 4.94498e-24
1.721519 2.00571e-24
1.746835 7.445802e-25
1.772152 2.507214e-25
1.797468 7.577106e-26
1.822785 2.028933e-26
1.848101 4.737175e-27
1.873418 9.445852e-28
1.898734 1.563774e-28
1.924051 2.062896e-29
1.949367 2.030386e-30
1.974684 1.321023e-31
2 4.255421e-33
