0.02531646 1
0.05063291 1
0.07594937 1
0.1012658 0.9999906
0.1265823 0.999982
0.1518987 0.9999936
0.1772152 0.9993058
0.2025316 0.9749695
0.2278481 0.9406655
0.2531646 0.5923348
0.278481 0.08060686
0.3037975 0.07362166
0.3291139 0.9241771
0.3544304 0.948032
0.3797468 0.8563837
0.4050633 0.9414356
0.4303797 0.9390387
0.4556962 0.6851462
0.4810127 0.5930919
0.5063291 0.9771856
0.5316456 0.9889941
0.556962 0.800052
0.5822785 0.1975129
0.6075949 0.009572615
0.6329114 0.0008753738
0.6582278 6.870896e-05
0.6835443 4.207715e-05
0.7088608 4.207715e-05
0.7341772 4.207715e-05
0.7594937 0.0001381099
0.7848101 0.001262362
0.8101266 0.002608353
0.835443 0.002470703
0.8607595 0.0003278509
0.8860759 4.97598e-05
0.9113924 3.475433e-05
0.9367089 3.475433e-05
0.9620253 3.893046e-05
0.9873418 7.79386e-05
1.012658 0.0001082979
1.037975 2.470563e-05
1.063291 3.705114e-06
1.088608 2.14355e-06
1.113924 1.662637e-05
1.139241 5.52168e-05
1.164557 5.52168e-05
1.189873 2.915309e-05
1.21519 1.119544e-06
1.240506 4.091235e-07
1.265823 2.61167e-07
1.291139 1.195665e-08
1.316456 4.921028e-09
1.341772 3.873097e-08
1.367089 1.669388e-07
1.392405 2.270062e-07
1.417722 3.857001e-07
1.443038 3.450243e-06
1.468354 4.802205e-05
1.493671 4.707846e-05
1.518987 5.306525e-06
1.544304 7.018826e-06
1.56962 2.130255e-06
1.594937 1.463276e-07
1.620253 1.976588e-06
1.64557 2.143662e-05
1.670886 4.245543e-05
1.696203 3.772032e-05
1.721519 6.825599e-06
1.746835 5.089386e-07
1.772152 4.473249e-08
1.797468 3.01686e-09
1.822785 1.985233e-09
1.848101 8.654732e-10
1.873418 8.654733e-10
1.898734 9.228134e-10
1.924051 1.174551e-09
1.949367 1.28313e-09
1.974684 1.474664e-09
2 1.825111e-09
