0.05063291 0.9999999
0.07594937 1
0.1012658 1
0.1265823 1
0.1518987 0.9999993
0.1772152 0.9998509
0.2025316 0.9925396
0.2278481 0.8942862
0.2531646 0.7006169
0.278481 0.6802137
0.3037975 0.07978969
0.3291139 0.5347407
0.3544304 0.9284193
0.3797468 0.9871019
0.4050633 0.9952832
0.4303797 0.995981
0.4556962 0.9959855
0.4810127 0.9684614
0.5063291 0.6276198
0.5316456 0.07395022
0.556962 0.004642587
0.5822785 0.003354222
0.6075949 0.006835574
0.6329114 0.01338823
0.6582278 0.004312921
0.6835443 0.0003421126
0.7088608 4.476168e-05
0.7341772 1.405965e-05
0.7594937 1.405815e-05
0.7848101 1.419011e-05
0.8101266 7.284993e-05
0.835443 7.771466e-05
0.8607595 8.017174e-05
0.8860759 9.71615e-05
0.9113924 4.263596e-05
0.9367089 1.963574e-05
0.9620253 4.62497e-06
0.9873418 7.371464e-07
1.012658 1.07779e-07
1.037975 7.920079e-09
1.063291 1.091782e-09
1.088608 1.091782e-09
1.113924 2.316247e-09
1.139241 1.131759e-07
1.164557 9.942588e-07
1.189873 1.80351e-06
1.21519 6.230304e-07
1.240506 5.865333e-08
1.265823 2.781529e-08
1.291139 9.572308e-08
1.316456 6.094569e-08
1.341772 1.264361e-08
1.367089 9.933991e-10
1.392405 3.641612e-10
1.417722 3.832455e-10
1.443038 4.59327e-10
1.468354 8.563382e-10
1.493671 2.667049e-09
1.518987 5.65483e-09
1.544304 6.06465e-09
1.56962 4.130993e-09
1.594937 1.772257e-09
1.620253 6.437972e-09
1.64557 2.929185e-07
1.670886 1.754546e-05
1.696203 0.0001035846
1.721519 9.426583e-05
1.746835 3.343924e-05
1.772152 3.27759e-06
1.797468 7.766796e-08
1.822785 1.322403e-08
1.848101 3.92672e-08
1.873418 2.429461e-07
1.898734 1.17394e-07
1.924051 1.31889e-08
1.949367 6.091137e-09
1.974684 1.810263e-08
2 4.54206e-09
