0.7088608 1
0.7341772 1
0.7594937 1
0.7848101 1
0.8101266 1
0.835443 1
0.8607595 1
0.8860759 1
0.9113924 0.9999968
0.9367089 0.9989239
0.9620253 0.9455277
0.9873418 0.4893341
1.012658 0.01642176
1.037975 0.0003274962
1.063291 7.37061e-06
1.088608 6.585789e-08
1.113924 2.905965e-10
1.139241 2.3039e-12
1.164557 5.040144e-13
1.189873 1.034889e-13
1.21519 4.34359e-15
1.240506 4.390263e-16
1.265823 6.398936e-17
1.291139 1.138106e-17
1.316456 2.015554e-18
1.341772 1.43378e-19
1.367089 1.321996e-21
1.392405 6.301675e-24
1.417722 4.613348e-24
1.443038 2.933782e-24
1.468354 1.509285e-24
1.493671 5.463488e-25
1.518987 1.013441e-25
1.544304 4.437261e-27
1.56962 1.217025e-29
1.594937 7.4497e-33
1.620253 3.459118e-35
1.64557 1.756861e-37
1.670886 1.534139e-39
1.696203 1.322069e-41
1.721519 9.621728e-44
1.746835 3.108187e-45
1.772152 1.768309e-46
1.797468 8.05917e-48
1.822785 2.008427e-49
1.848101 3.037879e-51
1.873418 2.055155e-53
1.898734 8.955442e-56
1.924051 3.491867e-58
1.949367 1.069172e-60
1.974684 3.886575e-63
2 5.187771e-66
