0.02531646 1
0.05063291 1
0.07594937 0.9999991
0.1012658 0.9999412
0.1265823 0.9996275
0.1518987 0.9996699
0.1772152 0.999318
0.2025316 0.9928333
0.2278481 0.9785907
0.2531646 0.9777478
0.278481 0.8604455
0.3037975 0.06307438
0.3291139 0.04810797
0.3544304 0.336089
0.3797468 0.8563303
0.4050633 0.6772888
0.4303797 0.9362022
0.4556962 0.986331
0.4810127 0.8086703
0.5063291 0.1887779
0.5316456 0.009054667
0.556962 0.0008392595
0.5822785 0.00310077
0.6075949 0.007176237
0.6329114 0.006544624
0.6582278 0.000707385
0.6835443 0.0005038215
0.7088608 0.0003524646
0.7341772 0.001589283
0.7594937 0.001416963
0.7848101 0.0003985681
0.8101266 3.321433e-05
0.835443 1.096098e-05
0.8607595 1.212591e-05
0.8860759 0.0001728392
0.9113924 0.001316592
0.9367089 0.001469342
0.9620253 0.0006625958
0.9873418 0.0003243025
1.012658 0.0002163128
1.037975 8.618174e-05
1.063291 1.719467e-05
1.088608 1.39229e-05
1.113924 5.736123e-05
1.139241 0.0001173731
1.164557 9.747209e-05
1.189873 3.081045e-05
1.21519 2.192895e-06
1.240506 5.41792e-08
1.265823 1.280267e-09
1.291139 4.215988e-10
1.316456 5.063006e-10
1.341772 4.786353e-10
1.367089 4.260417e-10
1.392405 3.908707e-10
1.417722 3.855052e-10
1.443038 3.854866e-10
1.468354 3.854867e-10
1.493671 3.854869e-10
1.518987 9.98775e-10
1.544304 3.102851e-09
1.56962 1.412347e-09
1.594937 3.802523e-10
1.620253 4.271762e-10
1.64557 6.451022e-09
1.670886 2.184995e-07
1.696203 1.608755e-06
1.721519 1.533676e-06
1.746835 4.140702e-07
1.772152 4.041755e-08
1.797468 1.380265e-09
1.822785 8.373335e-10
1.848101 8.757232e-10
1.873418 9.528673e-10
1.898734 8.565512e-10
1.924051 4.151121e-10
1.949367 2.701756e-10
1.974684 3.272534e-10
2 5.097924e-10
