0.7594937 1
0.7848101 1
0.8101266 1
0.835443 1
0.8607595 1
0.8860759 1
0.9113924 1
0.9367089 1
0.9620253 1
0.9873418 1
1.012658 0.9999956
1.037975 0.998485
1.063291 0.9291538
1.088608 0.4213231
1.113924 0.01238219
1.139241 0.0002754935
1.164557 4.378755e-06
1.189873 2.64449e-08
1.21519 3.533178e-10
1.240506 6.844232e-12
1.265823 2.15592e-14
1.291139 3.849211e-16
1.316456 4.996413e-18
1.341772 6.541335e-20
1.367089 1.16582e-22
1.392405 7.644551e-26
1.417722 5.427228e-26
1.443038 3.95932e-26
1.468354 2.535689e-26
1.493671 1.398825e-26
1.518987 6.540374e-27
1.544304 2.531834e-27
1.56962 7.674532e-28
1.594937 1.598722e-28
1.620253 1.712363e-29
1.64557 4.967517e-31
1.670886 1.657575e-33
1.696203 2.04521e-34
1.721519 2.982247e-35
1.746835 2.83518e-36
1.772152 1.970365e-37
1.797468 1.05944e-38
1.822785 4.622205e-40
1.848101 1.70824e-41
1.873418 5.399286e-43
1.898734 1.507438e-44
1.924051 3.769296e-46
1.949367 8.904229e-48
1.974684 2.081509e-49
2 4.892085e-51
