0.02531646 1
0.05063291 1
0.07594937 1
0.1012658 0.9999995
0.1265823 0.9996453
0.1518987 0.996705
0.1772152 0.9997399
0.2025316 0.9968001
0.2278481 0.9487302
0.2531646 0.9777821
0.278481 0.9967918
0.3037975 0.9996761
0.3291139 0.9998189
0.3544304 0.9957363
0.3797468 0.9953724
0.4050633 0.9971122
0.4303797 0.9129355
0.4556962 0.7777769
0.4810127 0.8141114
0.5063291 0.9425913
0.5316456 0.9961462
0.556962 0.9962173
0.5822785 0.9694087
0.6075949 0.5645171
0.6329114 0.08207251
0.6582278 0.003180822
0.6835443 6.094455e-05
0.7088608 7.028145e-06
0.7341772 4.313399e-07
0.7594937 5.566338e-08
0.7848101 5.566344e-08
0.8101266 5.566352e-08
0.835443 1.016377e-07
0.8607595 4.519454e-07
0.8860759 4.757572e-07
0.9113924 9.497634e-07
0.9367089 2.875231e-06
0.9620253 3.157313e-06
0.9873418 4.68854e-06
1.012658 5.822156e-06
1.037975 2.093293e-06
1.063291 1.662673e-07
1.088608 1.987834e-08
1.113924 2.007964e-08
1.139241 1.971852e-08
1.164557 1.971852e-08
1.189873 2.783317e-08
1.21519 1.246433e-07
1.240506 3.616306e-07
1.265823 7.058857e-07
1.291139 1.261181e-06
1.316456 5.926513e-06
1.341772 4.997557e-06
1.367089 1.770365e-06
1.392405 4.848827e-07
1.417722 1.065853e-07
1.443038 9.285167e-09
1.468354 3.430887e-08
1.493671 4.749315e-07
1.518987 2.540062e-06
1.544304 3.109672e-06
1.56962 1.935639e-06
1.594937 4.372399e-07
1.620253 6.962117e-08
1.64557 1.562999e-07
1.670886 2.948971e-07
1.696203 4.584298e-07
1.721519 1.743109e-07
1.746835 1.136724e-08
1.772152 1.143873e-10
1.797468 2.833308e-12
1.822785 1.695235e-13
1.848101 9.384711e-14
1.873418 1.128784e-13
1.898734 1.613093e-13
1.924051 2.626143e-13
1.949367 4.17188e-13
1.974684 5.310905e-13
2 6.01031e-13
