0.02531646 1
0.05063291 1
0.07594937 1
0.1012658 1
0.1265823 1
0.1518987 1
0.1772152 1
0.2025316 1
0.2278481 1
0.2531646 1
0.278481 0.9999999
0.3037975 0.9999999
0.3291139 1
0.3544304 1
0.3797468 1
0.4050633 1
0.4303797 0.9999992
0.4556962 0.9999924
0.4810127 0.999978
0.5063291 0.999995
0.5316456 0.9999988
0.556962 0.9999536
0.5822785 0.9891164
0.6075949 0.752279
0.6329114 0.1196079
0.6582278 0.001905878
0.6835443 3.302489e-06
0.7088608 1.642746e-09
0.7341772 3.284474e-09
0.7594937 2.088362e-07
0.7848101 1.045417e-06
0.8101266 3.649382e-07
0.835443 2.629036e-08
0.8607595 7.31561e-09
0.8860759 5.771491e-09
0.9113924 6.521562e-09
0.9367089 3.945753e-08
0.9620253 1.514904e-07
0.9873418 1.837374e-07
1.012658 3.397896e-08
1.037975 7.578456e-10
1.063291 3.304339e-13
1.088608 1.597128e-16
1.113924 3.875724e-18
1.139241 7.608459e-19
1.164557 1.368037e-19
1.189873 2.14251e-20
1.21519 2.98409e-21
1.240506 3.614224e-22
1.265823 4.372983e-23
1.291139 6.096258e-24
1.316456 9.437199e-25
1.341772 1.476294e-25
1.367089 2.434709e-26
1.392405 4.646862e-27
1.417722 1.023944e-27
1.443038 2.554934e-28
1.468354 7.375535e-29
1.493671 2.411405e-29
1.518987 8.298134e-30
1.544304 2.81219e-30
1.56962 9.000453e-31
1.594937 2.692599e-31
1.620253 7.657845e-32
1.64557 2.093634e-32
1.670886 5.508812e-33
1.696203 1.39844e-33
1.721519 3.432909e-34
1.746835 8.204135e-35
1.772152 1.935371e-35
1.797468 4.604345e-36
1.822785 1.106238e-36
1.848101 2.62431e-37
1.873418 5.932172e-38
1.898734 1.277519e-38
1.924051 2.597886e-39
1.949367 4.894802e-40
1.974684 8.015397e-41
2 8.833718e-42
