0.02531646 1
0.05063291 1
0.07594937 0.9999997
0.1012658 0.9999979
0.1265823 0.9999934
0.1518987 0.9999945
0.1772152 0.9999988
0.2025316 1
0.2278481 1
0.2531646 1
0.278481 0.9999999
0.3037975 0.9999999
0.3291139 1
0.3544304 1
0.3797468 1
0.4050633 1
0.4303797 1
0.4556962 1
0.4810127 1
0.5063291 0.9999993
0.5316456 0.9999868
0.556962 0.998887
0.5822785 0.9721888
0.6075949 0.3755035
0.6329114 0.1529949
0.6582278 0.01471496
0.6835443 0.001431254
0.7088608 0.0001130666
0.7341772 5.354641e-06
0.7594937 6.35792e-06
0.7848101 3.226039e-06
0.8101266 2.260222e-06
0.835443 2.29481e-06
0.8607595 2.735326e-07
0.8860759 7.259869e-09
0.9113924 7.590712e-11
0.9367089 3.408129e-13
0.9620253 5.111233e-16
0.9873418 3.851435e-17
1.012658 2.502206e-17
1.037975 1.424707e-17
1.063291 6.87619e-18
1.088608 2.750049e-18
1.113924 9.089871e-19
1.139241 2.493192e-19
1.164557 5.702526e-20
1.189873 1.09241e-20
1.21519 1.760192e-21
1.240506 2.402197e-22
1.265823 2.843899e-23
1.291139 3.317955e-24
1.316456 6.414019e-25
1.341772 3.003111e-25
1.367089 1.941824e-25
1.392405 1.25377e-25
1.417722 7.452143e-26
1.443038 3.947698e-26
1.468354 1.850544e-26
1.493671 7.615721e-27
1.518987 2.695457e-27
1.544304 8.139143e-28
1.56962 2.115006e-28
1.594937 4.800168e-29
1.620253 9.811387e-30
1.64557 1.915328e-30
1.670886 3.91483e-31
1.696203 8.986008e-32
1.721519 2.257273e-32
1.746835 5.748076e-33
1.772152 1.418639e-33
1.797468 3.43337e-34
1.822785 8.551223e-35
1.848101 2.297905e-35
1.873418 6.538874e-36
1.898734 1.793538e-36
1.924051 4.161856e-37
1.949367 7.305426e-38
1.974684 8.988413e-39
2 7.185434e-40
