0.5316456 1
0.556962 1
0.5822785 1
0.6075949 1
0.6329114 1
0.6582278 0.9999391
0.6835443 0.9909393
0.7088608 0.7995544
0.7341772 0.1936766
0.7594937 0.004628372
0.7848101 0.0003042576
0.8101266 9.419464e-06
0.835443 2.401103e-07
0.8607595 3.399145e-09
0.8860759 3.537343e-11
0.9113924 2.71648e-13
0.9367089 3.578117e-15
0.9620253 2.248154e-16
0.9873418 8.317575e-18
1.012658 9.009592e-20
1.037975 1.337007e-22
1.063291 5.752783e-27
1.088608 5.166426e-32
1.113924 1.974948e-35
1.139241 1.830423e-37
1.164557 4.388245e-39
1.189873 1.046892e-40
1.21519 1.936456e-42
1.240506 2.498981e-44
1.265823 2.141583e-46
1.291139 1.257178e-48
1.316456 2.234035e-50
1.341772 1.55358e-51
1.367089 1.045088e-52
1.392405 5.984992e-54
1.417722 2.927647e-55
1.443038 1.255724e-56
1.468354 5.000768e-58
1.493671 1.988193e-59
1.518987 8.133298e-61
1.544304 3.295258e-62
1.56962 1.255139e-63
1.594937 4.434241e-65
1.620253 1.515186e-66
1.64557 5.455419e-68
1.670886 2.201275e-69
1.696203 9.641656e-71
1.721519 4.241551e-72
1.746835 1.788362e-73
1.772152 7.235212e-75
1.797468 2.905693e-76
1.822785 1.196232e-77
1.848101 5.045901e-79
1.873418 2.125166e-80
1.898734 8.587553e-82
1.924051 3.13132e-83
1.949367 9.421136e-85
1.974684 2.034157e-86
2 2.320428e-88
