0.02531646 0.9999953
0.05063291 0.9999993
0.07594937 0.9999994
0.1012658 0.9999979
0.1265823 0.9999979
0.1518987 0.9999997
0.1772152 1
0.2025316 1
0.2278481 1
0.2531646 0.9999999
0.278481 0.9999993
0.3037975 0.9999978
0.3291139 0.9999974
0.3544304 0.999997
0.3797468 0.9999994
0.4050633 0.999966
0.4303797 0.9994431
0.4556962 0.9987597
0.4810127 0.9995078
0.5063291 0.9999482
0.5316456 0.9998816
0.556962 0.9915585
0.5822785 0.9954829
0.6075949 0.8510093
0.6329114 0.1837094
0.6582278 0.001145592
0.6835443 1.266473e-07
0.7088608 6.572592e-12
0.7341772 2.164191e-14
0.7594937 2.523483e-14
0.7848101 1.817801e-14
0.8101266 1.106791e-13
0.835443 4.668055e-13
0.8607595 1.201903e-12
0.8860759 2.15624e-12
0.9113924 2.864357e-12
0.9367089 3.057174e-12
0.9620253 1.982834e-12
0.9873418 9.04195e-13
1.012658 4.090487e-13
1.037975 1.540118e-13
1.063291 4.550438e-14
1.088608 1.02741e-14
1.113924 1.958257e-15
1.139241 2.299699e-16
1.164557 1.719352e-18
1.189873 4.729714e-20
1.21519 1.010072e-20
1.240506 2.703163e-21
1.265823 6.087636e-22
1.291139 1.141703e-22
1.316456 1.783744e-23
1.341772 2.323357e-24
1.367089 2.507841e-25
1.392405 2.202332e-26
1.417722 1.577094e-27
1.443038 1.102808e-28
1.468354 1.180231e-29
1.493671 2.23051e-30
1.518987 5.266064e-31
1.544304 1.231339e-31
1.56962 2.684362e-32
1.594937 5.456393e-33
1.620253 1.050937e-33
1.64557 1.940161e-34
1.670886 3.467e-35
1.696203 6.066456e-36
1.721519 1.058013e-36
1.746835 1.885846e-37
1.772152 3.515136e-38
1.797468 6.900137e-39
1.822785 1.400436e-39
1.848101 2.83854e-40
1.873418 5.581199e-41
1.898734 1.042536e-41
1.924051 1.79664e-42
1.949367 2.701141e-43
1.974684 3.153889e-44
2 2.130498e-45
