0.07594937 1
0.1012658 1
0.1265823 1
0.1518987 0.9999977
0.1772152 0.9983818
0.2025316 0.9068521
0.2278481 0.575026
0.2531646 0.7875949
0.278481 0.2036407
0.3037975 0.07676418
0.3291139 0.7272832
0.3544304 0.9947367
0.3797468 0.9963631
0.4050633 0.9963629
0.4303797 0.9907955
0.4556962 0.9708132
0.4810127 0.7936238
0.5063291 0.2179522
0.5316456 0.02056686
0.556962 0.01347077
0.5822785 0.04339621
0.6075949 0.04334068
0.6329114 0.009777756
0.6582278 0.007359013
0.6835443 0.008997568
0.7088608 0.005600999
0.7341772 0.002388867
0.7594937 0.003700599
0.7848101 0.005833721
0.8101266 0.001199156
0.835443 0.001427177
0.8607595 0.002803263
0.8860759 0.0002561028
0.9113924 4.477475e-05
0.9367089 9.099685e-05
0.9620253 0.0001967188
0.9873418 4.5732e-05
1.012658 1.041928e-06
1.037975 3.912855e-08
1.063291 1.656448e-09
1.088608 1.027515e-09
1.113924 1.377023e-09
1.139241 1.131998e-09
1.164557 7.77596e-10
1.189873 7.314102e-10
1.21519 1.844742e-09
1.240506 1.814737e-08
1.265823 3.058641e-07
1.291139 1.233834e-06
1.316456 1.189566e-06
1.341772 3.201734e-07
1.367089 5.847077e-08
1.392405 1.274796e-07
1.417722 8.348592e-07
1.443038 1.073155e-05
1.468354 2.784752e-05
1.493671 2.751059e-05
1.518987 1.876828e-05
1.544304 3.756707e-06
1.56962 2.6936e-07
1.594937 3.303367e-09
1.620253 4.099611e-08
1.64557 1.257357e-06
1.670886 2.693365e-06
1.696203 3.305114e-06
1.721519 1.047895e-06
1.746835 5.570851e-08
1.772152 7.850668e-10
1.797468 1.326502e-09
1.822785 1.480422e-08
1.848101 2.786344e-08
1.873418 2.154305e-08
1.898734 6.032621e-09
1.924051 1.301265e-09
1.949367 3.027588e-10
1.974684 3.274565e-11
2 1.888448e-11
