0.4050633 1
0.4303797 1
0.4556962 1
0.4810127 1
0.5063291 1
0.5316456 1
0.556962 1
0.5822785 1
0.6075949 1
0.6329114 1
0.6582278 1
0.6835443 1
0.7088608 1
0.7341772 1
0.7594937 1
0.7848101 1
0.8101266 1
0.835443 1
0.8607595 1
0.8860759 1
0.9113924 1
0.9367089 1
0.9620253 1
0.9873418 1
1.012658 1
1.037975 1
1.063291 1
1.088608 1
1.113924 0.9999994
1.139241 0.9998284
1.164557 0.9930722
1.189873 0.8548226
1.21519 0.224205
1.240506 0.008849059
1.265823 0.0001070419
1.291139 1.523496e-07
1.316456 1.814144e-11
1.341772 9.895863e-17
1.367089 3.102877e-38
1.392405 1.799128e-72
1.417722 7.708891e-78
1.443038 1.509672e-77
1.468354 2.260898e-77
1.493671 2.647671e-77
1.518987 1.928881e-77
1.544304 8.181982e-78
1.56962 1.986066e-78
1.594937 2.61971e-79
1.620253 1.922618e-80
1.64557 5.693322e-82
1.670886 2.592588e-84
1.696203 1.224632e-87
1.721519 4.857048e-91
1.746835 1.147498e-94
1.772152 2.37078e-98
1.797468 2.913086e-102
1.822785 3.871944e-106
1.848101 5.936146e-110
1.873418 3.977158e-114
1.898734 9.488627e-119
1.924051 2.46465e-124
1.949367 2.709529e-131
1.974684 3.186441e-141
2 1.510414e-160
