0.02531646 1
0.05063291 1
0.07594937 1
0.1012658 1
0.1265823 0.9999997
0.1518987 0.9999715
0.1772152 0.9987755
0.2025316 0.9892887
0.2278481 0.9983206
0.2531646 0.9960051
0.278481 0.9848026
0.3037975 0.9869023
0.3291139 0.9869025
0.3544304 0.9126094
0.3797468 0.8390688
0.4050633 0.9454173
0.4303797 0.9745126
0.4556962 0.9745126
0.4810127 0.8851927
0.5063291 0.361951
0.5316456 0.1107911
0.556962 0.02192794
0.5822785 0.001290194
0.6075949 0.0001597877
0.6329114 0.0001597877
0.6582278 0.0003988922
0.6835443 0.0005916031
0.7088608 0.0004352173
0.7341772 0.0005039371
0.7594937 0.002358819
0.7848101 0.007746091
0.8101266 0.005803563
0.835443 0.001464677
0.8607595 0.0009277453
0.8860759 0.002058576
0.9113924 0.001247868
0.9367089 0.0002932456
0.9620253 0.00016753
0.9873418 0.0003092826
1.012658 0.0003133668
1.037975 0.000109975
1.063291 1.209065e-05
1.088608 1.018414e-05
1.113924 1.000031e-05
1.139241 5.284763e-06
1.164557 7.63806e-07
1.189873 1.858296e-08
1.21519 3.854863e-10
1.240506 3.854862e-10
1.265823 8.726554e-10
1.291139 2.755682e-08
1.316456 4.400915e-07
1.341772 1.133537e-06
1.367089 2.049285e-06
1.392405 3.410388e-06
1.417722 5.879925e-06
1.443038 7.719382e-06
1.468354 6.003306e-06
1.493671 1.425556e-06
1.518987 9.00508e-08
1.544304 2.501319e-09
1.56962 3.789189e-10
1.594937 3.788761e-10
1.620253 3.888665e-10
1.64557 3.955801e-10
1.670886 3.977877e-10
1.696203 3.948283e-10
1.721519 3.894209e-10
1.746835 3.919487e-10
1.772152 7.83803e-10
1.797468 3.402468e-09
1.822785 4.115275e-09
1.848101 1.159555e-09
1.873418 3.826379e-10
1.898734 1.916524e-10
1.924051 6.945732e-11
1.949367 4.853092e-11
1.974684 7.532485e-11
2 2.128036e-10
