0.5063291 1
0.5316456 1
0.556962 1
0.5822785 1
0.6075949 1
0.6329114 1
0.6582278 1
0.6835443 1
0.7088608 1
0.7341772 1
0.7594937 1
0.7848101 1
0.8101266 1
0.835443 1
0.8607595 1
0.8860759 1
0.9113924 1
0.9367089 1
0.9620253 1
0.9873418 1
1.012658 1
1.037975 1
1.063291 1
1.088608 1
1.113924 0.9999992
1.139241 0.9996599
1.164557 0.9691266
1.189873 0.6012634
1.21519 0.04159423
1.240506 0.001342437
1.265823 1.243682e-05
1.291139 2.116286e-08
1.316456 5.110849e-12
1.341772 1.4874e-16
1.367089 3.841303e-24
1.392405 6.292512e-37
1.417722 2.403686e-39
1.443038 2.278436e-40
1.468354 2.171451e-48
1.493671 5.226794e-48
1.518987 1.02288e-47
1.544304 1.585062e-47
1.56962 1.874185e-47
1.594937 1.620006e-47
1.620253 9.702244e-48
1.64557 3.72135e-48
1.670886 8.161974e-49
1.696203 9.094816e-50
1.721519 4.853299e-51
1.746835 1.519797e-52
1.772152 5.993832e-54
1.797468 3.535988e-55
1.822785 1.640281e-56
1.848101 4.851969e-58
1.873418 9.312631e-60
1.898734 1.205499e-61
1.924051 1.058404e-63
1.949367 6.473505e-66
1.974684 2.901339e-68
2 9.390371e-71
