0.556962 1
0.5822785 1
0.6075949 1
0.6329114 1
0.6582278 1
0.6835443 0.9999839
0.7088608 0.99615
0.7341772 0.8742375
0.7594937 0.264747
0.7848101 0.01298647
0.8101266 0.0005726092
0.835443 1.924226e-05
0.8607595 4.164476e-07
0.8860759 5.30882e-09
0.9113924 4.381559e-11
0.9367089 2.643046e-13
0.9620253 2.571061e-15
0.9873418 1.563761e-16
1.012658 4.624078e-18
1.037975 3.32534e-20
1.063291 1.781739e-23
1.088608 9.733524e-29
1.113924 4.661799e-32
1.139241 4.842867e-34
1.164557 1.763008e-35
1.189873 7.468389e-37
1.21519 2.733687e-38
1.240506 7.600911e-40
1.265823 1.632358e-41
1.291139 2.351541e-43
1.316456 2.161121e-45
1.341772 9.033318e-48
1.367089 3.431626e-51
1.392405 1.804698e-53
1.417722 1.584535e-54
1.443038 1.247523e-55
1.468354 8.566419e-57
1.493671 5.056501e-58
1.518987 2.550591e-59
1.544304 1.108387e-60
1.56962 4.301569e-62
1.594937 1.613537e-63
1.620253 6.44725e-65
1.64557 2.805074e-66
1.670886 1.230332e-67
1.696203 4.992102e-69
1.721519 1.78939e-70
1.746835 5.611845e-72
1.772152 1.592931e-73
1.797468 4.585921e-75
1.822785 1.580165e-76
1.848101 6.588383e-78
1.873418 2.875159e-79
1.898734 1.184542e-80
1.924051 4.326687e-82
1.949367 1.292624e-83
1.974684 2.767148e-85
2 3.136294e-87
