0.05063291 1
0.07594937 1
0.1012658 1
0.1265823 1
0.1518987 0.9999998
0.1772152 0.9999614
0.2025316 0.997247
0.2278481 0.9861727
0.2531646 0.9757726
0.278481 0.9868374
0.3037975 0.8359847
0.3291139 0.9368046
0.3544304 0.9711425
0.3797468 0.880804
0.4050633 0.9427094
0.4303797 0.9745126
0.4556962 0.9734557
0.4810127 0.7707369
0.5063291 0.2044075
0.5316456 0.1333548
0.556962 0.1312148
0.5822785 0.04989564
0.6075949 0.006757077
0.6329114 0.002885821
0.6582278 0.01515222
0.6835443 0.02321476
0.7088608 0.01161826
0.7341772 0.002032034
0.7594937 0.0001278502
0.7848101 9.294236e-05
0.8101266 9.581216e-05
0.835443 6.987292e-05
0.8607595 0.0006465406
0.8860759 0.003804234
0.9113924 0.003824957
0.9367089 0.001807229
0.9620253 0.0001919396
0.9873418 7.597021e-06
1.012658 5.532453e-06
1.037975 6.433523e-06
1.063291 1.902698e-05
1.088608 3.987467e-05
1.113924 3.311731e-05
1.139241 1.206998e-05
1.164557 8.69473e-07
1.189873 2.007272e-08
1.21519 1.289076e-07
1.240506 4.132156e-06
1.265823 1.208703e-05
1.291139 4.004579e-05
1.316456 5.513642e-05
1.341772 5.15996e-05
1.367089 4.102711e-05
1.392405 2.968389e-05
1.417722 1.507089e-05
1.443038 3.078808e-06
1.468354 3.791943e-07
1.493671 8.170627e-08
1.518987 1.729748e-07
1.544304 3.388348e-08
1.56962 5.072603e-10
1.594937 3.777078e-10
1.620253 3.780018e-10
1.64557 3.816778e-10
1.670886 3.981845e-10
1.696203 4.471668e-10
1.721519 5.450693e-10
1.746835 6.338642e-10
1.772152 6.994832e-10
1.797468 9.413629e-10
1.822785 1.230629e-09
1.848101 9.066982e-10
1.873418 2.985366e-10
1.898734 9.041614e-11
1.924051 2.7832e-11
1.949367 2.412019e-11
1.974684 5.206422e-11
2 1.906876e-10
