0.4050633 1
0.4303797 1
0.4556962 1
0.4810127 1
0.5063291 1
0.5316456 1
0.556962 1
0.5822785 1
0.6075949 1
0.6329114 1
0.6582278 1
0.6835443 1
0.7088608 1
0.7341772 1
0.7594937 1
0.7848101 1
0.8101266 1
0.835443 1
0.8607595 1
0.8860759 1
0.9113924 1
0.9367089 1
0.9620253 1
0.9873418 1
1.012658 1
1.037975 1
1.063291 1
1.088608 1
1.113924 0.9999989
1.139241 0.9997986
1.164557 0.9894045
1.189873 0.7901993
1.21519 0.1497377
1.240506 0.006150029
1.265823 7.513421e-05
1.291139 1.67475e-07
1.316456 3.044789e-11
1.341772 2.609395e-16
1.367089 9.53447e-24
1.392405 1.874614e-51
1.417722 4.289415e-51
1.443038 1.286952e-51
1.468354 4.988479e-58
1.493671 2.794032e-57
1.518987 1.128261e-56
1.544304 3.246795e-56
1.56962 6.550845e-56
1.594937 9.050456e-56
1.620253 8.281014e-56
1.64557 4.800723e-56
1.670886 1.674329e-56
1.696203 3.348223e-57
1.721519 3.700619e-58
1.746835 2.270258e-59
1.772152 8.501477e-61
1.797468 2.350015e-62
1.822785 5.458939e-64
1.848101 1.419088e-65
1.873418 4.319877e-67
1.898734 1.358609e-68
1.924051 4.077588e-70
1.949367 1.085202e-71
1.974684 2.348123e-73
2 3.175708e-75
