0.278481 1
0.3037975 1
0.3291139 1
0.3544304 0.9999957
0.3797468 0.9990883
0.4050633 0.9663622
0.4303797 0.648128
0.4556962 0.04531657
0.4810127 0.0005738784
0.5063291 2.233926e-05
0.5316456 2.091613e-06
0.556962 1.026005e-07
0.5822785 4.317589e-09
0.6075949 1.261479e-10
0.6329114 6.814509e-12
0.6582278 5.328999e-13
0.6835443 1.139293e-13
0.7088608 2.061345e-12
0.7341772 6.084709e-11
0.7594937 5.731152e-10
0.7848101 3.863684e-09
0.8101266 1.653934e-08
0.835443 3.186415e-08
0.8607595 1.228566e-08
0.8860759 1.001109e-09
0.9113924 6.953489e-10
0.9367089 3.526409e-10
0.9620253 3.568821e-12
0.9873418 4.438553e-13
1.012658 4.312088e-14
1.037975 2.141596e-15
1.063291 7.165217e-16
1.088608 2.702037e-16
1.113924 9.564811e-17
1.139241 3.077537e-17
1.164557 9.278476e-18
1.189873 2.677051e-18
1.21519 7.54409e-19
1.240506 2.096755e-19
1.265823 5.687454e-20
1.291139 1.471618e-20
1.316456 3.553391e-21
1.341772 7.893492e-22
1.367089 1.604181e-22
1.392405 3.009665e-23
1.417722 5.503411e-24
1.443038 1.145138e-24
1.468354 3.239257e-25
1.493671 1.182383e-25
1.518987 4.675293e-26
1.544304 1.824827e-26
1.56962 6.829376e-27
1.594937 2.428585e-27
1.620253 8.172824e-28
1.64557 2.595966e-28
1.670886 7.764581e-29
1.696203 2.180777e-29
1.721519 5.729185e-30
1.746835 1.400159e-30
1.772152 3.159192e-31
1.797468 6.5149e-32
1.822785 1.211938e-32
1.848101 1.999595e-33
1.873418 2.861735e-34
1.898734 3.446228e-35
1.924051 3.343009e-36
1.949367 2.442817e-37
1.974684 1.192744e-38
2 2.91266e-40
