0.02531646 1
0.05063291 0.9999967
0.07594937 0.999999
0.1012658 0.9999967
0.1265823 0.9994131
0.1518987 0.9999457
0.1772152 0.9999989
0.2025316 0.9999562
0.2278481 0.9999075
0.2531646 0.9999098
0.278481 0.9925826
0.3037975 0.9543575
0.3291139 0.9953587
0.3544304 0.9851077
0.3797468 0.8354202
0.4050633 0.981413
0.4303797 0.8807117
0.4556962 0.9723974
0.4810127 0.9870404
0.5063291 0.7303248
0.5316456 0.6506981
0.556962 0.7445373
0.5822785 0.9546879
0.6075949 0.5772742
0.6329114 0.02039315
0.6582278 6.082999e-05
0.6835443 6.745993e-08
0.7088608 1.090812e-09
0.7341772 5.478102e-10
0.7594937 5.67733e-10
0.7848101 3.766393e-10
0.8101266 3.999087e-10
0.835443 3.626388e-10
0.8607595 4.636087e-10
0.8860759 1.999838e-08
0.9113924 1.157023e-06
0.9367089 1.129749e-05
0.9620253 4.183516e-05
0.9873418 5.456443e-05
1.012658 5.456443e-05
1.037975 1.916662e-05
1.063291 5.399049e-06
1.088608 1.020722e-06
1.113924 1.082907e-06
1.139241 3.054822e-06
1.164557 2.214985e-06
1.189873 5.618969e-07
1.21519 1.501892e-07
1.240506 5.102905e-09
1.265823 7.201659e-09
1.291139 3.800902e-07
1.316456 1.836247e-06
1.341772 1.716249e-06
1.367089 4.618854e-07
1.392405 4.112029e-08
1.417722 3.882851e-09
1.443038 3.181963e-09
1.468354 2.655412e-09
1.493671 1.18273e-09
1.518987 4.30501e-10
1.544304 1.782012e-10
1.56962 1.079841e-10
1.594937 1.417742e-10
1.620253 4.043075e-10
1.64557 8.15815e-10
1.670886 9.195435e-10
1.696203 8.841055e-10
1.721519 8.63347e-10
1.746835 1.231939e-09
1.772152 1.772361e-09
1.797468 1.463274e-09
1.822785 8.764243e-10
1.848101 8.764243e-10
1.873418 8.764243e-10
1.898734 8.819439e-10
1.924051 3.94978e-09
1.949367 1.418091e-08
1.974684 1.469548e-08
2 7.361892e-09
