0.5822785 1
0.6075949 1
0.6329114 1
0.6582278 1
0.6835443 1
0.7088608 0.9999902
0.7341772 0.9973877
0.7594937 0.9041244
0.7848101 0.3576547
0.8101266 0.01517247
0.835443 0.0005738728
0.8607595 1.781906e-05
0.8860759 4.18363e-07
0.9113924 4.884225e-09
0.9367089 2.389555e-11
0.9620253 1.112441e-13
0.9873418 1.324269e-15
1.012658 8.427842e-17
1.037975 2.222811e-18
1.063291 1.210551e-20
1.088608 2.25124e-24
1.113924 2.171634e-29
1.139241 5.171183e-31
1.164557 3.151526e-32
1.189873 2.199792e-33
1.21519 1.345132e-34
1.240506 6.415787e-36
1.265823 2.423432e-37
1.291139 6.364818e-39
1.316456 1.11477e-40
1.341772 9.386371e-43
1.367089 1.131603e-45
1.392405 1.12664e-49
1.417722 2.043917e-51
1.443038 4.925096e-53
1.468354 1.21868e-54
1.493671 2.671615e-56
1.518987 6.336339e-58
1.544304 2.500772e-59
1.56962 1.422269e-60
1.594937 8.070185e-62
1.620253 4.029676e-63
1.64557 1.711228e-64
1.670886 6.090145e-66
1.696203 1.802907e-67
1.721519 4.50661e-69
1.746835 1.030552e-70
1.772152 2.708505e-72
1.797468 9.896583e-74
1.822785 4.281263e-75
1.848101 1.784658e-76
1.873418 6.760147e-78
1.898734 2.328453e-79
1.924051 7.134161e-81
1.949367 1.818292e-82
1.974684 3.391507e-84
2 3.414515e-86
