0.7341772 1
0.7594937 1
0.7848101 1
0.8101266 1
0.835443 1
0.8607595 1
0.8860759 1
0.9113924 1
0.9367089 1
0.9620253 1
0.9873418 1
1.012658 1
1.037975 1
1.063291 0.9999998
1.088608 0.9997501
1.113924 0.974929
1.139241 0.6484969
1.164557 0.05112323
1.189873 0.001828149
1.21519 0.0004666551
1.240506 4.47568e-06
1.265823 6.984293e-08
1.291139 2.882549e-12
1.316456 1.196575e-16
1.341772 6.72231e-19
1.367089 1.788458e-23
1.392405 9.007949e-26
1.417722 6.025418e-27
1.443038 2.789308e-27
1.468354 2.324927e-27
1.493671 1.593234e-27
1.518987 8.822641e-28
1.544304 3.898919e-28
1.56962 1.372135e-28
1.594937 3.867879e-29
1.620253 8.627832e-30
1.64557 1.427398e-30
1.670886 1.515401e-31
1.696203 8.306912e-33
1.721519 2.108629e-34
1.746835 7.945814e-36
1.772152 8.852501e-37
1.797468 1.341505e-37
1.822785 1.975278e-38
1.848101 2.402591e-39
1.873418 2.456568e-40
1.898734 2.142909e-41
1.924051 1.646772e-42
1.949367 1.159743e-43
1.974684 7.548008e-45
2 4.042761e-46
