0.6075949 1
0.6329114 1
0.6582278 1
0.6835443 1
0.7088608 1
0.7341772 1
0.7594937 1
0.7848101 1
0.8101266 1
0.835443 1
0.8607595 1
0.8860759 1
0.9113924 1
0.9367089 1
0.9620253 1
0.9873418 1
1.012658 1
1.037975 1
1.063291 1
1.088608 1
1.113924 0.9999344
1.139241 0.9840065
1.164557 0.5079707
1.189873 0.1402339
1.21519 0.001049889
1.240506 2.564694e-05
1.265823 1.440341e-06
1.291139 6.269804e-09
1.316456 2.221845e-13
1.341772 4.680913e-18
1.367089 1.858229e-23
1.392405 1.15085e-25
1.417722 9.691182e-27
1.443038 4.232839e-29
1.468354 4.472089e-29
1.493671 4.785454e-29
1.518987 3.963244e-29
1.544304 2.503749e-29
1.56962 1.187041e-29
1.594937 4.168236e-30
1.620253 1.097854e-30
1.64557 2.283878e-31
1.670886 3.89296e-32
1.696203 5.341804e-33
1.721519 5.669694e-34
1.746835 4.781668e-35
1.772152 3.820692e-36
1.797468 4.100536e-37
1.822785 6.195926e-38
1.848101 9.766873e-39
1.873418 1.317954e-39
1.898734 1.49752e-40
1.924051 1.428521e-41
1.949367 1.180753e-42
1.974684 8.364667e-44
2 4.395299e-45
