0.05063291 1
0.07594937 1
0.1012658 1
0.1265823 1
0.1518987 0.9999999
0.1772152 0.999965
0.2025316 0.9964401
0.2278481 0.8894082
0.2531646 0.7707091
0.278481 0.2148943
0.3037975 0.9609947
0.3291139 0.9856504
0.3544304 0.9319618
0.3797468 0.98144
0.4050633 0.9962126
0.4303797 0.9478052
0.4556962 0.5232113
0.4810127 0.04203835
0.5063291 0.004040784
0.5316456 0.02775956
0.556962 0.05534278
0.5822785 0.02539702
0.6075949 0.004197632
0.6329114 0.00299549
0.6582278 0.01159116
0.6835443 0.02269747
0.7088608 0.005345095
0.7341772 0.0006117375
0.7594937 0.0002621753
0.7848101 0.0004434382
0.8101266 0.0001038803
0.835443 2.471292e-05
0.8607595 2.409291e-05
0.8860759 4.32378e-06
0.9113924 2.840345e-07
0.9367089 6.013308e-06
0.9620253 8.490694e-05
0.9873418 3.863912e-05
1.012658 1.725077e-06
1.037975 1.012971e-06
1.063291 9.706966e-06
1.088608 3.098927e-06
1.113924 1.94895e-07
1.139241 2.676219e-09
1.164557 2.526369e-10
1.189873 2.526369e-10
1.21519 2.526369e-10
1.240506 2.715738e-10
1.265823 7.136731e-10
1.291139 6.353353e-09
1.316456 6.12165e-08
1.341772 3.551494e-07
1.367089 4.344612e-07
1.392405 6.141883e-07
1.417722 3.509822e-06
1.443038 7.316969e-06
1.468354 2.700871e-06
1.493671 1.453511e-07
1.518987 2.466334e-07
1.544304 3.186492e-06
1.56962 1.561638e-05
1.594937 1.884029e-05
1.620253 1.775148e-05
1.64557 5.489973e-06
1.670886 5.005198e-07
1.696203 9.863866e-09
1.721519 6.383022e-10
1.746835 7.779648e-10
1.772152 7.932101e-10
1.797468 6.969758e-10
1.822785 1.229902e-09
1.848101 8.527489e-09
1.873418 6.189118e-08
1.898734 2.886719e-07
1.924051 2.699848e-07
1.949367 4.385606e-08
1.974684 9.027631e-10
2 2.354744e-10
