0.3037975 1
0.3291139 1
0.3544304 1
0.3797468 0.9999853
0.4050633 0.9965743
0.4303797 0.8942028
0.4556962 0.3534806
0.4810127 0.02279816
0.5063291 0.000785868
0.5316456 2.100486e-05
0.556962 1.847882e-06
0.5822785 1.583068e-07
0.6075949 4.872671e-09
0.6329114 1.417737e-10
0.6582278 6.50089e-12
0.6835443 4.953707e-13
0.7088608 3.416477e-14
0.7341772 3.482224e-14
0.7594937 3.92206e-12
0.7848101 8.464084e-11
0.8101266 4.762044e-10
0.835443 1.114175e-09
0.8607595 1.536377e-09
0.8860759 1.553771e-09
0.9113924 4.329644e-10
0.9367089 9.482681e-11
0.9620253 3.549204e-11
0.9873418 6.798694e-12
1.012658 3.76396e-13
1.037975 6.51694e-14
1.063291 8.474615e-15
1.088608 1.608562e-15
1.113924 5.846715e-16
1.139241 2.140459e-16
1.164557 7.211084e-17
1.189873 2.143395e-17
1.21519 5.591039e-18
1.240506 1.284046e-18
1.265823 2.615297e-19
1.291139 4.759272e-20
1.316456 7.735344e-21
1.341772 1.110943e-21
1.367089 1.400831e-22
1.392405 1.597947e-23
1.417722 1.809355e-24
1.443038 2.293215e-25
1.468354 3.443612e-26
1.493671 6.104856e-27
1.518987 1.264992e-27
1.544304 3.035267e-28
1.56962 8.192225e-29
1.594937 2.355926e-29
1.620253 6.825942e-30
1.64557 1.916138e-30
1.670886 5.096845e-31
1.696203 1.269273e-31
1.721519 2.937612e-32
1.746835 6.281369e-33
1.772152 1.233057e-33
1.797468 2.204436e-34
1.822785 3.550623e-35
1.848101 5.076694e-36
1.873418 6.313518e-37
1.898734 6.636765e-38
1.924051 5.655956e-39
1.949367 3.658937e-40
1.974684 1.59497e-41
2 3.508338e-43
