0.556962 1
0.5822785 1
0.6075949 1
0.6329114 1
0.6582278 1
0.6835443 1
0.7088608 1
0.7341772 1
0.7594937 1
0.7848101 1
0.8101266 1
0.835443 1
0.8607595 1
0.8860759 1
0.9113924 1
0.9367089 1
0.9620253 1
0.9873418 1
1.012658 1
1.037975 1
1.063291 1
1.088608 1
1.113924 0.9999954
1.139241 0.9956287
1.164557 0.7499761
1.189873 0.367959
1.21519 0.003737944
1.240506 0.0001032585
1.265823 7.415534e-07
1.291139 5.076965e-10
1.316456 4.472057e-14
1.341772 5.998457e-17
1.367089 7.530742e-23
1.392405 6.163175e-29
1.417722 4.161034e-30
1.443038 1.293602e-31
1.468354 4.512177e-39
1.493671 8.469435e-39
1.518987 1.892079e-38
1.544304 3.855629e-38
1.56962 6.510524e-38
1.594937 8.950407e-38
1.620253 9.975537e-38
1.64557 8.731234e-38
1.670886 5.611348e-38
1.696203 2.407297e-38
1.721519 6.358396e-39
1.746835 1.0583e-39
1.772152 1.158187e-40
1.797468 8.184778e-42
1.822785 3.739811e-43
1.848101 1.235143e-44
1.873418 3.285298e-46
1.898734 6.778333e-48
1.924051 1.094586e-49
1.949367 1.478956e-51
1.974684 1.739291e-53
2 1.784363e-55
