0.4303797 1
0.4556962 1
0.4810127 1
0.5063291 1
0.5316456 0.999995
0.556962 0.9995164
0.5822785 0.9868736
0.6075949 0.7952565
0.6329114 0.06592032
0.6582278 0.0008492875
0.6835443 4.779222e-05
0.7088608 5.146107e-06
0.7341772 1.495988e-07
0.7594937 2.951652e-09
0.7848101 3.872726e-11
0.8101266 6.202114e-13
0.835443 1.435398e-14
0.8607595 9.376064e-16
0.8860759 1.070937e-16
0.9113924 6.598447e-18
0.9367089 1.805103e-19
0.9620253 1.685602e-21
0.9873418 3.246018e-24
1.012658 4.602069e-28
1.037975 1.157103e-32
1.063291 6.029134e-33
1.088608 5.95346e-33
1.113924 3.922267e-33
1.139241 2.022239e-33
1.164557 9.474091e-34
1.189873 4.222235e-34
1.21519 1.792271e-34
1.240506 7.284621e-35
1.265823 2.834017e-35
1.291139 1.053967e-35
1.316456 3.722123e-36
1.341772 1.234361e-36
1.367089 3.797461e-37
1.392405 1.084319e-37
1.417722 2.846186e-38
1.443038 6.821148e-39
1.468354 1.469616e-39
1.493671 2.826894e-40
1.518987 4.756161e-41
1.544304 6.911417e-42
1.56962 8.548143e-43
1.594937 8.789746e-44
1.620253 7.290654e-45
1.64557 4.72232e-46
1.670886 2.258522e-47
1.696203 7.318503e-49
1.721519 1.403909e-50
1.746835 1.502509e-52
1.772152 1.034173e-54
1.797468 6.875364e-57
1.822785 9.225595e-59
1.848101 1.940739e-60
1.873418 3.766279e-62
1.898734 5.677108e-64
1.924051 6.004461e-66
1.949367 4.028124e-68
1.974684 1.233577e-70
2 4.536819e-74
