0.02531646 1
0.05063291 1
0.07594937 1
0.1012658 1
0.1265823 0.9999999
0.1518987 0.9999992
0.1772152 0.9999976
0.2025316 0.9999976
0.2278481 0.9999994
0.2531646 1
0.278481 1
0.3037975 1
0.3291139 0.9999998
0.3544304 0.9999988
0.3797468 0.9999963
0.4050633 0.9999958
0.4303797 0.999999
0.4556962 0.9999825
0.4810127 0.9999595
0.5063291 0.9999984
0.5316456 0.9999984
0.556962 0.9999148
0.5822785 0.9866432
0.6075949 0.738597
0.6329114 0.1222992
0.6582278 0.001269456
0.6835443 1.91473e-06
0.7088608 1.310784e-09
0.7341772 5.433992e-10
0.7594937 1.403185e-09
0.7848101 3.227441e-09
0.8101266 6.421412e-08
0.835443 2.952356e-07
0.8607595 3.279013e-07
0.8860759 1.194238e-07
0.9113924 2.485431e-08
0.9367089 5.171591e-08
0.9620253 1.487966e-07
0.9873418 6.271142e-08
1.012658 5.186353e-10
1.037975 2.914478e-10
1.063291 3.087191e-10
1.088608 1.12291e-11
1.113924 1.581328e-16
1.139241 4.824447e-17
1.164557 1.054576e-18
1.189873 6.297813e-20
1.21519 1.031967e-20
1.240506 1.471604e-21
1.265823 1.695531e-22
1.291139 1.605741e-23
1.316456 1.354727e-24
1.341772 1.237516e-25
1.367089 1.589511e-26
1.392405 3.023349e-27
1.417722 7.06856e-28
1.443038 1.746139e-28
1.468354 4.401779e-29
1.493671 1.163894e-29
1.518987 3.289874e-30
1.544304 9.65005e-31
1.56962 2.777163e-31
1.594937 7.56255e-32
1.620253 1.956228e-32
1.64557 4.872288e-33
1.670886 1.177246e-33
1.696203 2.774338e-34
1.721519 6.400598e-35
1.746835 1.456229e-35
1.772152 3.300661e-36
1.797468 7.444775e-37
1.822785 1.664363e-37
1.848101 3.650384e-38
1.873418 7.794335e-39
1.898734 1.614356e-39
1.924051 3.185724e-40
1.949367 5.77486e-41
1.974684 8.761376e-42
2 8.399348e-43
