0.02531646 0.9999403
0.05063291 1
0.07594937 1
0.1012658 1
0.1265823 0.9999999
0.1518987 0.9999952
0.1772152 0.9999249
0.2025316 0.999753
0.2278481 0.9997424
0.2531646 0.9988444
0.278481 0.9817683
0.3037975 0.9942061
0.3291139 0.9974988
0.3544304 0.9992828
0.3797468 0.9998149
0.4050633 0.9999999
0.4303797 1
0.4556962 1
0.4810127 1
0.5063291 1
0.5316456 0.9999703
0.556962 0.9977471
0.5822785 0.9670191
0.6075949 0.1828343
0.6329114 0.1817936
0.6582278 0.008093269
0.6835443 0.0001263366
0.7088608 1.121209e-05
0.7341772 1.092837e-05
0.7594937 2.446784e-06
0.7848101 9.871607e-07
0.8101266 9.157663e-07
0.835443 7.085406e-08
0.8607595 2.23945e-10
0.8860759 5.989423e-13
0.9113924 2.256829e-15
0.9367089 1.170803e-16
0.9620253 6.071649e-17
0.9873418 2.666534e-17
1.012658 8.973169e-18
1.037975 2.35783e-18
1.063291 4.914524e-19
1.088608 8.265249e-20
1.113924 1.14185e-20
1.139241 1.326502e-21
1.164557 1.384655e-22
1.189873 1.875644e-23
1.21519 7.632107e-24
1.240506 6.21252e-24
1.265823 5.438313e-24
1.291139 4.481423e-24
1.316456 3.353453e-24
1.341772 2.233644e-24
1.367089 1.31199e-24
1.392405 6.830186e-25
1.417722 3.19389e-25
1.443038 1.35792e-25
1.468354 5.312964e-26
1.493671 1.944702e-26
1.518987 6.795385e-27
1.544304 2.310499e-27
1.56962 7.745819e-28
1.594937 2.575064e-28
1.620253 8.486377e-29
1.64557 2.762854e-29
1.670886 8.850834e-30
1.696203 2.781908e-30
1.721519 8.564952e-31
1.746835 2.580726e-31
1.772152 7.603927e-32
1.797468 2.188316e-32
1.822785 6.141827e-33
1.848101 1.678721e-33
1.873418 4.470579e-34
1.898734 1.165772e-34
1.924051 3.016311e-35
1.949367 7.963541e-36
1.974684 2.235059e-36
2 6.684947e-37
