0.02531646 1
0.05063291 0.9999993
0.07594937 0.9999994
0.1012658 0.9999784
0.1265823 0.9948922
0.1518987 0.9504015
0.1772152 0.8661441
0.2025316 0.9902103
0.2278481 0.9997716
0.2531646 0.9997716
0.278481 0.9993955
0.3037975 0.9983966
0.3291139 0.9996078
0.3544304 0.9920553
0.3797468 0.9225654
0.4050633 0.8377264
0.4303797 0.9625833
0.4556962 0.8378712
0.4810127 0.6910508
0.5063291 0.6751581
0.5316456 0.6871284
0.556962 0.7022288
0.5822785 0.1406211
0.6075949 0.002867749
0.6329114 7.273243e-05
0.6582278 1.523856e-05
0.6835443 4.575809e-06
0.7088608 3.634631e-06
0.7341772 1.992926e-06
0.7594937 1.077928e-06
0.7848101 2.487494e-06
0.8101266 7.590666e-06
0.835443 3.05471e-05
0.8607595 7.186479e-05
0.8860759 5.337681e-05
0.9113924 3.36958e-05
0.9367089 4.771641e-06
0.9620253 1.319812e-06
0.9873418 5.903355e-07
1.012658 1.939831e-07
1.037975 9.82568e-08
1.063291 3.853765e-08
1.088608 7.974963e-09
1.113924 5.118752e-09
1.139241 5.118752e-09
1.164557 5.118752e-09
1.189873 5.118752e-09
1.21519 5.118752e-09
1.240506 5.118752e-09
1.265823 5.421683e-09
1.291139 8.232335e-09
1.316456 5.175017e-09
1.341772 5.117267e-09
1.367089 5.117268e-09
1.392405 1.800113e-08
1.417722 8.750874e-07
1.443038 9.958678e-06
1.468354 3.2456e-05
1.493671 0.0001021468
1.518987 0.0001709015
1.544304 0.0001644176
1.56962 6.257025e-05
1.594937 2.085956e-05
1.620253 2.307308e-06
1.64557 2.443422e-06
1.670886 3.616537e-06
1.696203 3.772236e-06
1.721519 1.972538e-05
1.746835 2.135802e-05
1.772152 1.541836e-05
1.797468 1.80605e-05
1.822785 1.80605e-05
1.848101 1.111507e-05
1.873418 2.695572e-06
1.898734 6.225944e-07
1.924051 7.419254e-07
1.949367 4.563455e-07
1.974684 1.81196e-07
2 2.799641e-08
