0.6075949 1
0.6329114 1
0.6582278 1
0.6835443 1
0.7088608 1
0.7341772 1
0.7594937 1
0.7848101 1
0.8101266 1
0.835443 1
0.8607595 1
0.8860759 1
0.9113924 1
0.9367089 1
0.9620253 1
0.9873418 1
1.012658 1
1.037975 1
1.063291 1
1.088608 0.9999991
1.113924 0.9988719
1.139241 0.9144573
1.164557 0.3196269
1.189873 0.02272021
1.21519 9.934914e-05
1.240506 1.383431e-05
1.265823 1.320565e-06
1.291139 9.504662e-11
1.316456 5.832415e-16
1.341772 1.853108e-18
1.367089 1.304805e-23
1.392405 1.318174e-25
1.417722 7.288212e-27
1.443038 5.271253e-28
1.468354 5.348198e-28
1.493671 4.392324e-28
1.518987 2.848108e-28
1.544304 1.434705e-28
1.56962 5.563884e-29
1.594937 1.673713e-29
1.620253 3.999631e-30
1.64557 7.660795e-31
1.670886 1.118861e-31
1.696203 1.128245e-32
1.721519 7.317755e-34
1.746835 3.62797e-35
1.772152 2.957295e-36
1.797468 4.005482e-37
1.822785 6.011553e-38
1.848101 8.822502e-39
1.873418 1.141053e-39
1.898734 1.274343e-40
1.924051 1.245801e-41
1.949367 1.072537e-42
1.974684 8.258324e-44
2 4.927532e-45
