0.4050633 1
0.4303797 1
0.4556962 1
0.4810127 1
0.5063291 1
0.5316456 1
0.556962 1
0.5822785 1
0.6075949 1
0.6329114 1
0.6582278 1
0.6835443 1
0.7088608 1
0.7341772 1
0.7594937 1
0.7848101 1
0.8101266 1
0.835443 1
0.8607595 1
0.8860759 1
0.9113924 1
0.9367089 1
0.9620253 1
0.9873418 1
1.012658 1
1.037975 1
1.063291 1
1.088608 1
1.113924 0.999999
1.139241 0.9997969
1.164557 0.9896895
1.189873 0.8081486
1.21519 0.1751089
1.240506 0.008412487
1.265823 0.000112047
1.291139 3.120887e-07
1.316456 8.644262e-11
1.341772 1.166355e-15
1.367089 5.583932e-23
1.392405 2.704658e-71
1.417722 1.822229e-74
1.443038 2.022358e-74
1.468354 5.525528e-74
1.493671 1.061959e-73
1.518987 1.475862e-73
1.544304 1.52139e-73
1.56962 1.201761e-73
1.594937 5.284916e-74
1.620253 1.15423e-74
1.64557 9.99417e-76
1.670886 1.890571e-77
1.696203 3.558121e-80
1.721519 3.294764e-83
1.746835 2.555161e-86
1.772152 1.522338e-89
1.797468 5.902086e-93
1.822785 2.646848e-96
1.848101 1.107978e-99
1.873418 3.627277e-103
1.898734 4.876579e-107
1.924051 1.241525e-111
1.949367 3.935359e-117
1.974684 3.884422e-125
2 1.718583e-139
