0.5063291 1
0.5316456 1
0.556962 1
0.5822785 1
0.6075949 1
0.6329114 1
0.6582278 1
0.6835443 1
0.7088608 1
0.7341772 1
0.7594937 1
0.7848101 1
0.8101266 1
0.835443 1
0.8607595 1
0.8860759 1
0.9113924 1
0.9367089 1
0.9620253 1
0.9873418 1
1.012658 1
1.037975 1
1.063291 1
1.088608 1
1.113924 0.9999992
1.139241 0.9994841
1.164557 0.9557928
1.189873 0.5610808
1.21519 0.02712809
1.240506 0.001093794
1.265823 9.854154e-06
1.291139 1.561331e-08
1.316456 2.808454e-12
1.341772 8.399229e-17
1.367089 2.96273e-24
1.392405 1.20863e-35
1.417722 2.982304e-38
1.443038 2.582939e-39
1.468354 3.09246e-47
1.493671 6.429048e-47
1.518987 1.107186e-46
1.544304 1.532604e-46
1.56962 1.633273e-46
1.594937 1.274795e-46
1.620253 6.837415e-47
1.64557 2.297603e-47
1.670886 4.267611e-48
1.696203 3.860109e-49
1.721519 1.632815e-50
1.746835 4.553905e-52
1.772152 2.082854e-53
1.797468 1.224144e-54
1.822785 4.780538e-56
1.848101 1.077701e-57
1.873418 1.447284e-59
1.898734 1.185777e-61
1.924051 6.156756e-64
1.949367 2.113636e-66
1.974684 5.081371e-69
2 8.788426e-72
