0.07594937 1
0.1012658 1
0.1265823 1
0.1518987 1
0.1772152 0.9999964
0.2025316 0.9989703
0.2278481 0.9503177
0.2531646 0.5424934
0.278481 0.1003291
0.3037975 0.7773232
0.3291139 0.991155
0.3544304 0.9725437
0.3797468 0.7907979
0.4050633 0.3560313
0.4303797 0.1600611
0.4556962 0.2756189
0.4810127 0.2809325
0.5063291 0.2359772
0.5316456 0.07057741
0.556962 0.01675216
0.5822785 0.016297
0.6075949 0.03901338
0.6329114 0.03987771
0.6582278 0.02843972
0.6835443 0.005044244
0.7088608 0.002023999
0.7341772 0.01697357
0.7594937 0.01253749
0.7848101 0.001112453
0.8101266 0.0003803417
0.835443 0.001704604
0.8607595 0.001806436
0.8860759 0.00123959
0.9113924 0.0008047977
0.9367089 0.0005684907
0.9620253 0.0003599432
0.9873418 7.168897e-05
1.012658 2.546379e-05
1.037975 7.883041e-05
1.063291 0.0001243083
1.088608 6.753267e-05
1.113924 1.052201e-05
1.139241 3.057588e-07
1.164557 3.955499e-09
1.189873 8.519593e-10
1.21519 2.068602e-09
1.240506 2.741769e-08
1.265823 6.189569e-07
1.291139 3.774778e-06
1.316456 4.664738e-06
1.341772 3.108944e-06
1.367089 5.019983e-07
1.392405 6.774704e-07
1.417722 7.21645e-06
1.443038 8.010428e-05
1.468354 8.770259e-05
1.493671 3.344534e-05
1.518987 2.076343e-06
1.544304 2.498823e-06
1.56962 5.873427e-05
1.594937 5.519522e-05
1.620253 1.434358e-05
1.64557 7.051176e-07
1.670886 4.182404e-09
1.696203 1.218518e-09
1.721519 1.274642e-09
1.746835 1.332087e-09
1.772152 1.230536e-09
1.797468 9.104094e-10
1.822785 4.96725e-10
1.848101 1.536031e-10
1.873418 1.625009e-11
1.898734 2.582099e-13
1.924051 1.871077e-15
1.949367 4.045529e-15
1.974684 2.358159e-14
2 5.242103e-14
