0.556962 1
0.5822785 1
0.6075949 1
0.6329114 1
0.6582278 1
0.6835443 1
0.7088608 1
0.7341772 1
0.7594937 1
0.7848101 1
0.8101266 1
0.835443 1
0.8607595 1
0.8860759 1
0.9113924 1
0.9367089 1
0.9620253 1
0.9873418 1
1.012658 1
1.037975 1
1.063291 1
1.088608 1
1.113924 0.9999967
1.139241 0.997691
1.164557 0.8936035
1.189873 0.3099368
1.21519 0.009280772
1.240506 0.0002118614
1.265823 1.354565e-06
1.291139 1.140081e-09
1.316456 3.565775e-14
1.341772 3.093877e-17
1.367089 7.526411e-23
1.392405 1.737379e-30
1.417722 1.814774e-32
1.443038 1.223648e-33
1.468354 2.221874e-41
1.493671 2.50148e-41
1.518987 2.562067e-41
1.544304 2.183005e-41
1.56962 1.396046e-41
1.594937 6.148657e-42
1.620253 1.947317e-42
1.64557 8.511005e-43
1.670886 7.090565e-43
1.696203 5.541494e-43
1.721519 3.210203e-43
1.746835 1.294353e-43
1.772152 3.324773e-44
1.797468 4.46839e-45
1.822785 2.661898e-46
1.848101 8.04338e-48
1.873418 1.41463e-49
1.898734 1.591553e-51
1.924051 1.298524e-53
1.949367 8.374642e-56
1.974684 4.43944e-58
2 2.057376e-60
