0.6075949 1
0.6329114 1
0.6582278 1
0.6835443 1
0.7088608 1
0.7341772 1
0.7594937 1
0.7848101 1
0.8101266 1
0.835443 1
0.8607595 1
0.8860759 1
0.9113924 1
0.9367089 1
0.9620253 1
0.9873418 1
1.012658 1
1.037975 1
1.063291 1
1.088608 0.9999997
1.113924 0.9996922
1.139241 0.9663009
1.164557 0.5700697
1.189873 0.02518398
1.21519 0.01874411
1.240506 3.546088e-05
1.265823 3.443201e-06
1.291139 1.256938e-08
1.316456 7.445621e-14
1.341772 3.190582e-18
1.367089 1.71949e-23
1.392405 1.341269e-25
1.417722 9.441806e-27
1.443038 1.068064e-28
1.468354 1.218724e-28
1.493671 1.180839e-28
1.518987 8.905162e-29
1.544304 5.144853e-29
1.56962 2.24393e-29
1.594937 7.352337e-30
1.620253 1.851814e-30
1.64557 3.750024e-31
1.670886 6.151972e-32
1.696203 7.79183e-33
1.721519 7.23295e-34
1.746835 5.154919e-35
1.772152 3.978688e-36
1.797468 5.032509e-37
1.822785 8.161882e-38
1.848101 1.259754e-38
1.873418 1.693554e-39
1.898734 1.961879e-40
1.924051 1.955478e-41
1.949367 1.707791e-42
1.974684 1.29562e-43
2 7.355071e-45
