0.6075949 1
0.6329114 1
0.6582278 1
0.6835443 1
0.7088608 1
0.7341772 1
0.7594937 1
0.7848101 1
0.8101266 1
0.835443 1
0.8607595 1
0.8860759 1
0.9113924 1
0.9367089 1
0.9620253 1
0.9873418 1
1.012658 1
1.037975 1
1.063291 1
1.088608 0.9999833
1.113924 0.9941681
1.139241 0.8250005
1.164557 0.2002616
1.189873 0.008331896
1.21519 0.0002366801
1.240506 1.002644e-06
1.265823 3.807334e-08
1.291139 2.941584e-11
1.316456 2.919575e-16
1.341772 1.145936e-18
1.367089 1.315118e-23
1.392405 1.14606e-25
1.417722 6.114483e-27
1.443038 1.263529e-27
1.468354 1.160354e-27
1.493671 8.671699e-28
1.518987 5.172337e-28
1.544304 2.426496e-28
1.56962 8.908926e-29
1.594937 2.585797e-29
1.620253 6.000029e-30
1.64557 1.086452e-30
1.670886 1.402086e-31
1.696203 1.114992e-32
1.721519 4.971797e-34
1.746835 1.93635e-35
1.772152 1.827241e-36
1.797468 2.504117e-37
1.822785 3.775817e-38
1.848101 5.217838e-39
1.873418 6.166268e-40
1.898734 6.324363e-41
1.924051 5.626404e-42
1.949367 4.489719e-43
1.974684 3.272438e-44
2 1.895003e-45
