0.5316456 1
0.556962 1
0.5822785 1
0.6075949 1
0.6329114 0.9999956
0.6582278 0.9979852
0.6835443 0.8954775
0.7088608 0.2561148
0.7341772 0.02094972
0.7594937 0.002540864
0.7848101 0.0001317549
0.8101266 2.264861e-06
0.835443 3.33915e-08
0.8607595 4.438622e-10
0.8860759 4.940654e-12
0.9113924 5.588449e-14
0.9367089 1.204961e-15
0.9620253 8.5675e-17
0.9873418 2.408559e-18
1.012658 1.764733e-20
1.037975 1.450944e-23
1.063291 2.602003e-28
1.088608 3.464e-33
1.113924 2.029636e-36
1.139241 2.058387e-38
1.164557 3.68808e-40
1.189873 6.271158e-42
1.21519 8.067387e-44
1.240506 7.087364e-46
1.265823 5.291666e-48
1.291139 1.418632e-49
1.316456 9.583131e-51
1.341772 5.953888e-52
1.367089 3.151036e-53
1.392405 1.429688e-54
1.417722 5.757011e-56
1.443038 2.189868e-57
1.468354 8.406915e-59
1.493671 3.293985e-60
1.518987 1.265834e-61
1.544304 4.651159e-63
1.56962 1.684423e-64
1.594937 6.484626e-66
1.620253 2.788626e-67
1.64557 1.302122e-68
1.670886 6.230524e-70
1.696203 2.968588e-71
1.721519 1.409209e-72
1.746835 6.708586e-74
1.772152 3.185208e-75
1.797468 1.488083e-76
1.822785 6.765268e-78
1.848101 2.97262e-79
1.873418 1.244789e-80
1.898734 4.842001e-82
1.924051 1.673723e-83
1.949367 4.772506e-85
1.974684 9.833331e-87
2 1.081425e-88
