0.4556962 1
0.4810127 1
0.5063291 1
0.5316456 1
0.556962 1
0.5822785 1
0.6075949 1
0.6329114 1
0.6582278 1
0.6835443 1
0.7088608 1
0.7341772 1
0.7594937 1
0.7848101 1
0.8101266 1
0.835443 1
0.8607595 1
0.8860759 1
0.9113924 1
0.9367089 1
0.9620253 1
0.9873418 1
1.012658 1
1.037975 1
1.063291 1
1.088608 1
1.113924 0.9999991
1.139241 0.9997512
1.164557 0.9813397
1.189873 0.7123842
1.21519 0.07297301
1.240506 0.003184449
1.265823 3.317516e-05
1.291139 6.300654e-08
1.316456 1.545394e-11
1.341772 4.100406e-16
1.367089 2.116113e-23
1.392405 6.491284e-42
1.417722 2.458044e-43
1.443038 3.975044e-44
1.468354 3.97713e-52
1.493671 1.613089e-51
1.518987 5.055764e-51
1.544304 1.189218e-50
1.56962 2.038878e-50
1.594937 2.47218e-50
1.620253 2.049714e-50
1.64557 1.10962e-50
1.670886 3.638273e-51
1.696203 6.517006e-52
1.721519 6.057617e-53
1.746835 2.915923e-54
1.772152 9.354747e-56
1.797468 3.443691e-57
1.822785 1.616101e-58
1.848101 7.056497e-60
1.873418 2.565876e-61
1.898734 7.631579e-63
1.924051 1.829223e-64
1.949367 3.52754e-66
1.974684 5.465992e-68
2 5.908981e-70
