0.5822785 1
0.6075949 1
0.6329114 1
0.6582278 1
0.6835443 0.9999996
0.7088608 0.9997384
0.7341772 0.9778456
0.7594937 0.6822857
0.7848101 0.07662122
0.8101266 0.002120133
0.835443 9.064904e-05
0.8607595 2.777892e-06
0.8860759 4.496096e-08
0.9113924 3.624556e-10
0.9367089 1.615814e-12
0.9620253 1.214359e-14
0.9873418 4.309471e-16
1.012658 1.822866e-17
1.037975 2.42186e-19
1.063291 3.689434e-22
1.088608 7.512212e-27
1.113924 8.494842e-31
1.139241 1.316064e-32
1.164557 5.968849e-34
1.189873 3.195188e-35
1.21519 1.48993e-36
1.240506 5.349127e-38
1.265823 1.513773e-39
1.291139 2.893849e-41
1.316456 3.688744e-43
1.341772 2.156076e-45
1.367089 1.436907e-48
1.392405 1.336841e-52
1.417722 4.140202e-54
1.443038 2.442271e-55
1.468354 1.781294e-56
1.493671 1.28137e-57
1.518987 8.309049e-59
1.544304 4.685554e-60
1.56962 2.259228e-61
1.594937 9.259064e-63
1.620253 3.261637e-64
1.64557 1.034924e-65
1.670886 3.316034e-67
1.696203 1.225575e-68
1.721519 5.183584e-70
1.746835 2.195453e-71
1.772152 8.401592e-73
1.797468 2.79124e-74
1.822785 8.12655e-76
1.848101 2.217147e-77
1.873418 6.224318e-79
1.898734 1.800602e-80
1.924051 4.971255e-82
1.949367 1.198833e-83
1.974684 2.189908e-85
2 2.206166e-87
