0.6075949 1
0.6329114 1
0.6582278 1
0.6835443 1
0.7088608 1
0.7341772 1
0.7594937 0.9999831
0.7848101 0.996314
0.8101266 0.8838893
0.835443 0.3067413
0.8607595 0.009251304
0.8860759 0.0003341918
0.9113924 9.35627e-06
0.9367089 1.204582e-07
0.9620253 9.56938e-10
0.9873418 2.910123e-12
1.012658 1.291563e-14
1.037975 6.282059e-16
1.063291 8.249726e-17
1.088608 6.338596e-18
1.113924 1.439429e-19
1.139241 9.132996e-22
1.164557 7.591713e-24
1.189873 2.339503e-25
1.21519 1.382542e-26
1.240506 6.889391e-28
1.265823 3.146482e-29
1.291139 7.637772e-31
1.316456 1.210667e-32
1.341772 6.045287e-35
1.367089 5.070574e-38
1.392405 7.963142e-41
1.417722 3.4157e-42
1.443038 2.053252e-43
1.468354 1.553941e-44
1.493671 1.238889e-45
1.518987 8.365631e-47
1.544304 4.543573e-48
1.56962 1.900536e-49
1.594937 5.626911e-51
1.620253 1.248512e-52
1.64557 1.782342e-54
1.670886 1.769927e-56
1.696203 1.029257e-58
1.721519 3.655927e-61
1.746835 7.296128e-64
1.772152 1.18207e-66
1.797468 4.180311e-69
1.822785 8.655573e-71
1.848101 3.433147e-72
1.873418 1.36344e-73
1.898734 4.655674e-75
1.924051 1.311559e-76
1.949367 2.874045e-78
1.974684 4.360277e-80
2 3.449505e-82
