0.05063291 0.9999999
0.07594937 1
0.1012658 0.999999
0.1265823 0.9996162
0.1518987 0.9838448
0.1772152 0.9886398
0.2025316 0.9996473
0.2278481 0.9806835
0.2531646 0.8985639
0.278481 0.9651183
0.3037975 0.844253
0.3291139 0.871752
0.3544304 0.979122
0.3797468 0.9788299
0.4050633 0.9868689
0.4303797 0.9957642
0.4556962 0.9960613
0.4810127 0.9960616
0.5063291 0.9943676
0.5316456 0.9617257
0.556962 0.5706779
0.5822785 0.08779102
0.6075949 0.002855974
0.6329114 0.0003908033
0.6582278 0.00351358
0.6835443 0.01790414
0.7088608 0.005346375
0.7341772 0.002622353
0.7594937 0.002451005
0.7848101 0.001441192
0.8101266 0.0002992495
0.835443 8.0209e-05
0.8607595 3.9561e-05
0.8860759 0.0001134692
0.9113924 0.0002176738
0.9367089 0.0001734869
0.9620253 9.588293e-05
0.9873418 2.142432e-05
1.012658 3.514574e-06
1.037975 7.370706e-06
1.063291 6.160228e-05
1.088608 0.0002196494
1.113924 0.0001742924
1.139241 2.181979e-05
1.164557 4.192755e-07
1.189873 2.506849e-07
1.21519 7.146091e-08
1.240506 2.869258e-08
1.265823 3.539491e-09
1.291139 5.429822e-10
1.316456 1.71429e-09
1.341772 2.046221e-08
1.367089 4.60618e-08
1.392405 1.046691e-07
1.417722 3.357496e-07
1.443038 1.851788e-07
1.468354 4.916959e-08
1.493671 9.130206e-09
1.518987 2.835488e-09
1.544304 5.183935e-09
1.56962 2.922594e-08
1.594937 3.327331e-07
1.620253 4.344867e-06
1.64557 2.485273e-05
1.670886 4.199736e-05
1.696203 3.156074e-05
1.721519 7.800767e-06
1.746835 2.910631e-07
1.772152 7.418036e-10
1.797468 7.795528e-11
1.822785 8.641125e-11
1.848101 6.634084e-11
1.873418 2.049548e-11
1.898734 7.729275e-12
1.924051 5.861408e-12
1.949367 8.829906e-12
1.974684 6.500827e-11
2 4.546614e-10
