0.5822785 1
0.6075949 1
0.6329114 1
0.6582278 1
0.6835443 1
0.7088608 1
0.7341772 1
0.7594937 1
0.7848101 1
0.8101266 1
0.835443 1
0.8607595 1
0.8860759 1
0.9113924 1
0.9367089 1
0.9620253 1
0.9873418 1
1.012658 1
1.037975 1
1.063291 1
1.088608 1
1.113924 0.9999914
1.139241 0.9958946
1.164557 0.8646983
1.189873 0.2559924
1.21519 0.006666868
1.240506 0.0001603069
1.265823 8.94277e-07
1.291139 5.314661e-10
1.316456 5.395412e-14
1.341772 6.267463e-17
1.367089 6.959987e-23
1.392405 9.607003e-29
1.417722 8.305003e-30
1.443038 2.226535e-31
1.468354 1.427127e-38
1.493671 3.528741e-38
1.518987 8.592991e-38
1.544304 1.737727e-37
1.56962 2.815745e-37
1.594937 3.672278e-37
1.620253 3.855757e-37
1.64557 3.142107e-37
1.670886 1.844917e-37
1.696203 7.094823e-38
1.721519 1.663852e-38
1.746835 2.488449e-39
1.772152 2.533258e-40
1.797468 1.745486e-41
1.822785 8.130443e-43
1.848101 2.848348e-44
1.873418 8.229029e-46
1.898734 1.850597e-47
1.924051 3.270871e-49
1.949367 4.839628e-51
1.974684 6.235416e-53
2 6.97293e-55
