0.07594937 1
0.1012658 1
0.1265823 1
0.1518987 1
0.1772152 0.9999913
0.2025316 0.9982052
0.2278481 0.9416684
0.2531646 0.5488009
0.278481 0.1003291
0.3037975 0.8513045
0.3291139 0.9926843
0.3544304 0.9855864
0.3797468 0.8751039
0.4050633 0.5737883
0.4303797 0.2287313
0.4556962 0.177514
0.4810127 0.2488099
0.5063291 0.1883304
0.5316456 0.06874876
0.556962 0.016297
0.5822785 0.016297
0.6075949 0.03981443
0.6329114 0.03987771
0.6582278 0.02175179
0.6835443 0.003548385
0.7088608 0.002011916
0.7341772 0.01432871
0.7594937 0.01762765
0.7848101 0.002037893
0.8101266 0.0001009786
0.835443 0.0002060362
0.8607595 0.000266834
0.8860759 0.0004883305
0.9113924 0.0004517135
0.9367089 0.0003975272
0.9620253 0.0003946559
0.9873418 0.0001619014
1.012658 1.650349e-05
1.037975 4.432572e-06
1.063291 1.70576e-05
1.088608 2.933233e-05
1.113924 1.115844e-05
1.139241 1.048593e-06
1.164557 1.622758e-08
1.189873 8.519593e-10
1.21519 3.754567e-09
1.240506 7.208201e-08
1.265823 5.897412e-07
1.291139 7.503118e-07
1.316456 2.650832e-07
1.341772 1.205173e-07
1.367089 3.214805e-07
1.392405 3.103863e-06
1.417722 6.686389e-05
1.443038 0.0002481262
1.468354 0.0001706362
1.493671 2.980639e-05
1.518987 9.161579e-07
1.544304 1.385832e-05
1.56962 6.422325e-05
1.594937 3.885428e-05
1.620253 6.276397e-06
1.64557 1.673102e-07
1.670886 1.39627e-09
1.696203 1.218518e-09
1.721519 1.467411e-09
1.746835 2.242524e-09
1.772152 2.403922e-09
1.797468 1.718646e-09
1.822785 7.661579e-10
1.848101 2.873352e-10
1.873418 5.453361e-11
1.898734 2.015911e-12
1.924051 7.533817e-15
1.949367 5.510147e-15
1.974684 4.489299e-14
2 1.221329e-13
