0.6075949 1
0.6329114 1
0.6582278 1
0.6835443 1
0.7088608 1
0.7341772 0.9999974
0.7594937 0.9989304
0.7848101 0.9440241
0.8101266 0.494773
0.835443 0.02970667
0.8607595 0.0008671823
0.8860759 2.633016e-05
0.9113924 6.098249e-07
0.9367089 5.731357e-09
0.9620253 2.860255e-11
0.9873418 9.752652e-14
1.012658 1.209126e-15
1.037975 1.035066e-16
1.063291 4.95574e-18
1.088608 6.249597e-20
1.113924 6.326793e-23
1.139241 1.198194e-26
1.164557 5.86333e-29
1.189873 4.822337e-30
1.21519 4.697587e-31
1.240506 3.603377e-32
1.265823 2.34306e-33
1.291139 1.075327e-34
1.316456 3.393262e-36
1.341772 5.356624e-38
1.367089 1.625742e-40
1.392405 9.223417e-44
1.417722 3.469603e-45
1.443038 1.586618e-46
1.468354 8.551932e-48
1.493671 4.619923e-49
1.518987 1.970624e-50
1.544304 6.750919e-52
1.56962 1.689567e-53
1.594937 3.081462e-55
1.620253 3.862741e-57
1.64557 3.173143e-59
1.670886 1.666507e-61
1.696203 5.406586e-64
1.721519 2.298219e-66
1.746835 6.662244e-68
1.772152 2.760606e-69
1.797468 9.568832e-71
1.822785 2.653964e-72
1.848101 5.914619e-74
1.873418 1.144459e-75
1.898734 2.231617e-77
1.924051 4.41827e-79
1.949367 7.786108e-81
1.974684 1.046247e-82
2 7.910817e-85
