0.4810127 1
0.5063291 1
0.5316456 1
0.556962 1
0.5822785 1
0.6075949 1
0.6329114 1
0.6582278 1
0.6835443 1
0.7088608 1
0.7341772 1
0.7594937 1
0.7848101 1
0.8101266 1
0.835443 1
0.8607595 1
0.8860759 1
0.9113924 1
0.9367089 1
0.9620253 1
0.9873418 1
1.012658 1
1.037975 1
1.063291 1
1.088608 1
1.113924 0.9999993
1.139241 0.9997166
1.164557 0.9749581
1.189873 0.6034142
1.21519 0.05598061
1.240506 0.001602203
1.265823 1.573762e-05
1.291139 3.075225e-08
1.316456 7.785192e-12
1.341772 2.067419e-16
1.367089 6.096064e-24
1.392405 7.033783e-38
1.417722 3.953062e-40
1.443038 4.104913e-41
1.468354 3.471187e-49
1.493671 9.352202e-49
1.518987 2.022209e-48
1.544304 3.420913e-48
1.56962 4.376379e-48
1.594937 4.072441e-48
1.620253 2.628224e-48
1.64557 1.096615e-48
1.670886 2.663873e-49
1.696203 3.367083e-50
1.721519 2.077403e-51
1.746835 7.155843e-53
1.772152 2.5732e-54
1.797468 1.434028e-55
1.822785 7.126124e-57
1.848101 2.432227e-58
1.873418 5.673593e-60
1.898734 9.388522e-62
1.924051 1.110146e-63
1.949367 9.499075e-66
1.974684 6.095409e-68
2 2.82156e-70
