0.278481 1
0.3037975 1
0.3291139 0.999998
0.3544304 0.9996592
0.3797468 0.991149
0.4050633 0.8893059
0.4303797 0.1231109
0.4556962 0.002815183
0.4810127 0.0004891114
0.5063291 2.936092e-05
0.5316456 5.868453e-07
0.556962 3.435178e-08
0.5822785 9.710848e-10
0.6075949 3.673776e-11
0.6329114 2.524823e-12
0.6582278 2.623227e-13
0.6835443 2.509173e-13
0.7088608 5.54963e-11
0.7341772 2.673684e-09
0.7594937 2.096168e-08
0.7848101 4.121924e-08
0.8101266 3.638338e-08
0.835443 1.475637e-08
0.8607595 2.615603e-09
0.8860759 1.598529e-09
0.9113924 5.081667e-10
0.9367089 2.38818e-11
0.9620253 6.468462e-12
0.9873418 8.393723e-13
1.012658 1.176793e-14
1.037975 1.128355e-15
1.063291 4.072219e-16
1.088608 1.802972e-16
1.113924 8.128454e-17
1.139241 3.66967e-17
1.164557 1.605558e-17
1.189873 6.599729e-18
1.21519 2.488431e-18
1.240506 8.46846e-19
1.265823 2.581933e-19
1.291139 7.062361e-20
1.316456 1.747203e-20
1.341772 3.944613e-21
1.367089 8.157763e-22
1.392405 1.557995e-22
1.417722 2.926746e-23
1.443038 6.590028e-24
1.468354 2.143263e-24
1.493671 8.877816e-25
1.518987 3.858616e-25
1.544304 1.634859e-25
1.56962 6.646288e-26
1.594937 2.584906e-26
1.620253 9.604931e-27
1.64557 3.403362e-27
1.670886 1.146344e-27
1.696203 3.652653e-28
1.721519 1.093628e-28
1.746835 3.05055e-29
1.772152 7.846056e-30
1.797468 1.838432e-30
1.822785 3.869235e-31
1.848101 7.189491e-32
1.873418 1.153055e-32
1.898734 1.545964e-33
1.924051 1.653497e-34
1.949367 1.31577e-35
1.974684 6.894113e-37
2 1.776083e-38
