0.02531646 0.9992633
0.05063291 0.9999999
0.07594937 0.9999999
0.1012658 1
0.1265823 1
0.1518987 1
0.1772152 1
0.2025316 1
0.2278481 1
0.2531646 1
0.278481 1
0.3037975 1
0.3291139 1
0.3544304 1
0.3797468 1
0.4050633 1
0.4303797 1
0.4556962 1
0.4810127 1
0.5063291 1
0.5316456 0.9999964
0.556962 0.999682
0.5822785 0.9809893
0.6075949 0.7307296
0.6329114 0.09387086
0.6582278 0.01064358
0.6835443 0.0004855521
0.7088608 2.617805e-05
0.7341772 2.364446e-06
0.7594937 3.190757e-07
0.7848101 1.351157e-07
0.8101266 1.286883e-07
0.835443 3.015774e-08
0.8607595 6.434292e-09
0.8860759 5.928668e-09
0.9113924 1.030272e-09
0.9367089 1.555858e-11
0.9620253 2.121962e-14
0.9873418 7.867341e-17
1.012658 2.092513e-17
1.037975 1.067094e-17
1.063291 5.963505e-18
1.088608 3.243235e-18
1.113924 1.532659e-18
1.139241 6.074389e-19
1.164557 2.003088e-19
1.189873 5.488002e-20
1.21519 1.248036e-20
1.240506 2.351765e-21
1.265823 3.666143e-22
1.291139 4.740573e-23
1.316456 5.221697e-24
1.341772 5.705014e-25
1.367089 1.041563e-25
1.392405 4.132539e-26
1.417722 2.127668e-26
1.443038 1.085133e-26
1.468354 5.157841e-27
1.493671 2.251318e-27
1.518987 8.967217e-28
1.544304 3.211004e-28
1.56962 1.019046e-28
1.594937 2.827544e-29
1.620253 6.699992e-30
1.64557 1.321177e-30
1.670886 2.134395e-31
1.696203 2.864694e-32
1.721519 3.615878e-33
1.746835 5.716371e-34
1.772152 1.297974e-34
1.797468 3.414803e-35
1.822785 8.994514e-36
1.848101 2.349977e-36
1.873418 6.204323e-37
1.898734 1.676164e-37
1.924051 4.468584e-38
1.949367 1.060657e-38
1.974684 1.894087e-39
2 1.834589e-40
