0.02531646 1
0.05063291 1
0.07594937 0.9999996
0.1012658 0.9999943
0.1265823 0.999992
0.1518987 0.9999959
0.1772152 0.9999998
0.2025316 1
0.2278481 1
0.2531646 1
0.278481 1
0.3037975 1
0.3291139 1
0.3544304 1
0.3797468 1
0.4050633 1
0.4303797 1
0.4556962 1
0.4810127 1
0.5063291 0.9999989
0.5316456 0.9999874
0.556962 0.998724
0.5822785 0.9710616
0.6075949 0.84425
0.6329114 0.06099256
0.6582278 0.01571469
0.6835443 0.001410101
0.7088608 0.0002581888
0.7341772 0.0003974472
0.7594937 0.0001322234
0.7848101 1.620208e-05
0.8101266 1.522288e-05
0.835443 3.599736e-06
0.8607595 2.009753e-07
0.8860759 2.472069e-09
0.9113924 5.702556e-11
0.9367089 3.644633e-13
0.9620253 7.091282e-16
0.9873418 3.75839e-17
1.012658 2.404763e-17
1.037975 1.426861e-17
1.063291 7.272279e-18
1.088608 3.082411e-18
1.113924 1.080019e-18
1.139241 3.137386e-19
1.164557 7.589575e-20
1.189873 1.534695e-20
1.21519 2.602359e-21
1.240506 3.716751e-22
1.265823 4.534247e-23
1.291139 5.085686e-24
1.316456 7.576309e-25
1.341772 2.721157e-25
1.367089 1.63686e-25
1.392405 1.042037e-25
1.417722 6.216654e-26
1.443038 3.330708e-26
1.468354 1.582561e-26
1.493671 6.621812e-27
1.518987 2.376268e-27
1.544304 7.188722e-28
1.56962 1.847479e-28
1.594937 4.095975e-29
1.620253 7.997644e-30
1.64557 1.443973e-30
1.670886 2.67675e-31
1.696203 5.711779e-32
1.721519 1.393995e-32
1.746835 3.533851e-33
1.772152 8.752947e-34
1.797468 2.130457e-34
1.822785 5.372875e-35
1.848101 1.479115e-35
1.873418 4.376616e-36
1.898734 1.260003e-36
1.924051 3.132577e-37
1.949367 5.943501e-38
1.974684 7.464587e-39
2 4.8956e-40
