0.02531646 0.9999967
0.05063291 0.999976
0.07594937 0.9999998
0.1012658 1
0.1265823 1
0.1518987 0.9999991
0.1772152 0.9999997
0.2025316 1
0.2278481 1
0.2531646 1
0.278481 1
0.3037975 1
0.3291139 1
0.3544304 0.9999926
0.3797468 0.9999972
0.4050633 0.9999974
0.4303797 0.999999
0.4556962 0.9999991
0.4810127 0.9999355
0.5063291 0.9999784
0.5316456 0.9999997
0.556962 0.9999999
0.5822785 0.9976528
0.6075949 0.8372656
0.6329114 0.1703914
0.6582278 0.001134251
0.6835443 1.245559e-07
0.7088608 7.27417e-12
0.7341772 6.572235e-14
0.7594937 2.327277e-13
0.7848101 1.300189e-12
0.8101266 9.787346e-12
0.835443 3.594501e-11
0.8607595 8.475106e-11
0.8860759 1.446588e-10
0.9113924 1.953703e-10
0.9367089 2.201917e-10
0.9620253 2.021461e-10
0.9873418 1.153892e-10
1.012658 5.903449e-11
1.037975 2.298069e-11
1.063291 6.348847e-12
1.088608 9.730953e-13
1.113924 2.738378e-14
1.139241 1.662572e-16
1.164557 4.631736e-18
1.189873 9.276519e-20
1.21519 1.775721e-20
1.240506 4.135362e-21
1.265823 8.075211e-22
1.291139 1.309563e-22
1.316456 1.75562e-23
1.341772 1.93309e-24
1.367089 1.724457e-25
1.392405 1.239933e-26
1.417722 8.247697e-28
1.443038 8.452706e-29
1.468354 1.635513e-29
1.493671 3.991167e-30
1.518987 9.700257e-31
1.544304 2.229315e-31
1.56962 4.875094e-32
1.594937 1.030038e-32
1.620253 2.111181e-33
1.64557 4.179757e-34
1.670886 8.028815e-35
1.696203 1.527438e-35
1.721519 2.938742e-36
1.746835 5.800208e-37
1.772152 1.181737e-37
1.797468 2.46902e-38
1.822785 5.198894e-39
1.848101 1.077972e-39
1.873418 2.161168e-40
1.898734 4.138786e-41
1.924051 7.394575e-42
1.949367 1.172153e-42
1.974684 1.471854e-43
2 1.091512e-44
