0.1772152 1
0.2025316 1
0.2278481 1
0.2531646 0.9999998
0.278481 0.9999998
0.3037975 1
0.3291139 1
0.3544304 0.9999998
0.3797468 1
0.4050633 1
0.4303797 1
0.4556962 0.9999994
0.4810127 0.9999566
0.5063291 0.9964008
0.5316456 0.8501292
0.556962 0.1945418
0.5822785 0.01226758
0.6075949 0.0002693218
0.6329114 1.862526e-06
0.6582278 3.451878e-09
0.6835443 1.341006e-10
0.7088608 2.121964e-10
0.7341772 2.081396e-09
0.7594937 8.682363e-09
0.7848101 3.080206e-09
0.8101266 6.062757e-09
0.835443 6.856863e-08
0.8607595 2.916716e-07
0.8860759 6.859085e-07
0.9113924 6.17575e-06
0.9367089 1.279674e-05
0.9620253 5.578979e-06
0.9873418 5.607317e-07
1.012658 5.001231e-07
1.037975 2.266182e-07
1.063291 5.653703e-08
1.088608 2.078258e-07
1.113924 2.224871e-06
1.139241 2.028008e-05
1.164557 1.449063e-05
1.189873 2.635025e-06
1.21519 1.323084e-06
1.240506 7.361081e-07
1.265823 2.813787e-07
1.291139 4.252872e-08
1.316456 2.811292e-09
1.341772 1.145133e-10
1.367089 5.507647e-12
1.392405 1.248044e-12
1.417722 5.480595e-13
1.443038 2.219392e-13
1.468354 1.48079e-13
1.493671 1.041775e-13
1.518987 5.970745e-14
1.544304 3.011532e-14
1.56962 1.497819e-14
1.594937 7.573965e-15
1.620253 4.140395e-15
1.64557 2.475736e-15
1.670886 1.440548e-15
1.696203 7.623164e-16
1.721519 3.61481e-16
1.746835 1.512766e-16
1.772152 5.500778e-17
1.797468 1.71663e-17
1.822785 4.607204e-18
1.848101 1.10761e-18
1.873418 2.628302e-19
1.898734 6.58071e-20
1.924051 1.577335e-20
1.949367 3.020507e-21
1.974684 3.914328e-22
2 2.577043e-23
