0.02531646 0.9999993
0.05063291 0.999998
0.07594937 1
0.1012658 1
0.1265823 0.9999989
0.1518987 0.9999994
0.1772152 1
0.2025316 1
0.2278481 1
0.2531646 1
0.278481 1
0.3037975 1
0.3291139 1
0.3544304 0.9999995
0.3797468 0.9999481
0.4050633 0.9999755
0.4303797 0.9999965
0.4556962 0.9999995
0.4810127 0.9999753
0.5063291 0.9991314
0.5316456 0.9992086
0.556962 0.9999038
0.5822785 0.9979057
0.6075949 0.8425174
0.6329114 0.1762704
0.6582278 0.001144447
0.6835443 1.173819e-07
0.7088608 6.469517e-12
0.7341772 4.889532e-14
0.7594937 1.211495e-13
0.7848101 4.712881e-13
0.8101266 3.903732e-12
0.835443 1.510714e-11
0.8607595 3.666117e-11
0.8860759 6.239895e-11
0.9113924 8.084957e-11
0.9367089 8.739357e-11
0.9620253 7.391428e-11
0.9873418 4.263399e-11
1.012658 2.232641e-11
1.037975 8.423978e-12
1.063291 2.492224e-12
1.088608 4.605957e-13
1.113924 2.062448e-14
1.139241 1.998697e-16
1.164557 3.44856e-18
1.189873 8.026836e-20
1.21519 1.590963e-20
1.240506 3.84889e-21
1.265823 7.806558e-22
1.291139 1.316524e-22
1.316456 1.841197e-23
1.341772 2.126006e-24
1.367089 2.001111e-25
1.392405 1.513887e-26
1.417722 9.984867e-28
1.443038 8.78221e-29
1.468354 1.483125e-29
1.493671 3.497234e-30
1.518987 8.50576e-31
1.544304 1.957872e-31
1.56962 4.247679e-32
1.594937 8.820387e-33
1.620253 1.770039e-33
1.64557 3.432613e-34
1.670886 6.460433e-35
1.696203 1.202935e-35
1.721519 2.260767e-36
1.746835 4.367511e-37
1.772152 8.761077e-38
1.797468 1.814594e-38
1.822785 3.805854e-39
1.848101 7.868784e-40
1.873418 1.572411e-40
1.898734 2.996699e-41
1.924051 5.31468e-42
1.949367 8.328732e-43
1.974684 1.02883e-43
2 7.46496e-45
