0.02531646 1
0.05063291 1
0.07594937 1
0.1012658 1
0.1265823 1
0.1518987 1
0.1772152 0.9991455
0.2025316 0.9991515
0.2278481 0.9997692
0.2531646 0.9985453
0.278481 0.9954913
0.3037975 0.9987281
0.3291139 0.9962561
0.3544304 0.9778143
0.3797468 0.9979036
0.4050633 0.9991945
0.4303797 0.979958
0.4556962 0.8572115
0.4810127 0.9382908
0.5063291 0.843212
0.5316456 0.8432246
0.556962 0.9646917
0.5822785 0.9914507
0.6075949 0.7770078
0.6329114 0.1155149
0.6582278 0.001648218
0.6835443 8.656603e-06
0.7088608 3.071085e-09
0.7341772 1.953114e-11
0.7594937 1.558991e-10
0.7848101 6.145895e-10
0.8101266 1.216777e-09
0.835443 1.629651e-09
0.8607595 1.727534e-09
0.8860759 1.408355e-09
0.9113924 2.005433e-09
0.9367089 3.205556e-09
0.9620253 3.071962e-09
0.9873418 7.967871e-10
1.012658 3.196822e-10
1.037975 3.332471e-10
1.063291 5.553894e-10
1.088608 1.032739e-09
1.113924 4.569851e-10
1.139241 1.946573e-10
1.164557 1.255121e-10
1.189873 1.030586e-10
1.21519 8.786516e-11
1.240506 6.937869e-11
1.265823 4.928426e-11
1.291139 3.102245e-11
1.316456 1.699944e-11
1.341772 7.644536e-12
1.367089 2.65387e-12
1.392405 5.375241e-13
1.417722 4.251448e-14
1.443038 4.236032e-15
1.468354 5.040096e-16
1.493671 6.037051e-17
1.518987 1.077499e-17
1.544304 5.294689e-18
1.56962 4.040125e-18
1.594937 3.277743e-18
1.620253 2.454287e-18
1.64557 1.845752e-18
1.670886 1.350461e-18
1.696203 9.741739e-19
1.721519 6.813236e-19
1.746835 4.714967e-19
1.772152 3.289528e-19
1.797468 2.319627e-19
1.822785 1.650165e-19
1.848101 1.159757e-19
1.873418 8.161228e-20
1.898734 5.624912e-20
1.924051 3.885496e-20
1.949367 2.589803e-20
1.974684 1.651912e-20
2 9.544723e-21
