0.02531646 1
0.05063291 1
0.07594937 1
0.1012658 0.9999999
0.1265823 1
0.1518987 0.9999986
0.1772152 0.9999968
0.2025316 0.9999999
0.2278481 1
0.2531646 0.9999999
0.278481 0.9999992
0.3037975 0.9999993
0.3291139 0.9999995
0.3544304 0.9999999
0.3797468 1
0.4050633 0.9999991
0.4303797 0.9999998
0.4556962 1
0.4810127 1
0.5063291 1
0.5316456 0.9999991
0.556962 0.9999743
0.5822785 0.9931116
0.6075949 0.7893854
0.6329114 0.1363937
0.6582278 0.001048638
0.6835443 2.376511e-07
0.7088608 3.523914e-11
0.7341772 1.292186e-12
0.7594937 3.657062e-11
0.7848101 2.21461e-10
0.8101266 5.010513e-10
0.835443 1.280325e-09
0.8607595 5.533692e-09
0.8860759 1.724814e-08
0.9113924 3.955528e-08
0.9367089 1.988897e-08
0.9620253 4.427812e-09
0.9873418 3.047142e-09
1.012658 2.763771e-09
1.037975 6.562747e-10
1.063291 4.178231e-11
1.088608 7.737454e-13
1.113924 2.585398e-13
1.139241 3.495672e-16
1.164557 7.624839e-18
1.189873 1.2151e-19
1.21519 2.049178e-20
1.240506 3.732666e-21
1.265823 5.649335e-22
1.291139 6.941097e-23
1.316456 6.848741e-24
1.341772 5.437007e-25
1.367089 3.683443e-26
1.392405 2.919056e-27
1.417722 4.50493e-28
1.443038 1.077416e-28
1.468354 2.773604e-29
1.493671 7.012307e-30
1.518987 1.746419e-30
1.544304 4.372519e-31
1.56962 1.100196e-31
1.594937 2.707494e-32
1.620253 6.359305e-33
1.64557 1.425999e-33
1.670886 3.089269e-34
1.696203 6.57268e-35
1.721519 1.396109e-35
1.746835 2.982508e-36
1.772152 6.403277e-37
1.797468 1.377801e-37
1.822785 2.942173e-38
1.848101 6.160693e-39
1.873418 1.254359e-39
1.898734 2.466921e-40
1.924051 4.59945e-41
1.949367 7.78111e-42
1.974684 1.073181e-42
2 9.02547e-44
