0.02531646 0.9999998
0.05063291 0.9998769
0.07594937 0.9999893
0.1012658 0.9999999
0.1265823 1
0.1518987 1
0.1772152 1
0.2025316 0.9999999
0.2278481 1
0.2531646 1
0.278481 1
0.3037975 1
0.3291139 1
0.3544304 1
0.3797468 1
0.4050633 1
0.4303797 0.9999974
0.4556962 0.9999992
0.4810127 0.9999999
0.5063291 1
0.5316456 1
0.556962 0.9999982
0.5822785 0.9959484
0.6075949 0.815506
0.6329114 0.1496866
0.6582278 0.001058275
0.6835443 1.603752e-07
0.7088608 1.374625e-11
0.7341772 1.914449e-13
0.7594937 1.700313e-12
0.7848101 2.807575e-11
0.8101266 3.081024e-10
0.835443 1.208088e-09
0.8607595 1.726872e-09
0.8860759 1.707428e-09
0.9113924 1.466403e-09
0.9367089 1.665942e-09
0.9620253 1.896957e-09
0.9873418 1.630278e-09
1.012658 7.64294e-10
1.037975 3.191253e-10
1.063291 4.198942e-11
1.088608 9.045115e-13
1.113924 2.856247e-15
1.139241 2.519416e-16
1.164557 8.562169e-18
1.189873 1.244101e-19
1.21519 2.158845e-20
1.240506 4.35908e-21
1.265823 7.372559e-22
1.291139 1.024965e-22
1.316456 1.157903e-23
1.341772 1.052918e-24
1.367089 7.718106e-26
1.392405 5.063204e-27
1.417722 4.791539e-28
1.443038 9.091641e-29
1.468354 2.266836e-29
1.493671 5.72422e-30
1.518987 1.392474e-30
1.544304 3.297108e-31
1.56962 7.721198e-32
1.594937 1.780538e-32
1.620253 3.967853e-33
1.64557 8.47621e-34
1.670886 1.752091e-34
1.696203 3.573543e-35
1.721519 7.344544e-36
1.746835 1.528103e-36
1.772152 3.222379e-37
1.797468 6.860265e-38
1.822785 1.457144e-38
1.848101 3.037312e-39
1.873418 6.124696e-40
1.898734 1.185575e-40
1.924051 2.16065e-41
1.949367 3.543732e-42
1.974684 4.688214e-43
2 3.736035e-44
