0.5822785 1
0.6075949 1
0.6329114 1
0.6582278 1
0.6835443 1
0.7088608 1
0.7341772 1
0.7594937 1
0.7848101 1
0.8101266 1
0.835443 1
0.8607595 1
0.8860759 1
0.9113924 1
0.9367089 1
0.9620253 1
0.9873418 1
1.012658 1
1.037975 1
1.063291 1
1.088608 1
1.113924 0.9999569
1.139241 0.996776
1.164557 0.9361034
1.189873 0.0497772
1.21519 0.03593405
1.240506 0.0003185047
1.265823 8.616493e-07
1.291139 4.462709e-10
1.316456 7.76977e-14
1.341772 4.376259e-17
1.367089 1.661143e-23
1.392405 5.118023e-27
1.417722 1.195831e-27
1.443038 6.564492e-30
1.468354 3.711556e-33
1.493671 7.511606e-33
1.518987 1.167396e-32
1.544304 1.396796e-32
1.56962 1.293625e-32
1.594937 9.165707e-33
1.620253 4.753781e-33
1.64557 1.706273e-33
1.670886 4.102045e-34
1.696203 6.858498e-35
1.721519 8.830805e-36
1.746835 1.004807e-36
1.772152 1.032109e-37
1.797468 8.702521e-39
1.822785 6.316504e-40
1.848101 4.350188e-41
1.873418 2.72184e-42
1.898734 1.332874e-43
1.924051 5.274801e-45
1.949367 1.740099e-46
1.974684 4.979182e-48
2 1.150294e-49
