0.02531646 1
0.05063291 0.9999992
0.07594937 0.9999992
0.1012658 0.9999998
0.1265823 0.9999998
0.1518987 0.9999999
0.1772152 1
0.2025316 1
0.2278481 1
0.2531646 0.9999999
0.278481 0.9999998
0.3037975 1
0.3291139 1
0.3544304 1
0.3797468 1
0.4050633 1
0.4303797 1
0.4556962 0.9999997
0.4810127 0.9999938
0.5063291 0.9999325
0.5316456 0.9999948
0.556962 0.9999384
0.5822785 0.9884969
0.6075949 0.761351
0.6329114 0.1171302
0.6582278 0.001161093
0.6835443 9.253009e-07
0.7088608 4.731461e-10
0.7341772 1.608611e-10
0.7594937 8.835359e-09
0.7848101 3.696982e-08
0.8101266 8.356345e-09
0.835443 4.786191e-09
0.8607595 6.57536e-09
0.8860759 1.17056e-08
0.9113924 1.594689e-08
0.9367089 1.018797e-08
0.9620253 1.491018e-08
0.9873418 1.462414e-08
1.012658 2.294518e-08
1.037975 1.010431e-10
1.063291 3.301071e-11
1.088608 1.535221e-11
1.113924 2.101952e-14
1.139241 1.634784e-16
1.164557 2.481874e-18
1.189873 8.364552e-20
1.21519 1.396703e-20
1.240506 2.164441e-21
1.265823 2.72312e-22
1.291139 2.75647e-23
1.316456 2.300795e-24
1.341772 1.755316e-25
1.367089 1.640473e-26
1.392405 2.599892e-27
1.417722 5.957465e-28
1.443038 1.500261e-28
1.468354 3.805544e-29
1.493671 9.801933e-30
1.518987 2.632874e-30
1.544304 7.341872e-31
1.56962 2.036875e-31
1.594937 5.390258e-32
1.620253 1.35011e-32
1.64557 3.242237e-33
1.670886 7.542065e-34
1.696203 1.71569e-34
1.721519 3.843721e-35
1.746835 8.567648e-36
1.772152 1.907347e-36
1.797468 4.230457e-37
1.822785 9.284442e-38
1.848101 1.99625e-38
1.873418 4.182365e-39
1.898734 8.498947e-40
1.924051 1.64524e-40
1.949367 2.916452e-41
1.974684 4.288191e-42
2 3.931352e-43
