0.4050633 1
0.4303797 1
0.4556962 1
0.4810127 1
0.5063291 1
0.5316456 1
0.556962 1
0.5822785 1
0.6075949 1
0.6329114 1
0.6582278 1
0.6835443 1
0.7088608 1
0.7341772 1
0.7594937 1
0.7848101 1
0.8101266 1
0.835443 1
0.8607595 1
0.8860759 1
0.9113924 1
0.9367089 1
0.9620253 1
0.9873418 1
1.012658 1
1.037975 1
1.063291 1
1.088608 1
1.113924 0.9999988
1.139241 0.9998047
1.164557 0.9899374
1.189873 0.8091075
1.21519 0.1614577
1.240506 0.007422288
1.265823 9.456041e-05
1.291139 2.450854e-07
1.316456 5.747021e-11
1.341772 4.744219e-16
1.367089 1.555587e-23
1.392405 1.422932e-56
1.417722 3.58589e-56
1.443038 9.504681e-57
1.468354 2.737709e-62
1.493671 1.490612e-61
1.518987 5.791685e-61
1.544304 1.590617e-60
1.56962 3.036321e-60
1.594937 3.915215e-60
1.620253 3.254413e-60
1.64557 1.618099e-60
1.670886 4.317486e-61
1.696203 5.796799e-62
1.721519 4.498907e-63
1.746835 1.990948e-64
1.772152 3.603983e-66
1.797468 4.415308e-68
1.822785 5.647265e-70
1.848101 7.452778e-72
1.873418 1.08497e-73
1.898734 1.636346e-75
1.924051 2.167446e-77
1.949367 2.257954e-79
1.974684 1.472487e-81
2 3.541327e-84
