0.6835443 1
0.7088608 1
0.7341772 1
0.7594937 1
0.7848101 1
0.8101266 1
0.835443 1
0.8607595 1
0.8860759 0.9999937
0.9113924 0.9981926
0.9367089 0.9233857
0.9620253 0.404993
0.9873418 0.01087265
1.012658 0.000244584
1.037975 4.234883e-06
1.063291 4.162137e-08
1.088608 1.852187e-10
1.113924 8.155164e-13
1.139241 2.259066e-13
1.164557 7.569081e-14
1.189873 8.712252e-15
1.21519 1.285547e-15
1.240506 3.356411e-16
1.265823 1.152158e-16
1.291139 3.187199e-17
1.316456 5.537355e-18
1.341772 3.778906e-19
1.367089 3.812481e-21
1.392405 2.757476e-23
1.417722 1.657859e-23
1.443038 7.517096e-24
1.468354 2.069116e-24
1.493671 2.091322e-25
1.518987 2.916288e-27
1.544304 1.46286e-30
1.56962 8.518134e-34
1.594937 2.037146e-36
1.620253 4.709074e-39
1.64557 1.974951e-41
1.670886 3.274169e-43
1.696203 2.882286e-44
1.721519 2.446113e-45
1.746835 1.563948e-46
1.772152 6.588706e-48
1.797468 1.651253e-49
1.822785 2.374607e-51
1.848101 1.724038e-53
1.873418 6.998496e-56
1.898734 2.338482e-58
1.924051 6.40641e-61
1.949367 1.664854e-63
1.974684 2.901332e-66
2 7.829679e-69
