0.02531646 1
0.05063291 1
0.07594937 0.9999999
0.1012658 0.9999912
0.1265823 0.9992923
0.1518987 0.9997136
0.1772152 0.9891115
0.2025316 0.9987073
0.2278481 0.9999218
0.2531646 0.9999218
0.278481 0.9998241
0.3037975 0.9971491
0.3291139 0.9911098
0.3544304 0.998988
0.3797468 0.9903999
0.4050633 0.966182
0.4303797 0.9964381
0.4556962 0.9973249
0.4810127 0.9340108
0.5063291 0.934761
0.5316456 0.9836655
0.556962 0.9852234
0.5822785 0.9045076
0.6075949 0.3712183
0.6329114 0.03969109
0.6582278 0.00146518
0.6835443 2.775654e-05
0.7088608 2.277176e-07
0.7341772 5.516198e-07
0.7594937 1.887839e-05
0.7848101 3.489266e-05
0.8101266 1.235776e-05
0.835443 4.583051e-06
0.8607595 5.313855e-06
0.8860759 2.8969e-06
0.9113924 5.182871e-07
0.9367089 1.174647e-07
0.9620253 3.953689e-07
0.9873418 2.156709e-06
1.012658 2.472208e-06
1.037975 8.080641e-06
1.063291 2.435059e-05
1.088608 4.659664e-05
1.113924 5.745205e-05
1.139241 5.745205e-05
1.164557 5.745205e-05
1.189873 5.617186e-05
1.21519 1.606428e-05
1.240506 1.50339e-06
1.265823 9.000206e-08
1.291139 9.000206e-08
1.316456 9.000206e-08
1.341772 1.087621e-07
1.367089 2.699636e-07
1.392405 5.343884e-07
1.417722 4.250611e-07
1.443038 2.023937e-07
1.468354 8.893583e-08
1.493671 5.819919e-08
1.518987 3.788443e-08
1.544304 1.083686e-08
1.56962 2.57955e-09
1.594937 1.083053e-09
1.620253 6.234072e-10
1.64557 3.329081e-10
1.670886 1.450296e-10
1.696203 4.929321e-11
1.721519 1.642752e-11
1.746835 7.459041e-12
1.772152 3.982233e-12
1.797468 1.876436e-12
1.822785 6.343838e-13
1.848101 2.271324e-13
1.873418 1.956688e-13
1.898734 2.118848e-13
1.924051 2.682299e-13
1.949367 3.572292e-13
1.974684 4.138058e-13
2 4.081204e-13
