0.3797468 1
0.4050633 1
0.4303797 1
0.4556962 0.9999998
0.4810127 0.999768
0.5063291 0.9749898
0.5316456 0.631155
0.556962 0.05082724
0.5822785 0.004566696
0.6075949 9.239306e-05
0.6329114 6.705722e-06
0.6582278 1.033844e-06
0.6835443 3.295035e-08
0.7088608 7.711328e-10
0.7341772 1.715133e-11
0.7594937 6.768709e-13
0.7848101 2.179673e-14
0.8101266 1.210461e-15
0.835443 1.746348e-16
0.8607595 2.197995e-17
0.8860759 1.614758e-17
0.9113924 3.904762e-17
0.9367089 8.359675e-17
0.9620253 1.471159e-16
0.9873418 2.092862e-16
1.012658 2.382337e-16
1.037975 2.175156e-16
1.063291 1.630238e-16
1.088608 1.050074e-16
1.113924 6.121185e-17
1.139241 3.317363e-17
1.164557 1.677678e-17
1.189873 7.889072e-18
1.21519 3.433987e-18
1.240506 1.377503e-18
1.265823 5.06821e-19
1.291139 1.700603e-19
1.316456 5.165437e-20
1.341772 1.406459e-20
1.367089 3.3902e-21
1.392405 7.120539e-22
1.417722 1.276675e-22
1.443038 1.901637e-23
1.468354 2.265486e-24
1.493671 2.041377e-25
1.518987 1.276174e-26
1.544304 4.832878e-28
1.56962 1.065808e-29
1.594937 5.193386e-31
1.620253 5.103476e-32
1.64557 5.252423e-33
1.670886 5.880632e-34
1.696203 6.960167e-35
1.721519 8.239936e-36
1.746835 9.364274e-37
1.772152 9.994276e-38
1.797468 9.921112e-39
1.822785 9.122201e-40
1.848101 7.744337e-41
1.873418 6.031093e-42
1.898734 4.240647e-43
1.924051 2.602855e-44
1.949367 1.307164e-45
1.974684 4.741621e-47
2 9.206396e-49
