0.556962 1
0.5822785 1
0.6075949 1
0.6329114 1
0.6582278 0.9999999
0.6835443 0.9999187
0.7088608 0.9910309
0.7341772 0.8249267
0.7594937 0.1975909
0.7848101 0.004424974
0.8101266 0.0001853991
0.835443 5.140103e-06
0.8607595 1.437811e-07
0.8860759 1.77461e-09
0.9113924 1.039959e-11
0.9367089 8.557915e-14
0.9620253 1.322286e-15
0.9873418 8.258113e-17
1.012658 1.950212e-18
1.037975 9.67461e-21
1.063291 2.850606e-24
1.088608 1.180508e-29
1.113924 7.380808e-33
1.139241 6.52939e-35
1.164557 2.108887e-36
1.189873 7.739467e-38
1.21519 2.419622e-39
1.240506 5.71598e-41
1.265823 1.02179e-42
1.291139 1.214345e-44
1.316456 8.934592e-47
1.341772 2.960359e-49
1.367089 2.495165e-52
1.392405 1.655011e-53
1.417722 1.32409e-54
1.443038 9.152024e-56
1.468354 5.414577e-57
1.493671 2.740967e-58
1.518987 1.208309e-59
1.544304 4.874171e-61
1.56962 1.957285e-62
1.594937 8.363151e-64
1.620253 3.719343e-65
1.64557 1.591962e-66
1.670886 6.175071e-68
1.696203 2.125376e-69
1.721519 6.623349e-71
1.746835 2.029224e-72
1.772152 7.043578e-74
1.797468 2.952142e-75
1.822785 1.348619e-76
1.848101 6.011505e-78
1.873418 2.512648e-79
1.898734 9.659673e-81
1.924051 3.282175e-82
1.949367 9.171976e-84
1.974684 1.849443e-85
2 1.989736e-87
