0.4810127 1
0.5063291 1
0.5316456 1
0.556962 1
0.5822785 1
0.6075949 1
0.6329114 1
0.6582278 1
0.6835443 1
0.7088608 1
0.7341772 1
0.7594937 1
0.7848101 1
0.8101266 1
0.835443 1
0.8607595 1
0.8860759 1
0.9113924 1
0.9367089 1
0.9620253 1
0.9873418 1
1.012658 1
1.037975 1
1.063291 1
1.088608 1
1.113924 0.9999992
1.139241 0.9997023
1.164557 0.9754199
1.189873 0.6646749
1.21519 0.05304675
1.240506 0.002423482
1.265823 2.400384e-05
1.291139 4.44331e-08
1.316456 1.125677e-11
1.341772 3.043388e-16
1.367089 1.176787e-23
1.392405 1.801114e-39
1.417722 2.065639e-41
1.443038 2.553621e-42
1.468354 2.014917e-50
1.493671 6.505106e-50
1.518987 1.655966e-49
1.544304 3.236111e-49
1.56962 4.706008e-49
1.594937 4.921176e-49
1.620253 3.554759e-49
1.64557 1.672869e-49
1.670886 4.678242e-50
1.696203 6.993876e-51
1.721519 5.264537e-52
1.746835 2.102371e-53
1.772152 6.880329e-55
1.797468 3.270692e-56
1.822785 1.678932e-57
1.848101 6.706654e-59
1.873418 1.979282e-60
1.898734 4.404103e-62
1.924051 7.439253e-64
1.949367 9.723674e-66
1.974684 9.854831e-68
2 7.042312e-70
