0.556962 1
0.5822785 1
0.6075949 1
0.6329114 1
0.6582278 1
0.6835443 1
0.7088608 1
0.7341772 1
0.7594937 1
0.7848101 1
0.8101266 1
0.835443 1
0.8607595 1
0.8860759 1
0.9113924 1
0.9367089 1
0.9620253 1
0.9873418 1
1.012658 1
1.037975 1
1.063291 1
1.088608 1
1.113924 0.999998
1.139241 0.9987297
1.164557 0.9352399
1.189873 0.2817892
1.21519 0.01634033
1.240506 0.0002640955
1.265823 1.824582e-06
1.291139 1.660471e-09
1.316456 5.876293e-14
1.341772 2.143545e-17
1.367089 5.892834e-23
1.392405 3.922575e-31
1.417722 2.257953e-33
1.443038 1.755903e-34
1.468354 3.253656e-42
1.493671 4.064301e-42
1.518987 4.548543e-42
1.544304 4.23537e-42
1.56962 2.976967e-42
1.594937 1.425064e-42
1.620253 4.084278e-43
1.64557 6.12354e-44
1.670886 6.097339e-45
1.696203 2.254104e-45
1.721519 1.493593e-45
1.746835 7.622323e-46
1.772152 2.601774e-46
1.797468 4.644271e-47
1.822785 3.351893e-48
1.848101 1.074868e-49
1.873418 1.66607e-51
1.898734 1.356294e-53
1.924051 7.683975e-56
1.949367 3.198516e-58
1.974684 9.807751e-61
2 2.454532e-63
