0.5822785 1
0.6075949 1
0.6329114 1
0.6582278 1
0.6835443 1
0.7088608 1
0.7341772 1
0.7594937 1
0.7848101 1
0.8101266 1
0.835443 1
0.8607595 1
0.8860759 1
0.9113924 1
0.9367089 1
0.9620253 1
0.9873418 1
1.012658 1
1.037975 1
1.063291 1
1.088608 1
1.113924 0.9999638
1.139241 0.9945625
1.164557 0.5634103
1.189873 0.2576405
1.21519 0.001992441
1.240506 0.0001007421
1.265823 8.006022e-07
1.291139 1.228921e-09
1.316456 3.865956e-14
1.341772 1.515561e-17
1.367089 1.673138e-23
1.392405 4.382338e-26
1.417722 6.21825e-27
1.443038 1.312256e-29
1.468354 1.34353e-30
1.493671 1.911834e-30
1.518987 2.09028e-30
1.544304 1.744069e-30
1.56962 1.09695e-30
1.594937 5.063071e-31
1.620253 1.668187e-31
1.64557 3.976075e-32
1.670886 7.287498e-33
1.696203 1.104859e-33
1.721519 1.415376e-34
1.746835 1.548471e-35
1.772152 1.465404e-36
1.797468 1.314834e-37
1.822785 1.27621e-38
1.848101 1.363316e-39
1.873418 1.381825e-40
1.898734 1.153937e-41
1.924051 7.742123e-43
1.949367 4.222752e-44
1.974684 1.960856e-45
2 6.919281e-47
