0.6582278 1
0.6835443 1
0.7088608 1
0.7341772 1
0.7594937 1
0.7848101 1
0.8101266 1
0.835443 0.9999947
0.8607595 0.9983245
0.8860759 0.9262035
0.9113924 0.41852
0.9367089 0.01399088
0.9620253 0.000353298
0.9873418 7.647057e-06
1.012658 8.644515e-08
1.037975 4.356773e-10
1.063291 1.337226e-12
1.088608 1.945278e-13
1.113924 1.062687e-13
1.139241 2.092078e-14
1.164557 3.865227e-15
1.189873 1.361286e-15
1.21519 5.176358e-16
1.240506 1.65838e-16
1.265823 4.183261e-17
1.291139 7.598322e-18
1.316456 8.521629e-19
1.341772 4.154618e-20
1.367089 3.599323e-22
1.392405 5.62373e-24
1.417722 3.26567e-25
1.443038 4.976885e-27
1.468354 1.871979e-29
1.493671 2.132647e-32
1.518987 1.041075e-35
1.544304 3.443196e-38
1.56962 7.022386e-41
1.594937 1.518547e-42
1.620253 1.932384e-43
1.64557 1.995809e-44
1.670886 1.487431e-45
1.696203 8.275384e-47
1.721519 3.088686e-48
1.746835 7.202939e-50
1.772152 1.031034e-51
1.797468 7.545204e-54
1.822785 3.091427e-56
1.848101 8.168286e-59
1.873418 1.71735e-61
1.898734 3.228241e-64
1.924051 9.768993e-67
1.949367 1.239088e-68
1.974684 1.44074e-70
2 7.683593e-73
