0.02531646 0.9999999
0.05063291 1
0.07594937 0.9999999
0.1012658 0.9999934
0.1265823 0.9999871
0.1518987 0.9998546
0.1772152 0.9992744
0.2025316 0.9941992
0.2278481 0.9380213
0.2531646 0.1855915
0.278481 0.6082729
0.3037975 0.982913
0.3291139 0.9912809
0.3544304 0.9042376
0.3797468 0.9952614
0.4050633 0.9857612
0.4303797 0.8526389
0.4556962 0.827298
0.4810127 0.9850144
0.5063291 0.9711056
0.5316456 0.6748848
0.556962 0.1058289
0.5822785 0.005434301
0.6075949 0.0003741668
0.6329114 8.53211e-05
0.6582278 0.0001740222
0.6835443 0.0005344227
0.7088608 0.000318386
0.7341772 7.996767e-06
0.7594937 2.713506e-06
0.7848101 7.538122e-06
0.8101266 6.933202e-05
0.835443 0.0001297236
0.8607595 7.258445e-05
0.8860759 1.182516e-05
0.9113924 1.025578e-06
0.9367089 5.181742e-06
0.9620253 7.698769e-05
0.9873418 6.744104e-05
1.012658 2.837102e-05
1.037975 2.461381e-05
1.063291 1.108839e-05
1.088608 3.895358e-06
1.113924 6.525149e-07
1.139241 1.49358e-07
1.164557 1.163381e-07
1.189873 3.567687e-07
1.21519 7.884515e-07
1.240506 1.799895e-07
1.265823 2.780068e-08
1.291139 5.633494e-09
1.316456 1.824054e-08
1.341772 3.599052e-08
1.367089 2.789252e-08
1.392405 5.23295e-08
1.417722 3.07879e-07
1.443038 3.577643e-07
1.468354 1.490396e-07
1.493671 8.319441e-09
1.518987 2.629543e-09
1.544304 6.2535e-09
1.56962 3.419791e-08
1.594937 1.379882e-06
1.620253 1.930244e-05
1.64557 8.023402e-05
1.670886 0.0003171019
1.696203 0.0004762342
1.721519 0.0001008783
1.746835 2.851388e-05
1.772152 2.925947e-06
1.797468 9.737781e-08
1.822785 1.262412e-08
1.848101 3.496275e-09
1.873418 2.073779e-09
1.898734 8.162235e-10
1.924051 1.664196e-09
1.949367 5.789037e-09
1.974684 6.530134e-08
2 2.822415e-07
