0.02531646 1
0.05063291 0.9999985
0.07594937 0.9999987
0.1012658 0.9999908
0.1265823 0.9996458
0.1518987 0.9848984
0.1772152 0.9854493
0.2025316 0.9467874
0.2278481 0.9975457
0.2531646 0.9997716
0.278481 0.9991642
0.3037975 0.991232
0.3291139 0.9959935
0.3544304 0.9912447
0.3797468 0.8709475
0.4050633 0.7498485
0.4303797 0.9771984
0.4556962 0.9352003
0.4810127 0.8049936
0.5063291 0.7889493
0.5316456 0.8646015
0.556962 0.6109177
0.5822785 0.06538023
0.6075949 0.001410497
0.6329114 3.923346e-05
0.6582278 6.139673e-06
0.6835443 3.665354e-06
0.7088608 3.649733e-06
0.7341772 1.070555e-05
0.7594937 4.479929e-06
0.7848101 2.111228e-05
0.8101266 7.592699e-05
0.835443 0.0001806977
0.8607595 8.472036e-05
0.8860759 2.081399e-05
0.9113924 3.325978e-06
0.9367089 5.459172e-07
0.9620253 8.66157e-08
0.9873418 4.955122e-08
1.012658 2.742047e-08
1.037975 1.516206e-08
1.063291 1.117169e-08
1.088608 5.118938e-09
1.113924 5.118736e-09
1.139241 5.797878e-09
1.164557 2.126082e-08
1.189873 2.602369e-08
1.21519 6.934732e-08
1.240506 1.666001e-08
1.265823 3.156371e-08
1.291139 1.094529e-08
1.316456 5.117266e-09
1.341772 5.117267e-09
1.367089 5.117267e-09
1.392405 8.444927e-09
1.417722 1.724667e-07
1.443038 9.345037e-07
1.468354 2.507313e-06
1.493671 6.482087e-06
1.518987 1.134857e-05
1.544304 1.103306e-05
1.56962 3.562001e-06
1.594937 1.656447e-06
1.620253 1.989442e-07
1.64557 7.754527e-08
1.670886 1.383443e-07
1.696203 1.977531e-07
1.721519 9.810965e-07
1.746835 1.409547e-06
1.772152 1.073226e-06
1.797468 1.785726e-05
1.822785 1.665466e-05
1.848101 7.811598e-06
1.873418 3.909579e-06
1.898734 2.958669e-06
1.924051 4.33313e-06
1.949367 5.242586e-06
1.974684 4.073478e-06
2 1.278417e-06
