0.05063291 1
0.07594937 1
0.1012658 0.9999988
0.1265823 0.9999863
0.1518987 0.9999999
0.1772152 0.9999985
0.2025316 0.9978097
0.2278481 0.9989423
0.2531646 0.998992
0.278481 0.9955174
0.3037975 0.9983799
0.3291139 0.9975863
0.3544304 0.9754903
0.3797468 0.9714381
0.4050633 0.9745212
0.4303797 0.8318403
0.4556962 0.886511
0.4810127 0.9646981
0.5063291 0.9474113
0.5316456 0.7088587
0.556962 0.1768943
0.5822785 0.01297698
0.6075949 0.002228146
0.6329114 0.002067995
0.6582278 0.001354259
0.6835443 0.0008009629
0.7088608 0.003540815
0.7341772 0.004929854
0.7594937 0.003107901
0.7848101 0.001017152
0.8101266 0.0001652922
0.835443 3.960299e-05
0.8607595 3.959378e-05
0.8860759 0.0002318281
0.9113924 0.003004064
0.9367089 0.002398796
0.9620253 0.0006953662
0.9873418 5.349752e-05
1.012658 6.560692e-06
1.037975 3.466349e-06
1.063291 1.356649e-06
1.088608 1.040059e-06
1.113924 8.427028e-07
1.139241 1.555709e-06
1.164557 1.956344e-05
1.189873 0.0001276642
1.21519 0.0006561109
1.240506 0.0006810945
1.265823 0.0001918699
1.291139 9.860751e-06
1.316456 4.708197e-07
1.341772 3.062387e-06
1.367089 6.296021e-05
1.392405 0.0001797092
1.417722 0.0002334723
1.443038 0.0002023935
1.468354 0.0001304238
1.493671 3.137504e-05
1.518987 3.558478e-06
1.544304 3.091382e-06
1.56962 6.673605e-06
1.594937 5.355051e-06
1.620253 3.236421e-06
1.64557 1.312711e-06
1.670886 8.521135e-08
1.696203 7.152169e-10
1.721519 3.710908e-10
1.746835 4.733937e-10
1.772152 7.062882e-10
1.797468 6.787199e-10
1.822785 4.916976e-10
1.848101 2.324369e-10
1.873418 6.847779e-11
1.898734 1.333361e-11
1.924051 4.886524e-12
1.949367 8.839497e-12
1.974684 6.423305e-11
2 2.972988e-10
