0.4303797 1
0.4556962 1
0.4810127 1
0.5063291 0.9999818
0.5316456 0.9948652
0.556962 0.8232248
0.5822785 0.1198472
0.6075949 0.008745963
0.6329114 0.001585162
0.6582278 0.0002134244
0.6835443 6.156709e-06
0.7088608 2.48311e-07
0.7341772 5.674817e-09
0.7594937 9.131722e-11
0.7848101 1.592775e-12
0.8101266 4.626656e-14
0.835443 1.692241e-15
0.8607595 2.304884e-16
0.8860759 2.013684e-17
0.9113924 8.597654e-19
0.9367089 1.577904e-20
0.9620253 1.117825e-22
0.9873418 6.392437e-23
1.012658 1.403646e-22
1.037975 2.288347e-22
1.063291 2.612757e-22
1.088608 1.990414e-22
1.113924 1.087022e-22
1.139241 4.958839e-23
1.164557 2.078561e-23
1.189873 8.255851e-24
1.21519 3.039827e-24
1.240506 1.045911e-24
1.265823 3.301359e-25
1.291139 9.560213e-26
1.316456 2.51403e-26
1.341772 5.938456e-27
1.367089 1.254773e-27
1.392405 2.325049e-28
1.417722 3.76666e-29
1.443038 5.307466e-30
1.468354 6.763802e-31
1.493671 8.422427e-32
1.518987 1.11534e-32
1.544304 1.528818e-33
1.56962 1.962245e-34
1.594937 2.190243e-35
1.620253 2.070377e-36
1.64557 1.630652e-37
1.670886 1.05158e-38
1.696203 5.421451e-40
1.721519 2.182141e-41
1.746835 6.820795e-43
1.772152 1.729203e-44
1.797468 3.909421e-46
1.822785 8.398031e-48
1.848101 1.651959e-49
1.873418 2.81823e-51
1.898734 3.73662e-53
1.924051 3.416946e-55
1.949367 1.76786e-57
1.974684 5.250301e-60
2 1.807408e-62
