0.2278481 1
0.2531646 1
0.278481 1
0.3037975 0.9999981
0.3291139 0.9998151
0.3544304 0.988114
0.3797468 0.7731357
0.4050633 0.1003468
0.4303797 0.001272498
0.4556962 6.619853e-05
0.4810127 6.343893e-06
0.5063291 1.805246e-07
0.5316456 7.663379e-09
0.556962 2.965607e-10
0.5822785 1.47679e-11
0.6075949 2.869206e-12
0.6329114 4.104897e-11
0.6582278 5.850295e-09
0.6835443 5.85107e-08
0.7088608 6.161884e-08
0.7341772 6.257967e-08
0.7594937 8.15417e-08
0.7848101 5.864218e-08
0.8101266 6.408184e-09
0.835443 6.382139e-09
0.8607595 5.200913e-09
0.8860759 5.18325e-10
0.9113924 1.391535e-10
0.9367089 1.383069e-10
0.9620253 6.405872e-11
0.9873418 3.95416e-11
1.012658 3.149155e-11
1.037975 1.524149e-11
1.063291 3.937884e-12
1.088608 9.055071e-13
1.113924 1.571417e-13
1.139241 2.056939e-14
1.164557 3.134553e-15
1.189873 1.008066e-15
1.21519 3.752928e-16
1.240506 1.389507e-16
1.265823 4.819511e-17
1.291139 1.533463e-17
1.316456 4.51132e-18
1.341772 1.303367e-18
1.367089 4.442233e-19
1.392405 2.227127e-19
1.417722 1.531026e-19
1.443038 1.170395e-19
1.468354 9.005997e-20
1.493671 6.778065e-20
1.518987 4.94022e-20
1.544304 3.465299e-20
1.56962 2.326572e-20
1.594937 1.487372e-20
1.620253 9.008069e-21
1.64557 5.141545e-21
1.670886 2.750609e-21
1.696203 1.371072e-21
1.721519 6.325806e-22
1.746835 2.681139e-22
1.772152 1.034774e-22
1.797468 3.598552e-23
1.822785 1.113221e-23
1.848101 3.014275e-24
1.873418 6.995091e-25
1.898734 1.35205e-25
1.924051 2.088621e-26
1.949367 2.416378e-27
1.974684 1.860139e-28
2 7.142447e-30
