0.2531646 1
0.278481 1
0.3037975 1
0.3291139 0.9999994
0.3544304 0.9999956
0.3797468 0.9998886
0.4050633 0.9975644
0.4303797 0.8595929
0.4556962 0.196639
0.4810127 0.01316482
0.5063291 0.0003341931
0.5316456 2.53181e-06
0.556962 8.379171e-09
0.5822785 7.152344e-10
0.6075949 1.59724e-10
0.6329114 1.464979e-11
0.6582278 1.545854e-11
0.6835443 6.697053e-09
0.7088608 1.226983e-07
0.7341772 9.298474e-07
0.7594937 2.457102e-06
0.7848101 1.157858e-06
0.8101266 1.093613e-06
0.835443 3.164384e-06
0.8607595 3.15623e-06
0.8860759 1.044102e-06
0.9113924 5.592603e-08
0.9367089 3.955161e-09
0.9620253 5.741262e-09
0.9873418 6.002388e-08
1.012658 6.052598e-07
1.037975 1.208956e-06
1.063291 7.065741e-07
1.088608 1.794825e-08
1.113924 6.933837e-10
1.139241 1.146547e-09
1.164557 5.889533e-10
1.189873 2.390083e-10
1.21519 1.157593e-10
1.240506 3.125438e-11
1.265823 3.508962e-12
1.291139 5.929139e-13
1.316456 7.64003e-14
1.341772 9.018804e-15
1.367089 3.418244e-15
1.392405 2.53439e-15
1.417722 2.009116e-15
1.443038 1.625416e-15
1.468354 1.328401e-15
1.493671 1.066485e-15
1.518987 8.207601e-16
1.544304 5.970361e-16
1.56962 4.077565e-16
1.594937 2.602364e-16
1.620253 1.543524e-16
1.64557 8.459941e-17
1.670886 4.267383e-17
1.696203 1.980477e-17
1.721519 8.512323e-18
1.746835 3.446069e-18
1.772152 1.349431e-18
1.797468 5.23555e-19
1.822785 2.011396e-19
1.848101 7.393438e-20
1.873418 2.465463e-20
1.898734 7.057117e-21
1.924051 1.639244e-21
1.949367 2.879302e-22
1.974684 3.395679e-23
2 2.017407e-24
