0.1012658 1
0.1265823 0.9999999
0.1518987 1
0.1772152 1
0.2025316 1
0.2278481 1
0.2531646 1
0.278481 1
0.3037975 1
0.3291139 1
0.3544304 1
0.3797468 1
0.4050633 1
0.4303797 1
0.4556962 0.9999998
0.4810127 0.9999924
0.5063291 0.9997804
0.5316456 0.9931955
0.556962 0.8676531
0.5822785 0.2560548
0.6075949 0.01681328
0.6329114 0.0008298898
0.6582278 4.318886e-05
0.6835443 2.604753e-06
0.7088608 1.152444e-07
0.7341772 1.338183e-09
0.7594937 2.566858e-10
0.7848101 3.973444e-09
0.8101266 3.845389e-08
0.835443 6.431368e-08
0.8607595 1.430016e-08
0.8860759 8.814024e-10
0.9113924 8.337305e-10
0.9367089 3.313841e-09
0.9620253 3.445218e-07
0.9873418 1.638517e-05
1.012658 2.747084e-05
1.037975 6.97257e-06
1.063291 2.707599e-07
1.088608 5.34678e-08
1.113924 4.042473e-07
1.139241 2.7453e-06
1.164557 1.578303e-06
1.189873 3.749045e-06
1.21519 1.998051e-06
1.240506 3.787043e-07
1.265823 2.050205e-06
1.291139 9.431967e-05
1.316456 0.0001087414
1.341772 7.188538e-05
1.367089 2.462136e-06
1.392405 2.320753e-07
1.417722 8.747111e-08
1.443038 3.36794e-07
1.468354 3.52717e-07
1.493671 2.167114e-07
1.518987 1.89177e-08
1.544304 1.227573e-08
1.56962 3.411079e-08
1.594937 9.393352e-08
1.620253 8.834957e-08
1.64557 8.42149e-09
1.670886 1.594517e-11
1.696203 3.454641e-12
1.721519 1.894971e-12
1.746835 1.280654e-13
1.772152 5.58974e-15
1.797468 4.179783e-16
1.822785 7.253395e-17
1.848101 2.463876e-17
1.873418 9.746859e-18
1.898734 3.616811e-18
1.924051 1.225544e-18
1.949367 3.740862e-19
1.974684 9.440339e-20
2 1.464078e-20
