0.4556962 1
0.4810127 1
0.5063291 1
0.5316456 1
0.556962 0.9999944
0.5822785 0.9985545
0.6075949 0.9500665
0.6329114 0.5787001
0.6582278 0.01897225
0.6835443 0.00468316
0.7088608 0.0003275944
0.7341772 1.329081e-05
0.7594937 1.939659e-07
0.7848101 2.69939e-09
0.8101266 4.441661e-11
0.835443 5.234856e-13
0.8607595 1.164182e-14
0.8860759 7.563891e-16
0.9113924 6.879072e-17
0.9367089 3.103972e-18
0.9620253 5.440171e-20
0.9873418 2.395847e-22
1.012658 1.278369e-25
1.037975 2.305334e-30
1.063291 5.853005e-35
1.088608 1.918771e-38
1.113924 2.624885e-41
1.139241 7.338077e-44
1.164557 3.395322e-46
1.189873 8.265405e-48
1.21519 3.937149e-49
1.240506 1.744809e-50
1.265823 7.018576e-52
1.291139 2.705043e-53
1.316456 1.070494e-54
1.341772 4.720396e-56
1.367089 2.441061e-57
1.392405 1.439341e-58
1.417722 9.089089e-60
1.443038 5.949635e-61
1.468354 4.018852e-62
1.493671 2.777715e-63
1.518987 1.956135e-64
1.544304 1.460643e-65
1.56962 1.316094e-66
1.594937 1.622107e-67
1.620253 2.4922e-68
1.64557 3.917058e-69
1.670886 5.567626e-70
1.696203 6.68021e-71
1.721519 6.405913e-72
1.746835 4.626228e-73
1.772152 2.326305e-74
1.797468 7.534399e-76
1.822785 1.897088e-77
1.848101 7.931147e-79
1.873418 4.851284e-80
1.898734 2.770287e-81
1.924051 1.307547e-82
1.949367 4.703038e-84
1.974684 1.135113e-85
2 1.359934e-87
