0.556962 1
0.5822785 1
0.6075949 1
0.6329114 1
0.6582278 1
0.6835443 1
0.7088608 1
0.7341772 1
0.7594937 1
0.7848101 1
0.8101266 1
0.835443 1
0.8607595 1
0.8860759 1
0.9113924 1
0.9367089 1
0.9620253 1
0.9873418 1
1.012658 1
1.037975 1
1.063291 1
1.088608 1
1.113924 0.9999953
1.139241 0.9978792
1.164557 0.9435715
1.189873 0.1797286
1.21519 0.01399194
1.240506 0.000224082
1.265823 1.135053e-06
1.291139 6.525754e-10
1.316456 4.110099e-14
1.341772 5.53269e-17
1.367089 8.207469e-23
1.392405 3.085677e-29
1.417722 1.405806e-30
1.443038 5.378004e-32
1.468354 1.199019e-39
1.493671 1.424838e-39
1.518987 2.182265e-39
1.544304 3.812073e-39
1.56962 6.39532e-39
1.594937 9.297813e-39
1.620253 1.12221e-38
1.64557 1.083179e-38
1.670886 7.892784e-39
1.696203 3.965271e-39
1.721519 1.25801e-39
1.746835 2.507947e-40
1.772152 3.16188e-41
1.797468 2.403603e-42
1.822785 1.096119e-43
1.848101 3.386524e-45
1.873418 8.041647e-47
1.898734 1.4622e-48
1.924051 2.063339e-50
1.949367 2.428153e-52
1.974684 2.481238e-54
2 2.225631e-56
