0.02531646 0.9999872
0.05063291 0.9998661
0.07594937 0.9999992
0.1012658 1
0.1265823 1
0.1518987 1
0.1772152 1
0.2025316 1
0.2278481 0.9999999
0.2531646 0.9999992
0.278481 0.9999967
0.3037975 0.9999997
0.3291139 0.9999991
0.3544304 0.9999896
0.3797468 0.9999977
0.4050633 0.9999999
0.4303797 1
0.4556962 1
0.4810127 1
0.5063291 1
0.5316456 0.9999997
0.556962 0.999855
0.5822785 0.9880177
0.6075949 0.8139472
0.6329114 0.1033834
0.6582278 0.005034893
0.6835443 7.458129e-05
0.7088608 3.726761e-06
0.7341772 2.585754e-05
0.7594937 6.60406e-05
0.7848101 6.190813e-05
0.8101266 4.724452e-06
0.835443 3.022845e-08
0.8607595 1.65442e-09
0.8860759 5.692793e-10
0.9113924 2.568423e-09
0.9367089 9.718748e-09
0.9620253 3.179968e-14
0.9873418 9.338493e-17
1.012658 3.226905e-17
1.037975 1.664306e-17
1.063291 3.998843e-18
1.088608 1.763664e-18
1.113924 8.840735e-19
1.139241 4.040315e-19
1.164557 1.575334e-19
1.189873 5.156129e-20
1.21519 1.409914e-20
1.240506 3.210459e-21
1.265823 6.071352e-22
1.291139 9.534413e-23
1.316456 1.25502e-23
1.341772 1.450672e-24
1.367089 1.780694e-25
1.392405 3.601855e-26
1.417722 1.325032e-26
1.443038 6.010665e-27
1.468354 2.685485e-27
1.493671 1.10275e-27
1.518987 4.110807e-28
1.544304 1.353443e-28
1.56962 3.816589e-29
1.594937 1.023968e-29
1.620253 2.922183e-30
1.64557 8.637783e-31
1.670886 2.402201e-31
1.696203 5.810375e-32
1.721519 1.164314e-32
1.746835 1.886802e-33
1.772152 2.506161e-34
1.797468 3.083703e-35
1.822785 4.762246e-36
1.848101 1.080341e-36
1.873418 2.85946e-37
1.898734 7.382874e-38
1.924051 1.747232e-38
1.949367 3.589396e-39
1.974684 5.774963e-40
2 5.823049e-41
