0.02531646 1
0.05063291 1
0.07594937 1
0.1012658 0.9999999
0.1265823 0.9999941
0.1518987 0.9997989
0.1772152 0.9998807
0.2025316 0.9947018
0.2278481 0.9641334
0.2531646 0.733897
0.278481 0.1280934
0.3037975 0.07301118
0.3291139 0.1923645
0.3544304 0.8086631
0.3797468 0.9739327
0.4050633 0.9620453
0.4303797 0.9864937
0.4556962 0.9947353
0.4810127 0.97982
0.5063291 0.951434
0.5316456 0.7930533
0.556962 0.2706109
0.5822785 0.0391797
0.6075949 0.004057422
0.6329114 0.0003738135
0.6582278 4.038217e-05
0.6835443 2.054105e-05
0.7088608 2.536691e-05
0.7341772 8.493474e-05
0.7594937 9.282026e-05
0.7848101 3.273599e-05
0.8101266 8.057524e-06
0.835443 1.794342e-05
0.8607595 2.873834e-05
0.8860759 1.347442e-05
0.9113924 0.0001966326
0.9367089 0.0008479075
0.9620253 0.0009829265
0.9873418 9.289826e-05
1.012658 1.152725e-05
1.037975 2.276789e-05
1.063291 0.0002671426
1.088608 0.0006389377
1.113924 0.0007446513
1.139241 0.0002012278
1.164557 5.016717e-05
1.189873 9.569175e-06
1.21519 3.972604e-06
1.240506 1.66055e-06
1.265823 4.319776e-07
1.291139 1.412354e-07
1.316456 3.336989e-08
1.341772 6.129005e-09
1.367089 5.569757e-09
1.392405 8.106557e-09
1.417722 1.294217e-09
1.443038 1.042108e-09
1.468354 1.042108e-09
1.493671 1.526744e-09
1.518987 1.230357e-09
1.544304 1.579562e-09
1.56962 5.849013e-09
1.594937 8.830615e-08
1.620253 1.773107e-06
1.64557 6.544108e-06
1.670886 1.514662e-05
1.696203 1.863892e-05
1.721519 3.628818e-06
1.746835 1.703646e-06
1.772152 1.383382e-06
1.797468 1.363932e-06
1.822785 3.013872e-06
1.848101 5.708355e-06
1.873418 5.343769e-06
1.898734 4.149131e-06
1.924051 4.006615e-06
1.949367 1.672678e-06
1.974684 1.542052e-07
2 2.624687e-07
