0.02531646 1
0.05063291 1
0.07594937 0.999965
0.1012658 0.9999974
0.1265823 0.9999997
0.1518987 0.9992289
0.1772152 0.9994968
0.2025316 0.9858272
0.2278481 0.9787914
0.2531646 0.995557
0.278481 0.9993326
0.3037975 0.9839426
0.3291139 0.9938918
0.3544304 0.9550279
0.3797468 0.9595258
0.4050633 0.9864439
0.4303797 0.7113719
0.4556962 0.9170869
0.4810127 0.991795
0.5063291 0.7667761
0.5316456 0.7595637
0.556962 0.9547971
0.5822785 0.9334604
0.6075949 0.4322338
0.6329114 0.03099245
0.6582278 0.0003943362
0.6835443 1.43671e-06
0.7088608 3.300659e-09
0.7341772 2.738805e-09
0.7594937 1.89028e-07
0.7848101 1.039906e-06
0.8101266 1.190736e-06
0.835443 8.222663e-07
0.8607595 2.072983e-07
0.8860759 2.350431e-07
0.9113924 4.684035e-07
0.9367089 2.600448e-06
0.9620253 8.857078e-06
0.9873418 7.844141e-06
1.012658 1.22346e-06
1.037975 9.853722e-08
1.063291 4.61744e-08
1.088608 2.901141e-08
1.113924 2.049364e-08
1.139241 2.049364e-08
1.164557 2.049364e-08
1.189873 2.049364e-08
1.21519 2.151509e-08
1.240506 2.049363e-08
1.265823 2.049363e-08
1.291139 9.320965e-08
1.316456 6.375091e-07
1.341772 2.323318e-06
1.367089 1.482418e-05
1.392405 3.322483e-05
1.417722 1.344713e-05
1.443038 2.229883e-06
1.468354 5.244029e-07
1.493671 1.506187e-07
1.518987 3.867096e-08
1.544304 6.464903e-08
1.56962 4.004655e-08
1.594937 1.028161e-08
1.620253 1.624923e-09
1.64557 5.397601e-10
1.670886 8.001858e-10
1.696203 1.496774e-09
1.721519 1.960434e-09
1.746835 1.816414e-09
1.772152 1.194191e-09
1.797468 4.326692e-10
1.822785 8.915812e-11
1.848101 3.098654e-11
1.873418 2.828166e-11
1.898734 2.80232e-11
1.924051 2.73029e-11
1.949367 2.504348e-11
1.974684 2.0949e-11
2 1.189647e-11
