0.02531646 0.9999865
0.05063291 1
0.07594937 1
0.1012658 0.9999972
0.1265823 0.9999996
0.1518987 1
0.1772152 1
0.2025316 1
0.2278481 1
0.2531646 0.9999991
0.278481 0.9999978
0.3037975 0.9999981
0.3291139 0.9999984
0.3544304 0.9999997
0.3797468 0.9999995
0.4050633 0.9998801
0.4303797 0.9998601
0.4556962 0.9998906
0.4810127 0.9999783
0.5063291 0.9999451
0.5316456 0.9994397
0.556962 0.9895566
0.5822785 0.9958804
0.6075949 0.8515062
0.6329114 0.1836092
0.6582278 0.0011361
0.6835443 1.192503e-07
0.7088608 6.191115e-12
0.7341772 2.45754e-14
0.7594937 3.075502e-14
0.7848101 2.834283e-14
0.8101266 2.155642e-13
0.835443 9.086443e-13
0.8607595 2.330208e-12
0.8860759 4.156635e-12
0.9113924 5.510197e-12
0.9367089 5.891747e-12
0.9620253 3.902567e-12
0.9873418 1.758194e-12
1.012658 7.856466e-13
1.037975 2.923598e-13
1.063291 8.332301e-14
1.088608 1.730499e-14
1.113924 2.577124e-15
1.139241 2.415741e-16
1.164557 1.837035e-18
1.189873 5.198847e-20
1.21519 1.102766e-20
1.240506 2.906399e-21
1.265823 6.438456e-22
1.291139 1.187518e-22
1.316456 1.823991e-23
1.341772 2.333425e-24
1.367089 2.468316e-25
1.392405 2.117985e-26
1.417722 1.487562e-27
1.443038 1.057255e-28
1.468354 1.213715e-29
1.493671 2.410357e-30
1.518987 5.749282e-31
1.544304 1.340669e-31
1.56962 2.91275e-32
1.594937 5.921867e-33
1.620253 1.145102e-33
1.64557 2.127257e-34
1.670886 3.829092e-35
1.696203 6.765669e-36
1.721519 1.194816e-36
1.746835 2.161181e-37
1.772152 4.088439e-38
1.797468 8.123076e-39
1.822785 1.662142e-39
1.848101 3.386199e-40
1.873418 6.68386e-41
1.898734 1.253822e-41
1.924051 2.172967e-42
1.949367 3.292329e-43
1.974684 3.883416e-44
2 2.656451e-45
