0.4303797 1
0.4556962 1
0.4810127 1
0.5063291 0.9999804
0.5316456 0.9946201
0.556962 0.8170928
0.5822785 0.1111642
0.6075949 0.01152031
0.6329114 0.000435657
0.6582278 6.525405e-05
0.6835443 2.852227e-06
0.7088608 1.813692e-07
0.7341772 3.883574e-09
0.7594937 6.818484e-11
0.7848101 1.264154e-12
0.8101266 3.568535e-14
0.835443 1.464639e-15
0.8607595 2.017237e-16
0.8860759 1.707411e-17
0.9113924 7.069525e-19
0.9367089 1.255759e-20
0.9620253 1.772534e-22
0.9873418 3.034067e-22
1.012658 6.519225e-22
1.037975 1.041825e-21
1.063291 1.17317e-21
1.088608 8.928096e-22
1.113924 4.971121e-22
1.139241 2.341031e-22
1.164557 1.01597e-22
1.189873 4.178151e-23
1.21519 1.594573e-23
1.240506 5.678878e-24
1.265823 1.8566e-24
1.291139 5.554128e-25
1.316456 1.507319e-25
1.341772 3.66628e-26
1.367089 7.948785e-27
1.392405 1.504773e-27
1.417722 2.459115e-28
1.443038 3.398638e-29
1.468354 3.983113e-30
1.493671 4.125575e-31
1.518987 4.282679e-32
1.544304 4.990076e-33
1.56962 6.085473e-34
1.594937 6.712589e-35
1.620253 6.284842e-36
1.64557 4.932847e-37
1.670886 3.205972e-38
1.696203 1.696601e-39
1.721519 7.199306e-41
1.746835 2.457347e-42
1.772152 7.041085e-44
1.797468 1.831841e-45
1.822785 4.548594e-47
1.848101 1.038853e-48
1.873418 2.052715e-50
1.898734 3.20508e-52
1.924051 3.537514e-54
1.949367 2.256751e-56
1.974684 6.906969e-59
2 8.750494e-62
