0.02531646 1
0.05063291 1
0.07594937 0.9999977
0.1012658 0.9989627
0.1265823 0.9999276
0.1518987 0.9999887
0.1772152 0.9999755
0.2025316 0.9999806
0.2278481 0.9999959
0.2531646 0.9999777
0.278481 0.9937502
0.3037975 0.9748081
0.3291139 0.9842751
0.3544304 0.9657887
0.3797468 0.9632368
0.4050633 0.9823629
0.4303797 0.9971116
0.4556962 0.9794033
0.4810127 0.9538371
0.5063291 0.9888273
0.5316456 0.9997729
0.556962 0.9999639
0.5822785 0.9984975
0.6075949 0.9164826
0.6329114 0.3401915
0.6582278 0.01236746
0.6835443 2.421746e-05
0.7088608 4.289377e-09
0.7341772 2.42383e-15
0.7594937 2.099445e-15
0.7848101 1.223885e-15
0.8101266 4.946503e-16
0.835443 2.111104e-16
0.8607595 8.424507e-17
0.8860759 3.158794e-17
0.9113924 1.110607e-17
0.9367089 3.651742e-18
0.9620253 1.121679e-18
0.9873418 3.230707e-19
1.012658 8.830417e-20
1.037975 2.338826e-20
1.063291 6.148213e-21
1.088608 1.643079e-21
1.113924 4.726705e-22
1.139241 1.655111e-22
1.164557 7.37996e-23
1.189873 3.643795e-23
1.21519 1.748476e-23
1.240506 7.771774e-24
1.265823 3.134324e-24
1.291139 1.132531e-24
1.316456 3.627176e-25
1.341772 1.018691e-25
1.367089 2.480654e-26
1.392405 5.17905e-27
1.417722 9.187634e-28
1.443038 1.383104e-28
1.468354 1.799278e-29
1.493671 2.152197e-30
1.518987 2.691217e-31
1.544304 4.001301e-32
1.56962 6.929188e-33
1.594937 1.238086e-33
1.620253 2.106609e-34
1.64557 3.323382e-35
1.670886 4.854968e-36
1.696203 6.569281e-37
1.721519 8.194154e-38
1.746835 9.403114e-39
1.772152 1.008998e-39
1.797468 1.055035e-40
1.822785 1.141518e-41
1.848101 1.317101e-42
1.873418 1.622615e-43
1.898734 2.072936e-44
1.924051 2.531997e-45
1.949367 2.670959e-46
1.974684 2.111744e-47
2 9.17699e-49
