0.4050633 1
0.4303797 1
0.4556962 1
0.4810127 1
0.5063291 1
0.5316456 1
0.556962 1
0.5822785 1
0.6075949 1
0.6329114 1
0.6582278 1
0.6835443 1
0.7088608 1
0.7341772 1
0.7594937 1
0.7848101 1
0.8101266 1
0.835443 1
0.8607595 1
0.8860759 1
0.9113924 1
0.9367089 1
0.9620253 1
0.9873418 1
1.012658 1
1.037975 1
1.063291 1
1.088608 1
1.113924 1
1.139241 1
1.164557 0.9999074
1.189873 0.981041
1.21519 0.624381
1.240506 0.005116112
1.265823 1.959469e-42
1.291139 1.960141e-42
1.316456 2.915561e-42
1.341772 8.611647e-43
1.367089 7.321668e-44
1.392405 9.034155e-78
1.417722 8.453867e-84
1.443038 1.190917e-84
1.468354 1.937895e-85
1.493671 2.146884e-86
1.518987 1.570578e-87
1.544304 7.560971e-89
1.56962 2.38958e-90
1.594937 4.52463e-92
1.620253 3.965891e-94
1.64557 7.655641e-97
1.670886 1.412205e-100
1.696203 4.295184e-105
1.721519 7.672529e-110
1.746835 7.322003e-115
1.772152 3.020977e-120
1.797468 3.682322e-126
1.822785 2.018462e-133
1.848101 1.674027e-164
1.873418 6.053727e-173
1.898734 2.514578e-186
1.924051 1.402401e-206
1.949367 6.957652e-224
1.974684 4.395668e-250
2 1.031492e-294
