0.3037975 1
0.3291139 1
0.3544304 1
0.3797468 0.999982
0.4050633 0.9950436
0.4303797 0.8323868
0.4556962 0.1463608
0.4810127 0.009976321
0.5063291 0.001157426
0.5316456 3.086965e-05
0.556962 1.758074e-06
0.5822785 2.255567e-07
0.6075949 6.152444e-09
0.6329114 1.915464e-10
0.6582278 8.206042e-12
0.6835443 6.459912e-13
0.7088608 3.617443e-14
0.7341772 1.457739e-14
0.7594937 1.469051e-12
0.7848101 4.627053e-11
0.8101266 3.346876e-10
0.835443 8.672198e-10
0.8607595 1.207473e-09
0.8860759 1.225616e-09
0.9113924 4.593167e-10
0.9367089 9.440847e-11
0.9620253 3.37925e-11
0.9873418 8.024199e-12
1.012658 5.517195e-13
1.037975 6.838651e-14
1.063291 1.021732e-14
1.088608 1.812562e-15
1.113924 6.311862e-16
1.139241 2.268393e-16
1.164557 7.762233e-17
1.189873 2.372519e-17
1.21519 6.387438e-18
1.240506 1.516451e-18
1.265823 3.189611e-19
1.291139 5.969824e-20
1.316456 9.915654e-21
1.341772 1.443798e-21
1.367089 1.827299e-22
1.392405 2.061766e-23
1.417722 2.260629e-24
1.443038 2.704079e-25
1.468354 3.737227e-26
1.493671 5.979465e-27
1.518987 1.104072e-27
1.544304 2.357628e-28
1.56962 5.772279e-29
1.594937 1.554613e-29
1.620253 4.333797e-30
1.64557 1.189093e-30
1.670886 3.114302e-31
1.696203 7.658294e-32
1.721519 1.751732e-32
1.746835 3.702234e-33
1.772152 7.182534e-34
1.797468 1.268961e-34
1.822785 2.020029e-35
1.848101 2.855427e-36
1.873418 3.512485e-37
1.898734 3.654515e-38
1.924051 3.08478e-39
1.949367 1.978091e-40
1.974684 8.553438e-42
2 1.867986e-43
