0.02531646 0.9999999
0.05063291 1
0.07594937 0.9998825
0.1012658 0.9999908
0.1265823 0.9999998
0.1518987 1
0.1772152 0.9999978
0.2025316 0.9999844
0.2278481 0.9994236
0.2531646 0.9856641
0.278481 0.998958
0.3037975 0.9996669
0.3291139 0.9953001
0.3544304 0.886995
0.3797468 0.9717317
0.4050633 0.9970263
0.4303797 0.9458297
0.4556962 0.9335941
0.4810127 0.9912002
0.5063291 0.9954345
0.5316456 0.9954345
0.556962 0.9954109
0.5822785 0.9027087
0.6075949 0.3696317
0.6329114 0.0208093
0.6582278 0.0005457133
0.6835443 2.427008e-06
0.7088608 8.956088e-07
0.7341772 3.918144e-06
0.7594937 1.507813e-06
0.7848101 3.014254e-07
0.8101266 8.814707e-08
0.835443 3.911137e-06
0.8607595 3.701891e-05
0.8860759 9.198699e-05
0.9113924 9.198699e-05
0.9367089 9.197385e-05
0.9620253 9.19684e-05
0.9873418 8.570567e-05
1.012658 3.099863e-05
1.037975 1.433138e-05
1.063291 1.504853e-05
1.088608 2.149321e-05
1.113924 1.491492e-05
1.139241 2.874262e-06
1.164557 6.884925e-07
1.189873 7.347482e-07
1.21519 6.497031e-06
1.240506 1.376234e-05
1.265823 2.418479e-05
1.291139 3.965177e-05
1.316456 4.09895e-05
1.341772 1.676722e-05
1.367089 3.918624e-06
1.392405 1.560487e-06
1.417722 9.266746e-07
1.443038 5.569335e-07
1.468354 4.077548e-07
1.493671 4.236894e-07
1.518987 5.300077e-07
1.544304 9.041788e-07
1.56962 1.494324e-06
1.594937 1.732255e-06
1.620253 1.308864e-06
1.64557 4.090219e-07
1.670886 5.323369e-08
1.696203 5.68752e-09
1.721519 8.716507e-09
1.746835 3.713604e-08
1.772152 2.168504e-07
1.797468 7.826013e-07
1.822785 1.115094e-06
1.848101 7.802936e-07
1.873418 2.552355e-07
1.898734 5.184221e-08
1.924051 5.172407e-09
1.949367 2.554179e-10
1.974684 1.695689e-10
2 2.107646e-10
