0.7594937 1
0.7848101 1
0.8101266 1
0.835443 1
0.8607595 1
0.8860759 1
0.9113924 1
0.9367089 1
0.9620253 1
0.9873418 1
1.012658 1
1.037975 0.9999922
1.063291 0.9977335
1.088608 0.9103735
1.113924 0.3529659
1.139241 0.008143137
1.164557 0.0002996197
1.189873 1.64683e-05
1.21519 5.27256e-07
1.240506 2.436943e-09
1.265823 4.297226e-12
1.291139 8.891513e-16
1.316456 1.939802e-17
1.341772 1.308692e-19
1.367089 6.79068e-23
1.392405 4.955527e-26
1.417722 2.199277e-26
1.443038 1.685591e-26
1.468354 1.145508e-26
1.493671 6.612248e-27
1.518987 3.196433e-27
1.544304 1.278307e-27
1.56962 4.151983e-28
1.594937 1.0363e-28
1.620253 1.736289e-29
1.64557 1.468863e-30
1.670886 3.585885e-32
1.696203 1.738892e-34
1.721519 1.849325e-35
1.746835 3.164216e-36
1.772152 4.13446e-37
1.797468 4.081366e-38
1.822785 3.175988e-39
1.848101 1.997428e-40
1.873418 1.081288e-41
1.898734 5.173169e-43
1.924051 2.227855e-44
1.949367 8.862914e-46
1.974684 3.348173e-47
2 1.156797e-48
