0.05063291 1
0.07594937 1
0.1012658 1
0.1265823 0.9999886
0.1518987 0.9993112
0.1772152 0.9357958
0.2025316 0.9126653
0.2278481 0.991002
0.2531646 0.8227459
0.278481 0.1392539
0.3037975 0.04393743
0.3291139 0.03905821
0.3544304 0.2568388
0.3797468 0.8788805
0.4050633 0.9511649
0.4303797 0.9799026
0.4556962 0.9957604
0.4810127 0.9960609
0.5063291 0.9959943
0.5316456 0.9621733
0.556962 0.5228418
0.5822785 0.06727959
0.6075949 0.001873033
0.6329114 0.0003908033
0.6582278 0.00161226
0.6835443 0.001176765
0.7088608 0.000997759
0.7341772 0.001082246
0.7594937 0.003683997
0.7848101 0.003683997
0.8101266 0.001060743
0.835443 6.611855e-05
0.8607595 2.123706e-05
0.8860759 1.006318e-05
0.9113924 9.558408e-06
0.9367089 9.560262e-06
0.9620253 1.138215e-05
0.9873418 9.598463e-05
1.012658 0.0005516979
1.037975 0.001072693
1.063291 0.00082491
1.088608 6.372019e-05
1.113924 1.320659e-06
1.139241 2.664135e-08
1.164557 1.371993e-09
1.189873 5.201885e-10
1.21519 5.201884e-10
1.240506 5.201884e-10
1.265823 6.234665e-10
1.291139 8.835435e-09
1.316456 6.289009e-08
1.341772 2.739256e-07
1.367089 2.702574e-07
1.392405 1.256732e-07
1.417722 1.385589e-08
1.443038 5.079324e-10
1.468354 4.296576e-10
1.493671 4.296576e-10
1.518987 1.234027e-09
1.544304 3.560708e-08
1.56962 1.154062e-07
1.594937 3.364006e-08
1.620253 7.012656e-09
1.64557 7.195822e-09
1.670886 4.560675e-08
1.696203 5.159381e-07
1.721519 9.764415e-06
1.746835 1.108779e-05
1.772152 3.13114e-06
1.797468 1.847404e-07
1.822785 2.192397e-09
1.848101 1.567992e-11
1.873418 3.361935e-12
1.898734 3.109837e-11
1.924051 1.201504e-10
1.949367 1.401346e-10
1.974684 1.514896e-10
2 3.910172e-10
