0.02531646 1
0.05063291 1
0.07594937 1
0.1012658 1
0.1265823 1
0.1518987 0.9999997
0.1772152 0.999997
0.2025316 0.9999963
0.2278481 0.9999965
0.2531646 0.9999995
0.278481 1
0.3037975 0.9999999
0.3291139 0.9999999
0.3544304 1
0.3797468 0.9999998
0.4050633 1
0.4303797 1
0.4556962 1
0.4810127 0.9999997
0.5063291 0.9999719
0.5316456 0.9981838
0.556962 0.9923504
0.5822785 0.9871304
0.6075949 0.7630878
0.6329114 0.1289323
0.6582278 0.0009936916
0.6835443 3.676924e-07
0.7088608 1.269048e-10
0.7341772 1.02648e-12
0.7594937 3.992279e-11
0.7848101 3.879978e-09
0.8101266 1.037892e-07
0.835443 4.371559e-07
0.8607595 4.383321e-07
0.8860759 1.137375e-07
0.9113924 1.641972e-08
0.9367089 8.438735e-09
0.9620253 3.202259e-08
0.9873418 3.706693e-08
1.012658 1.25522e-08
1.037975 1.921714e-09
1.063291 8.137175e-12
1.088608 2.173301e-12
1.113924 3.305919e-13
1.139241 3.090153e-16
1.164557 4.951528e-18
1.189873 1.051031e-19
1.21519 1.763098e-20
1.240506 2.962497e-21
1.265823 4.089318e-22
1.291139 4.542802e-23
1.316456 4.056122e-24
1.341772 3.009152e-25
1.367089 2.191309e-26
1.392405 2.466845e-27
1.417722 5.034737e-28
1.443038 1.268612e-28
1.468354 3.251551e-29
1.493671 8.264483e-30
1.518987 2.12765e-30
1.544304 5.623223e-31
1.56962 1.492906e-31
1.594937 3.827339e-32
1.620253 9.298076e-33
1.64557 2.157819e-33
1.670886 4.840422e-34
1.696203 1.063727e-34
1.721519 2.316439e-35
1.746835 5.052862e-36
1.772152 1.103395e-36
1.797468 2.407344e-37
1.822785 5.203202e-38
1.848101 1.102061e-38
1.873418 2.272914e-39
1.898734 4.539093e-40
1.924051 8.621017e-41
1.949367 1.493293e-41
1.974684 2.126803e-42
2 1.866673e-43
