0.4050633 0.9999999
0.4303797 1
0.4556962 1
0.4810127 0.9999982
0.5063291 0.9989609
0.5316456 0.9351492
0.556962 0.4190493
0.5822785 0.02777584
0.6075949 0.001660833
0.6329114 6.377449e-05
0.6582278 4.951055e-06
0.6835443 5.417491e-07
0.7088608 1.324834e-08
0.7341772 2.584671e-10
0.7594937 5.70295e-12
0.7848101 1.830255e-13
0.8101266 4.829879e-15
0.835443 5.341141e-16
0.8607595 6.345164e-17
0.8860759 4.249888e-18
0.9113924 2.718233e-19
0.9367089 4.103939e-19
0.9620253 1.024639e-18
0.9873418 2.064138e-18
1.012658 3.249933e-18
1.037975 3.89987e-18
1.063291 3.523232e-18
1.088608 2.453563e-18
1.113924 1.443881e-18
1.139241 7.707307e-19
1.164557 3.832889e-19
1.189873 1.777209e-19
1.21519 7.666735e-20
1.240506 3.062416e-20
1.265823 1.126383e-20
1.291139 3.784906e-21
1.316456 1.151107e-21
1.341772 3.132645e-22
1.367089 7.533541e-23
1.392405 1.577855e-23
1.417722 2.827581e-24
1.443038 4.237039e-25
1.468354 5.14049e-26
1.493671 4.813009e-27
1.518987 3.233324e-28
1.544304 1.412213e-29
1.56962 4.356187e-31
1.594937 2.698331e-32
1.620253 2.564802e-33
1.64557 2.16435e-34
1.670886 1.672404e-35
1.696203 1.229063e-36
1.721519 8.895936e-38
1.746835 6.449882e-39
1.772152 4.641406e-40
1.797468 3.225968e-41
1.822785 2.095798e-42
1.848101 1.234044e-43
1.873418 6.392971e-45
1.898734 2.81587e-46
1.924051 1.008416e-47
1.949367 2.753199e-49
1.974684 5.068746e-51
2 4.606965e-53
