0.07594937 1
0.1012658 1
0.1265823 1
0.1518987 0.9999996
0.1772152 0.9998089
0.2025316 0.9851467
0.2278481 0.7738798
0.2531646 0.2209726
0.278481 0.8506385
0.3037975 0.1267036
0.3291139 0.07670015
0.3544304 0.07670019
0.3797468 0.1037685
0.4050633 0.1822626
0.4303797 0.6920679
0.4556962 0.9817432
0.4810127 0.8918706
0.5063291 0.2418602
0.5316456 0.09025185
0.556962 0.06856712
0.5822785 0.008302875
0.6075949 0.006879496
0.6329114 0.02629123
0.6582278 0.005694628
0.6835443 0.00298922
0.7088608 0.01118553
0.7341772 0.003415834
0.7594937 0.001967132
0.7848101 0.001276975
0.8101266 0.001701022
0.835443 0.003598037
0.8607595 0.0004255655
0.8860759 6.27464e-05
0.9113924 4.694236e-05
0.9367089 0.0002041042
0.9620253 1.916055e-05
0.9873418 2.543266e-06
1.012658 1.301025e-07
1.037975 2.795742e-09
1.063291 1.001995e-09
1.088608 1.10911e-09
1.113924 7.344748e-10
1.139241 2.903133e-10
1.164557 1.912231e-10
1.189873 1.883882e-10
1.21519 1.883882e-10
1.240506 1.901345e-10
1.265823 2.82509e-10
1.291139 4.993802e-09
1.316456 8.081981e-08
1.341772 3.328222e-08
1.367089 4.674547e-09
1.392405 4.635361e-09
1.417722 4.635361e-09
1.443038 4.635418e-09
1.468354 4.926215e-09
1.493671 1.479756e-08
1.518987 2.776269e-08
1.544304 9.350334e-08
1.56962 2.392124e-07
1.594937 9.815455e-08
1.620253 5.111496e-08
1.64557 1.011165e-06
1.670886 3.658871e-05
1.696203 6.838057e-05
1.721519 6.838057e-05
1.746835 2.410829e-05
1.772152 2.036947e-06
1.797468 2.702098e-08
1.822785 2.520483e-09
1.848101 3.976163e-09
1.873418 4.03499e-09
1.898734 1.731745e-09
1.924051 2.430336e-10
1.949367 1.348432e-11
1.974684 2.661773e-12
2 5.474865e-12
