0.02531646 1
0.05063291 0.999997
0.07594937 0.9999931
0.1012658 0.9999487
0.1265823 0.9876981
0.1518987 0.998152
0.1772152 0.9972793
0.2025316 0.9706547
0.2278481 0.938734
0.2531646 0.9549272
0.278481 0.9929683
0.3037975 0.9998211
0.3291139 0.9981686
0.3544304 0.998201
0.3797468 0.9986571
0.4050633 0.8215612
0.4303797 0.9554802
0.4556962 0.9737876
0.4810127 0.7630862
0.5063291 0.725449
0.5316456 0.9399847
0.556962 0.9880447
0.5822785 0.8078049
0.6075949 0.1934746
0.6329114 0.006637041
0.6582278 0.0003806505
0.6835443 9.032762e-05
0.7088608 0.0001146645
0.7341772 0.0001785288
0.7594937 9.378079e-06
0.7848101 8.406497e-07
0.8101266 1.317724e-06
0.835443 1.40889e-05
0.8607595 8.533798e-05
0.8860759 0.0002251742
0.9113924 0.0002841517
0.9367089 0.0002190609
0.9620253 0.0001089582
0.9873418 6.962425e-05
1.012658 4.96615e-05
1.037975 2.924031e-05
1.063291 2.370815e-05
1.088608 9.858277e-06
1.113924 5.475523e-06
1.139241 1.703292e-06
1.164557 5.089123e-06
1.189873 6.298534e-05
1.21519 0.0002121116
1.240506 0.0003188491
1.265823 7.222299e-05
1.291139 6.347471e-06
1.316456 1.843164e-06
1.341772 1.987649e-05
1.367089 0.0001404943
1.392405 0.000242301
1.417722 0.0002423066
1.443038 0.000242312
1.468354 0.0001086476
1.493671 2.508904e-05
1.518987 4.166198e-06
1.544304 6.324474e-07
1.56962 5.892061e-08
1.594937 5.826673e-09
1.620253 4.535643e-10
1.64557 2.161027e-10
1.670886 9.82637e-11
1.696203 3.975422e-11
1.721519 1.790224e-11
1.746835 1.435602e-11
1.772152 1.53306e-11
1.797468 1.559195e-11
1.822785 1.495093e-11
1.848101 1.359238e-11
1.873418 1.191742e-11
1.898734 9.777952e-12
1.924051 6.780616e-12
1.949367 3.340662e-12
1.974684 9.134082e-13
2 2.878625e-13
