0.02531646 1
0.05063291 1
0.07594937 1
0.1012658 1
0.1265823 0.9999999
0.1518987 0.9999886
0.1772152 0.9992323
0.2025316 0.9993063
0.2278481 0.9979197
0.2531646 0.9726278
0.278481 0.9987921
0.3037975 0.9986904
0.3291139 0.9718443
0.3544304 0.8846865
0.3797468 0.9184495
0.4050633 0.9768135
0.4303797 0.7701741
0.4556962 0.3956174
0.4810127 0.3956174
0.5063291 0.3956174
0.5316456 0.6241829
0.556962 0.9646974
0.5822785 0.8717319
0.6075949 0.2883902
0.6329114 0.01257331
0.6582278 0.001189484
0.6835443 0.0009152211
0.7088608 0.0009494589
0.7341772 0.0009623574
0.7594937 0.0003323574
0.7848101 0.0002043461
0.8101266 0.0003794442
0.835443 0.0003500704
0.8607595 0.0004218345
0.8860759 0.000673498
0.9113924 0.0006412276
0.9367089 0.0004149936
0.9620253 0.0001752358
0.9873418 5.457053e-05
1.012658 9.998136e-06
1.037975 2.404505e-06
1.063291 2.782067e-06
1.088608 1.03769e-05
1.113924 1.285014e-05
1.139241 3.56718e-06
1.164557 1.374958e-06
1.189873 3.700683e-06
1.21519 0.0001213236
1.240506 0.0006341222
1.265823 0.0008827787
1.291139 0.0005810573
1.316456 3.039367e-05
1.341772 1.701548e-06
1.367089 1.794002e-06
1.392405 2.375255e-05
1.417722 8.184374e-05
1.443038 0.0001972442
1.468354 0.0003266761
1.493671 0.0002898269
1.518987 0.0001220115
1.544304 6.936838e-05
1.56962 3.515299e-05
1.594937 1.332912e-05
1.620253 5.537655e-06
1.64557 1.072225e-06
1.670886 8.960047e-08
1.696203 3.92691e-09
1.721519 9.091272e-10
1.746835 2.273912e-09
1.772152 1.425016e-09
1.797468 8.654731e-10
1.822785 8.65473e-10
1.848101 8.86956e-10
1.873418 1.276727e-09
1.898734 1.305874e-09
1.924051 1.228083e-09
1.949367 1.756196e-09
1.974684 1.106715e-08
2 8.128907e-09
