0.4050633 1
0.4303797 1
0.4556962 1
0.4810127 0.9999985
0.5063291 0.9997828
0.5316456 0.9904884
0.556962 0.828167
0.5822785 0.1298264
0.6075949 0.001178479
0.6329114 4.715695e-05
0.6582278 6.595032e-06
0.6835443 2.468394e-07
0.7088608 7.090991e-09
0.7341772 1.223975e-10
0.7594937 3.062549e-12
0.7848101 1.090408e-13
0.8101266 3.135002e-15
0.835443 4.115532e-16
0.8607595 4.633616e-17
0.8860759 3.130314e-18
0.9113924 8.232432e-19
0.9367089 2.044619e-18
0.9620253 4.679236e-18
0.9873418 8.60512e-18
1.012658 1.241446e-17
1.037975 1.379918e-17
1.063291 1.180227e-17
1.088608 8.039686e-18
1.113924 4.742365e-18
1.139241 2.562424e-18
1.164557 1.292935e-18
1.189873 6.076395e-19
1.21519 2.651033e-19
1.240506 1.068228e-19
1.265823 3.95159e-20
1.291139 1.332054e-20
1.316456 4.056844e-21
1.341772 1.105203e-21
1.367089 2.661718e-22
1.392405 5.588292e-23
1.417722 1.00495e-23
1.443038 1.512303e-24
1.468354 1.843762e-25
1.493671 1.734832e-26
1.518987 1.167332e-27
1.544304 4.995155e-29
1.56962 1.326232e-30
1.594937 6.636429e-32
1.620253 6.330263e-33
1.64557 5.535481e-34
1.670886 4.656587e-35
1.696203 3.938615e-36
1.721519 3.408898e-37
1.746835 2.977612e-38
1.772152 2.546163e-39
1.797468 2.06723e-40
1.822785 1.554633e-41
1.848101 1.061737e-42
1.873418 6.458302e-44
1.898734 3.415235e-45
1.924051 1.513882e-46
1.949367 5.298753e-48
1.974684 1.306861e-49
2 1.696328e-51
