0.02531646 1
0.05063291 0.9999998
0.07594937 0.9999997
0.1012658 0.9999999
0.1265823 0.9999989
0.1518987 0.9999973
0.1772152 0.9999982
0.2025316 0.9999998
0.2278481 1
0.2531646 1
0.278481 1
0.3037975 1
0.3291139 1
0.3544304 1
0.3797468 1
0.4050633 1
0.4303797 0.9999999
0.4556962 0.9999908
0.4810127 0.999946
0.5063291 0.9999984
0.5316456 0.9999984
0.556962 0.999932
0.5822785 0.9870236
0.6075949 0.7353872
0.6329114 0.1194959
0.6582278 0.001187472
0.6835443 1.312313e-06
0.7088608 8.670468e-10
0.7341772 7.660122e-10
0.7594937 5.806229e-09
0.7848101 2.629446e-09
0.8101266 5.371752e-09
0.835443 4.757576e-08
0.8607595 3.543247e-07
0.8860759 4.244327e-07
0.9113924 1.010192e-07
0.9367089 2.021652e-08
0.9620253 1.080917e-07
0.9873418 3.25901e-07
1.012658 6.939922e-09
1.037975 1.506337e-10
1.063291 1.252892e-10
1.088608 1.491418e-11
1.113924 8.280304e-16
1.139241 9.501836e-17
1.164557 1.637126e-18
1.189873 7.298163e-20
1.21519 1.210291e-20
1.240506 1.799726e-21
1.265823 2.164199e-22
1.291139 2.108057e-23
1.316456 1.744969e-24
1.341772 1.42817e-25
1.367089 1.572074e-26
1.392405 2.788276e-27
1.417722 6.502669e-28
1.443038 1.623638e-28
1.468354 4.101037e-29
1.493671 1.068057e-29
1.518987 2.939678e-30
1.544304 8.410132e-31
1.56962 2.377647e-31
1.594937 6.38213e-32
1.620253 1.623787e-32
1.64557 3.969919e-33
1.670886 9.411134e-34
1.696203 2.179347e-34
1.721519 4.955935e-35
1.746835 1.116328e-35
1.772152 2.508511e-36
1.797468 5.610244e-37
1.822785 1.241897e-37
1.848101 2.694705e-38
1.873418 5.697422e-39
1.898734 1.168821e-39
1.924051 2.284776e-40
1.949367 4.096518e-41
1.974684 6.119056e-42
2 5.7358e-43
