0.4556962 1
0.4810127 1
0.5063291 1
0.5316456 0.9999986
0.556962 0.9994576
0.5822785 0.9743407
0.6075949 0.7453375
0.6329114 0.04062121
0.6582278 0.004815038
0.6835443 0.000736038
0.7088608 2.646594e-05
0.7341772 6.77677e-07
0.7594937 1.236825e-08
0.7848101 1.756351e-10
0.8101266 2.132444e-12
0.835443 4.765103e-14
0.8607595 1.806095e-15
0.8860759 2.197706e-16
0.9113924 1.563246e-17
0.9367089 5.15446e-19
0.9620253 5.996904e-21
0.9873418 1.573472e-23
1.012658 3.738718e-27
1.037975 5.565652e-32
1.063291 3.26926e-36
1.088608 1.078943e-39
1.113924 6.140449e-42
1.139241 2.86906e-42
1.164557 1.574883e-42
1.189873 8.444488e-43
1.21519 4.394813e-43
1.240506 2.197205e-43
1.265823 1.053111e-43
1.291139 4.794087e-44
1.316456 2.062579e-44
1.341772 8.283678e-45
1.367089 3.083047e-45
1.392405 1.062874e-45
1.417722 3.381986e-46
1.443038 9.849545e-47
1.468354 2.593252e-47
1.493671 6.119482e-48
1.518987 1.275507e-48
1.544304 2.318881e-49
1.56962 3.613155e-50
1.594937 4.692503e-51
1.620253 4.893071e-52
1.64557 3.914739e-53
1.670886 2.255542e-54
1.696203 8.607429e-56
1.721519 2.036319e-57
1.746835 3.377006e-59
1.772152 6.421776e-61
1.797468 1.498805e-62
1.822785 3.267454e-64
1.848101 6.243892e-66
1.873418 9.28446e-68
1.898734 9.293242e-70
1.924051 5.847958e-72
1.949367 1.857795e-74
1.974684 1.662334e-77
2 5.299214e-82
