0.02531646 1
0.05063291 0.999997
0.07594937 0.9999994
0.1012658 0.999997
0.1265823 0.9997679
0.1518987 0.9997217
0.1772152 0.9999759
0.2025316 0.9999992
0.2278481 0.9999995
0.2531646 0.9999969
0.278481 0.999858
0.3037975 0.9920339
0.3291139 0.9920354
0.3544304 0.9100055
0.3797468 0.9424632
0.4050633 0.9934683
0.4303797 0.9944862
0.4556962 0.9493205
0.4810127 0.9135404
0.5063291 0.9761265
0.5316456 0.9967077
0.556962 0.998639
0.5822785 0.9932294
0.6075949 0.8994849
0.6329114 0.3044854
0.6582278 0.02523811
0.6835443 0.0004602271
0.7088608 2.21177e-06
0.7341772 7.604316e-07
0.7594937 1.850155e-05
0.7848101 0.0003484842
0.8101266 0.000453503
0.835443 0.00019103
0.8607595 7.223013e-06
0.8860759 1.635393e-07
0.9113924 5.95631e-09
0.9367089 1.117968e-08
0.9620253 1.230346e-07
0.9873418 4.700562e-07
1.012658 3.358541e-07
1.037975 4.818944e-08
1.063291 3.226106e-09
1.088608 2.415711e-09
1.113924 2.401079e-09
1.139241 3.619799e-09
1.164557 1.025573e-07
1.189873 3.340652e-06
1.21519 5.121852e-05
1.240506 0.0002119147
1.265823 0.0002336669
1.291139 0.0002336669
1.316456 0.0002170561
1.341772 6.671926e-05
1.367089 1.179721e-05
1.392405 2.5318e-06
1.417722 3.6361e-07
1.443038 1.120266e-07
1.468354 4.959814e-08
1.493671 1.345709e-08
1.518987 2.054772e-09
1.544304 1.15007e-09
1.56962 2.273317e-09
1.594937 4.40374e-09
1.620253 1.908697e-08
1.64557 1.612991e-07
1.670886 6.163267e-07
1.696203 5.387935e-07
1.721519 2.06274e-07
1.746835 2.919232e-08
1.772152 1.145042e-09
1.797468 4.73411e-10
1.822785 4.887505e-10
1.848101 4.750547e-10
1.873418 3.956882e-10
1.898734 2.513042e-10
1.924051 1.089528e-10
1.949367 2.429387e-11
1.974684 2.740907e-12
2 1.369678e-12
