0.5822785 1
0.6075949 1
0.6329114 1
0.6582278 1
0.6835443 1
0.7088608 1
0.7341772 1
0.7594937 1
0.7848101 1
0.8101266 1
0.835443 1
0.8607595 1
0.8860759 1
0.9113924 1
0.9367089 1
0.9620253 1
0.9873418 1
1.012658 1
1.037975 1
1.063291 1
1.088608 0.9999999
1.113924 0.9999347
1.139241 0.9943463
1.164557 0.8637564
1.189873 0.07573435
1.21519 0.004264378
1.240506 0.0004683868
1.265823 3.268372e-06
1.291139 6.87999e-10
1.316456 3.936679e-14
1.341772 1.939304e-17
1.367089 1.574764e-23
1.392405 3.234016e-26
1.417722 5.098548e-27
1.443038 1.225988e-29
1.468354 5.568452e-31
1.493671 8.410782e-31
1.518987 9.760477e-31
1.544304 8.659681e-31
1.56962 5.815631e-31
1.594937 2.878012e-31
1.620253 1.01396e-31
1.64557 2.541117e-32
1.670886 4.767335e-33
1.696203 7.279474e-34
1.721519 9.459238e-35
1.746835 1.066913e-35
1.772152 1.039546e-36
1.797468 9.223913e-38
1.822785 8.430737e-39
1.848101 8.183923e-40
1.873418 7.484552e-41
1.898734 5.655306e-42
1.924051 3.436151e-43
1.949367 1.707712e-44
1.974684 7.267007e-46
2 2.376223e-47
