0.6329114 1
0.6582278 1
0.6835443 1
0.7088608 1
0.7341772 1
0.7594937 1
0.7848101 0.9999989
0.8101266 0.9994029
0.835443 0.9605794
0.8607595 0.5648049
0.8860759 0.03648076
0.9113924 0.0009350284
0.9367089 2.650597e-05
0.9620253 4.273224e-07
0.9873418 3.109099e-09
1.012658 1.143592e-11
1.037975 2.015888e-13
1.063291 5.414397e-14
1.088608 3.599276e-15
1.113924 3.800046e-16
1.139241 8.239803e-17
1.164557 1.612097e-17
1.189873 2.533008e-18
1.21519 3.095853e-19
1.240506 2.929201e-20
1.265823 2.123558e-21
1.291139 1.086117e-22
1.316456 3.730259e-24
1.341772 5.404519e-26
1.367089 4.263162e-29
1.392405 3.583405e-31
1.417722 3.746691e-33
1.443038 1.597422e-35
1.468354 3.235223e-38
1.493671 3.740019e-41
1.518987 1.260448e-42
1.544304 1.499491e-43
1.56962 1.404774e-44
1.594937 1.057194e-45
1.620253 5.797738e-47
1.64557 2.33054e-48
1.670886 6.467957e-50
1.696203 1.168824e-51
1.721519 1.315574e-53
1.746835 8.44742e-56
1.772152 3.034958e-58
1.797468 6.575955e-61
1.822785 1.10759e-63
1.848101 2.426143e-66
1.873418 1.460324e-68
1.898734 1.302842e-70
1.924051 1.199409e-72
1.949367 1.354887e-74
1.974684 1.481141e-76
2 8.348915e-79
