0.05063291 0.9999998
0.07594937 1
0.1012658 1
0.1265823 1
0.1518987 0.9999999
0.1772152 0.9999686
0.2025316 0.9987358
0.2278481 0.989502
0.2531646 0.86275
0.278481 0.4756182
0.3037975 0.09827976
0.3291139 0.2856496
0.3544304 0.9551659
0.3797468 0.9959665
0.4050633 0.9959664
0.4303797 0.9959665
0.4556962 0.9589018
0.4810127 0.5797376
0.5063291 0.06109317
0.5316456 0.007970014
0.556962 0.008150272
0.5822785 0.02984268
0.6075949 0.02826393
0.6329114 0.005145348
0.6582278 0.001426635
0.6835443 0.001178268
0.7088608 0.0002864188
0.7341772 9.476801e-05
0.7594937 4.217948e-05
0.7848101 1.523759e-05
0.8101266 5.793882e-06
0.835443 6.213531e-06
0.8607595 8.493957e-06
0.8860759 2.406411e-05
0.9113924 1.40568e-05
0.9367089 5.703376e-06
0.9620253 1.42089e-06
0.9873418 2.350183e-07
1.012658 2.916344e-08
1.037975 1.109797e-08
1.063291 4.838742e-07
1.088608 4.959298e-06
1.113924 8.915624e-06
1.139241 4.082027e-06
1.164557 4.16707e-07
1.189873 1.296962e-07
1.21519 5.338305e-07
1.240506 5.089793e-07
1.265823 7.456321e-08
1.291139 6.053331e-09
1.316456 6.864769e-10
1.341772 4.478177e-10
1.367089 9.435085e-10
1.392405 6.703469e-09
1.417722 1.518263e-08
1.443038 5.075413e-09
1.468354 4.508193e-10
1.493671 4.1543e-10
1.518987 4.1543e-10
1.544304 4.457835e-10
1.56962 5.919986e-10
1.594937 1.668724e-09
1.620253 1.353189e-08
1.64557 2.268777e-08
1.670886 3.988376e-08
1.696203 3.859174e-07
1.721519 7.058535e-06
1.746835 8.413189e-05
1.772152 0.0001135273
1.797468 7.217382e-05
1.822785 1.304247e-05
1.848101 6.027308e-07
1.873418 6.898313e-09
1.898734 4.097331e-09
1.924051 1.218114e-08
1.949367 6.264486e-09
1.974684 5.138963e-09
2 4.036742e-07
