0.4050633 1
0.4303797 1
0.4556962 1
0.4810127 1
0.5063291 1
0.5316456 1
0.556962 1
0.5822785 1
0.6075949 1
0.6329114 1
0.6582278 1
0.6835443 1
0.7088608 1
0.7341772 1
0.7594937 1
0.7848101 1
0.8101266 1
0.835443 1
0.8607595 1
0.8860759 1
0.9113924 1
0.9367089 1
0.9620253 1
0.9873418 1
1.012658 1
1.037975 1
1.063291 1
1.088608 1
1.113924 0.9999991
1.139241 0.9998215
1.164557 0.9910554
1.189873 0.8290815
1.21519 0.186921
1.240506 0.008550549
1.265823 0.0001085516
1.291139 3.086318e-07
1.316456 1.006835e-10
1.341772 1.392413e-15
1.367089 9.963438e-23
1.392405 5.894906e-68
1.417722 1.107855e-67
1.443038 3.387708e-70
1.468354 3.075078e-71
1.493671 9.181541e-71
1.518987 1.965979e-70
1.544304 3.005554e-70
1.56962 3.260479e-70
1.594937 2.497493e-70
1.620253 1.457501e-70
1.64557 3.955425e-71
1.670886 3.493231e-72
1.696203 3.011762e-74
1.721519 6.538107e-77
1.746835 1.371116e-79
1.772152 1.835697e-82
1.797468 2.366951e-85
1.822785 2.189779e-88
1.848101 2.813736e-91
1.873418 2.704742e-94
1.898734 1.369046e-97
1.924051 3.169872e-101
1.949367 8.18016e-106
1.974684 1.157649e-111
2 6.573498e-123
