0.6075949 1
0.6329114 1
0.6582278 1
0.6835443 1
0.7088608 1
0.7341772 0.999943
0.7594937 0.9919316
0.7848101 0.8212661
0.8101266 0.1904099
0.835443 0.004954288
0.8607595 0.0001901751
0.8860759 5.883762e-06
0.9113924 7.747337e-08
0.9367089 6.569185e-10
0.9620253 2.227631e-12
0.9873418 1.168891e-14
1.012658 4.191939e-16
1.037975 2.29465e-17
1.063291 4.713824e-19
1.088608 1.267295e-21
1.113924 6.889382e-26
1.139241 2.320939e-29
1.164557 1.824447e-30
1.189873 1.734611e-31
1.21519 1.467621e-32
1.240506 9.748777e-34
1.265823 5.197159e-35
1.291139 1.949883e-36
1.316456 4.893025e-38
1.341772 6.206839e-40
1.367089 1.343071e-42
1.392405 3.249388e-46
1.417722 8.546949e-48
1.443038 2.976282e-49
1.468354 1.180802e-50
1.493671 4.404016e-52
1.518987 1.269984e-53
1.544304 2.890994e-55
1.56962 4.728792e-57
1.594937 5.661517e-59
1.620253 4.818023e-61
1.64557 4.368988e-63
1.670886 1.185299e-64
1.696203 5.402683e-66
1.721519 2.222417e-67
1.746835 7.563646e-69
1.772152 2.076432e-70
1.797468 4.502264e-72
1.822785 7.659721e-74
1.848101 1.104419e-75
1.873418 1.861398e-77
1.898734 4.757808e-79
1.924051 1.413998e-80
1.949367 3.840962e-82
1.974684 7.894353e-84
2 8.825602e-86
