0.02531646 1
0.05063291 1
0.07594937 0.9998485
0.1012658 0.9999901
0.1265823 0.9999993
0.1518987 0.9999998
0.1772152 0.9999998
0.2025316 0.9999996
0.2278481 0.9999873
0.2531646 0.9945617
0.278481 0.996296
0.3037975 0.9998995
0.3291139 0.998119
0.3544304 0.9997382
0.3797468 0.9980968
0.4050633 0.9917255
0.4303797 0.9435467
0.4556962 0.9588197
0.4810127 0.99773
0.5063291 0.9999674
0.5316456 0.9999748
0.556962 0.9999474
0.5822785 0.9972498
0.6075949 0.9067378
0.6329114 0.3178758
0.6582278 0.01259014
0.6835443 2.101066e-05
0.7088608 2.265989e-09
0.7341772 2.459106e-15
0.7594937 2.241279e-15
0.7848101 1.151573e-15
0.8101266 4.523406e-16
0.835443 1.868266e-16
0.8607595 7.160683e-17
0.8860759 2.560151e-17
0.9113924 8.544193e-18
0.9367089 2.680131e-18
0.9620253 8.071604e-19
0.9873418 2.437558e-19
1.012658 7.771886e-20
1.037975 2.641033e-20
1.063291 9.036805e-21
1.088608 2.906764e-21
1.113924 8.80988e-22
1.139241 2.902375e-22
1.164557 1.214793e-22
1.189873 5.836047e-23
1.21519 2.737079e-23
1.240506 1.180932e-23
1.265823 4.573345e-24
1.291139 1.570272e-24
1.316456 4.728859e-25
1.341772 1.235473e-25
1.367089 2.769081e-26
1.392405 5.268372e-27
1.417722 8.447403e-28
1.443038 1.143996e-28
1.468354 1.343222e-29
1.493671 1.481406e-30
1.518987 1.778978e-31
1.544304 2.576409e-32
1.56962 4.20408e-33
1.594937 6.875194e-34
1.620253 1.065711e-34
1.64557 1.544563e-35
1.670886 2.09353e-36
1.696203 2.658974e-37
1.721519 3.105675e-38
1.746835 3.299425e-39
1.772152 3.242534e-40
1.797468 3.138246e-41
1.822785 3.308142e-42
1.848101 3.961558e-43
1.873418 5.144634e-44
1.898734 6.705917e-45
1.924051 8.057302e-46
1.949367 8.167407e-47
1.974684 6.138756e-48
2 2.533619e-49
