0.556962 1
0.5822785 1
0.6075949 1
0.6329114 1
0.6582278 1
0.6835443 1
0.7088608 1
0.7341772 1
0.7594937 1
0.7848101 1
0.8101266 1
0.835443 1
0.8607595 1
0.8860759 1
0.9113924 1
0.9367089 1
0.9620253 1
0.9873418 1
1.012658 1
1.037975 1
1.063291 1
1.088608 1
1.113924 0.9999975
1.139241 0.997931
1.164557 0.8895487
1.189873 0.3883559
1.21519 0.008843047
1.240506 0.0002850855
1.265823 1.969278e-06
1.291139 2.045004e-09
1.316456 9.469466e-14
1.341772 1.659059e-17
1.367089 4.443903e-23
1.392405 1.11072e-31
1.417722 4.246702e-34
1.443038 3.523318e-35
1.468354 6.679773e-43
1.493671 9.020098e-43
1.518987 1.07784e-42
1.544304 1.069654e-42
1.56962 8.077413e-43
1.594937 4.224656e-43
1.620253 1.357086e-43
1.64557 2.300085e-44
1.670886 1.74211e-45
1.696203 6.238749e-47
1.721519 8.000622e-48
1.746835 3.974705e-48
1.772152 1.517217e-48
1.797468 3.048432e-49
1.822785 2.424564e-50
1.848101 7.904907e-52
1.873418 1.02993e-53
1.898734 5.386208e-56
1.924051 2.024599e-58
1.949367 4.939971e-61
1.974684 6.81494e-64
2 5.735324e-67
