0.4050633 1
0.4303797 1
0.4556962 1
0.4810127 1
0.5063291 1
0.5316456 1
0.556962 1
0.5822785 1
0.6075949 1
0.6329114 1
0.6582278 1
0.6835443 1
0.7088608 1
0.7341772 1
0.7594937 1
0.7848101 1
0.8101266 1
0.835443 1
0.8607595 1
0.8860759 1
0.9113924 1
0.9367089 1
0.9620253 1
0.9873418 1
1.012658 1
1.037975 1
1.063291 1
1.088608 1
1.113924 0.9999989
1.139241 0.9998013
1.164557 0.9895279
1.189873 0.8033865
1.21519 0.1607242
1.240506 0.007476296
1.265823 9.875613e-05
1.291139 2.804906e-07
1.316456 8.565493e-11
1.341772 1.029099e-15
1.367089 7.723627e-23
1.392405 4.222153e-63
1.417722 9.393953e-63
1.443038 6.508375e-64
1.468354 3.781089e-68
1.493671 1.566681e-67
1.518987 4.640602e-67
1.544304 9.727071e-67
1.56962 1.422126e-66
1.594937 1.420237e-66
1.620253 9.412328e-67
1.64557 3.988987e-67
1.670886 1.122952e-67
1.696203 6.946583e-69
1.721519 8.87295e-71
1.746835 3.268075e-73
1.772152 1.496702e-75
1.797468 4.118605e-78
1.822785 1.275751e-80
1.848101 3.674773e-83
1.873418 1.069133e-85
1.898734 2.380419e-88
1.924051 2.506356e-91
1.949367 1.059352e-94
1.974684 3.611913e-99
2 1.836923e-106
