0.5822785 1
0.6075949 1
0.6329114 1
0.6582278 1
0.6835443 1
0.7088608 0.9999989
0.7341772 0.9994617
0.7594937 0.9648188
0.7848101 0.5944572
0.8101266 0.04423429
0.835443 0.001391253
0.8607595 5.51846e-05
0.8860759 1.111992e-06
0.9113924 1.424032e-08
0.9367089 9.577659e-11
0.9620253 4.178568e-13
0.9873418 2.852558e-15
1.012658 1.715897e-16
1.037975 6.231379e-18
1.063291 6.167209e-20
1.088608 3.76519e-23
1.113924 2.694847e-28
1.139241 2.710827e-30
1.164557 1.921055e-31
1.189873 1.531158e-32
1.21519 1.072478e-33
1.240506 5.883987e-35
1.265823 2.566969e-36
1.291139 7.849538e-38
1.316456 1.595806e-39
1.341772 1.61257e-41
1.367089 2.49954e-44
1.392405 3.383767e-48
1.417722 6.943918e-50
1.443038 1.924571e-51
1.468354 5.736615e-53
1.493671 1.467917e-54
1.518987 2.895611e-56
1.544304 4.554432e-58
1.56962 7.235764e-60
1.594937 2.222526e-61
1.620253 1.132884e-62
1.64557 5.743148e-64
1.670886 2.518802e-65
1.696203 9.249044e-67
1.721519 2.799726e-68
1.746835 6.908929e-70
1.772152 1.40982e-71
1.797468 2.655235e-73
1.822785 6.416397e-75
1.848101 2.384152e-76
1.873418 1.007665e-77
1.898734 3.933424e-79
1.924051 1.339528e-80
1.949367 3.731109e-82
1.974684 7.483042e-84
2 8.001985e-86
