0.4556962 1
0.4810127 1
0.5063291 1
0.5316456 1
0.556962 1
0.5822785 1
0.6075949 1
0.6329114 1
0.6582278 1
0.6835443 1
0.7088608 1
0.7341772 1
0.7594937 1
0.7848101 1
0.8101266 1
0.835443 1
0.8607595 1
0.8860759 1
0.9113924 1
0.9367089 1
0.9620253 1
0.9873418 1
1.012658 1
1.037975 1
1.063291 1
1.088608 1
1.113924 0.9999991
1.139241 0.9997829
1.164557 0.9851599
1.189873 0.7054817
1.21519 0.1006898
1.240506 0.00317797
1.265823 3.464246e-05
1.291139 6.758364e-08
1.316456 1.65381e-11
1.341772 4.315199e-16
1.367089 2.462224e-23
1.392405 2.842512e-43
1.417722 2.172505e-44
1.443038 4.020346e-45
1.468354 5.462788e-53
1.493671 2.431995e-52
1.518987 8.285435e-52
1.544304 2.09866e-51
1.56962 3.843312e-51
1.594937 4.945238e-51
1.620253 4.330613e-51
1.64557 2.474063e-51
1.670886 8.614612e-52
1.696203 1.652463e-52
1.721519 1.659149e-53
1.746835 8.72532e-55
1.772152 2.883603e-56
1.797468 9.595602e-58
1.822785 4.072813e-59
1.848101 1.778892e-60
1.873418 6.821504e-62
1.898734 2.231706e-63
1.924051 6.10106e-65
1.949367 1.371043e-66
1.974684 2.452202e-68
2 2.933373e-70
