0.4810127 1
0.5063291 1
0.5316456 1
0.556962 1
0.5822785 0.9999979
0.6075949 0.9997217
0.6329114 0.9901312
0.6582278 0.828681
0.6835443 0.1114659
0.7088608 0.001190971
0.7341772 6.203902e-05
0.7594937 6.117529e-06
0.7848101 1.08543e-07
0.8101266 8.10537e-10
0.835443 1.167929e-11
0.8607595 1.965836e-13
0.8860759 4.035e-15
0.9113924 3.379025e-16
0.9367089 2.12007e-17
0.9620253 5.695403e-19
0.9873418 4.437532e-21
1.012658 5.293029e-24
1.037975 2.814101e-28
1.063291 2.533123e-33
1.088608 4.890478e-37
1.113924 6.177219e-40
1.139241 2.478038e-42
1.164557 1.346344e-44
1.189873 9.216368e-47
1.21519 2.713482e-48
1.240506 1.45128e-49
1.265823 7.201151e-51
1.291139 3.260957e-52
1.316456 1.399104e-53
1.341772 5.899413e-55
1.367089 2.520474e-56
1.392405 1.148507e-57
1.417722 5.873921e-59
1.443038 3.322095e-60
1.468354 1.939666e-61
1.493671 1.114166e-62
1.518987 6.232906e-64
1.544304 3.446761e-65
1.56962 1.92548e-66
1.594937 1.100405e-67
1.620253 6.387717e-69
1.64557 3.685794e-70
1.670886 2.069697e-71
1.696203 1.121847e-72
1.721519 5.938061e-74
1.746835 3.172313e-75
1.772152 1.783467e-76
1.797468 1.079438e-77
1.822785 6.91522e-79
1.848101 4.471387e-80
1.873418 2.75448e-81
1.898734 1.524798e-82
1.924051 7.127713e-84
1.949367 2.600652e-85
1.974684 6.523482e-87
2 8.371719e-89
