0.02531646 1
0.05063291 0.9999999
0.07594937 0.9999998
0.1012658 0.9999999
0.1265823 0.9999993
0.1518987 0.9988621
0.1772152 0.9995036
0.2025316 0.9999923
0.2278481 0.9999907
0.2531646 0.9993697
0.278481 0.9995913
0.3037975 0.9992052
0.3291139 0.9761408
0.3544304 0.9969899
0.3797468 0.9969491
0.4050633 0.9077022
0.4303797 0.9881798
0.4556962 0.8831646
0.4810127 0.9588437
0.5063291 0.9961028
0.5316456 0.9920514
0.556962 0.9891834
0.5822785 0.877639
0.6075949 0.3110613
0.6329114 0.01742059
0.6582278 0.0002688164
0.6835443 1.396125e-06
0.7088608 2.410525e-08
0.7341772 6.798406e-09
0.7594937 1.358975e-08
0.7848101 9.034998e-08
0.8101266 5.023299e-07
0.835443 4.831716e-06
0.8607595 4.548237e-06
0.8860759 3.534927e-06
0.9113924 1.773193e-07
0.9367089 4.423943e-08
0.9620253 4.44026e-08
0.9873418 5.851446e-08
1.012658 5.920914e-08
1.037975 5.992786e-08
1.063291 6.051069e-08
1.088608 4.251426e-07
1.113924 1.172602e-06
1.139241 4.091255e-07
1.164557 3.712577e-07
1.189873 1.111132e-06
1.21519 3.238916e-06
1.240506 7.870477e-06
1.265823 1.836833e-05
1.291139 2.347016e-05
1.316456 1.848754e-05
1.341772 7.782013e-06
1.367089 3.614312e-06
1.392405 1.317664e-06
1.417722 3.939467e-07
1.443038 8.899349e-08
1.468354 1.72415e-08
1.493671 6.070502e-09
1.518987 4.279538e-09
1.544304 2.264913e-08
1.56962 1.034087e-07
1.594937 9.752185e-08
1.620253 7.513939e-08
1.64557 8.060761e-08
1.670886 6.544994e-08
1.696203 3.934499e-08
1.721519 1.377336e-08
1.746835 3.696702e-09
1.772152 1.319457e-09
1.797468 7.118389e-10
1.822785 5.913654e-10
1.848101 5.804305e-10
1.873418 5.459493e-10
1.898734 4.802683e-10
1.924051 3.901663e-10
1.949367 2.955598e-10
1.974684 2.213416e-10
2 1.25191e-10
