0.07594937 1
0.1012658 1
0.1265823 1
0.1518987 1
0.1772152 0.9999754
0.2025316 0.9963203
0.2278481 0.8989969
0.2531646 0.4862163
0.278481 0.4532751
0.3037975 0.9684504
0.3291139 0.917341
0.3544304 0.7686046
0.3797468 0.871769
0.4050633 0.9532115
0.4303797 0.9762945
0.4556962 0.8560997
0.4810127 0.2758772
0.5063291 0.08823775
0.5316456 0.03233941
0.556962 0.03118308
0.5822785 0.01908863
0.6075949 0.005256441
0.6329114 0.02383085
0.6582278 0.02860223
0.6835443 0.02860223
0.7088608 0.005809963
0.7341772 0.001938528
0.7594937 0.001091413
0.7848101 0.001940774
0.8101266 0.002416645
0.835443 0.0007882184
0.8607595 0.000319214
0.8860759 0.0002927543
0.9113924 0.000127868
0.9367089 2.238795e-05
0.9620253 8.690037e-07
0.9873418 5.314076e-08
1.012658 4.874119e-07
1.037975 9.321641e-07
1.063291 2.26891e-07
1.088608 7.366774e-09
1.113924 3.593497e-10
1.139241 4.967648e-09
1.164557 1.143698e-08
1.189873 4.086989e-09
1.21519 1.323891e-09
1.240506 2.341164e-10
1.265823 1.883882e-10
1.291139 6.788772e-10
1.316456 3.587674e-08
1.341772 2.195206e-06
1.367089 4.119966e-05
1.392405 0.0001272072
1.417722 8.954896e-05
1.443038 1.374576e-05
1.468354 2.744416e-07
1.493671 1.344747e-07
1.518987 2.377098e-06
1.544304 1.234997e-06
1.56962 2.2847e-07
1.594937 2.042879e-08
1.620253 1.674666e-09
1.64557 1.785803e-09
1.670886 2.838993e-08
1.696203 3.030143e-07
1.721519 8.130616e-07
1.746835 1.411388e-06
1.772152 1.329252e-06
1.797468 2.499596e-07
1.822785 4.678725e-09
1.848101 1.243793e-09
1.873418 1.003748e-09
1.898734 2.833543e-10
1.924051 1.301329e-11
1.949367 1.134234e-13
1.974684 2.844301e-13
2 1.291742e-12
