0.5063291 1
0.5316456 1
0.556962 1
0.5822785 1
0.6075949 1
0.6329114 1
0.6582278 1
0.6835443 1
0.7088608 1
0.7341772 1
0.7594937 1
0.7848101 1
0.8101266 1
0.835443 1
0.8607595 1
0.8860759 1
0.9113924 1
0.9367089 1
0.9620253 1
0.9873418 1
1.012658 1
1.037975 1
1.063291 1
1.088608 1
1.113924 0.9999993
1.139241 0.9996278
1.164557 0.9654234
1.189873 0.482071
1.21519 0.03739494
1.240506 0.0007697776
1.265823 6.574702e-06
1.291139 1.144762e-08
1.316456 1.981273e-12
1.341772 6.09712e-17
1.367089 3.69567e-24
1.392405 4.646639e-35
1.417722 9.895688e-38
1.443038 8.375624e-39
1.468354 1.127269e-46
1.493671 2.200544e-46
1.518987 3.589277e-46
1.544304 4.733784e-46
1.56962 4.817852e-46
1.594937 3.585275e-46
1.620253 1.820173e-46
1.64557 5.705662e-47
1.670886 9.688028e-48
1.696203 7.822907e-49
1.721519 2.929984e-50
1.746835 7.873873e-52
1.772152 3.843491e-53
1.797468 2.166318e-54
1.822785 7.530992e-56
1.848101 1.442301e-57
1.873418 1.566242e-59
1.898734 9.817937e-62
1.924051 3.791026e-64
1.949367 9.435521e-67
1.974684 1.609219e-69
2 1.983524e-72
