0.05063291 1
0.07594937 1
0.1012658 1
0.1265823 1
0.1518987 0.9999999
0.1772152 0.9999659
0.2025316 0.9980876
0.2278481 0.8411377
0.2531646 0.8403204
0.278481 0.1197692
0.3037975 0.8078215
0.3291139 0.9963636
0.3544304 0.9959058
0.3797468 0.9963638
0.4050633 0.9944382
0.4303797 0.9213316
0.4556962 0.4536642
0.4810127 0.03804066
0.5063291 0.005624517
0.5316456 0.04565767
0.556962 0.06633965
0.5822785 0.04851638
0.6075949 0.006179285
0.6329114 0.002589659
0.6582278 0.007812492
0.6835443 0.02269747
0.7088608 0.002891057
0.7341772 0.0009541576
0.7594937 0.002112026
0.7848101 0.002963237
0.8101266 0.0007788086
0.835443 0.0001750651
0.8607595 5.4561e-05
0.8860759 6.574491e-06
0.9113924 2.290743e-06
0.9367089 3.644425e-05
0.9620253 0.00010354
0.9873418 5.876332e-06
1.012658 1.318632e-06
1.037975 9.208365e-06
1.063291 2.222099e-05
1.088608 2.633622e-06
1.113924 6.045965e-08
1.139241 7.213513e-10
1.164557 2.643393e-10
1.189873 2.85328e-10
1.21519 2.615482e-10
1.240506 2.526369e-10
1.265823 3.787462e-10
1.291139 2.86435e-09
1.316456 4.78451e-08
1.341772 5.430987e-07
1.367089 2.592795e-06
1.392405 2.160577e-06
1.417722 9.856331e-07
1.443038 7.548045e-07
1.468354 3.278609e-07
1.493671 4.534202e-08
1.518987 3.580854e-08
1.544304 2.317699e-07
1.56962 6.160926e-07
1.594937 1.083396e-06
1.620253 2.120881e-06
1.64557 3.351568e-06
1.670886 1.023928e-06
1.696203 7.471662e-08
1.721519 1.344554e-09
1.746835 6.454616e-10
1.772152 7.55813e-10
1.797468 6.967683e-10
1.822785 9.447612e-10
1.848101 4.472131e-09
1.873418 2.849636e-08
1.898734 1.087647e-07
1.924051 1.464099e-07
1.949367 4.914989e-08
1.974684 2.239892e-09
2 1.75433e-10
