0.4050633 1
0.4303797 1
0.4556962 1
0.4810127 1
0.5063291 1
0.5316456 1
0.556962 1
0.5822785 1
0.6075949 1
0.6329114 1
0.6582278 1
0.6835443 1
0.7088608 1
0.7341772 1
0.7594937 1
0.7848101 1
0.8101266 1
0.835443 1
0.8607595 1
0.8860759 1
0.9113924 1
0.9367089 1
0.9620253 1
0.9873418 1
1.012658 1
1.037975 1
1.063291 1
1.088608 1
1.113924 0.9999989
1.139241 0.9998052
1.164557 0.9898973
1.189873 0.8098533
1.21519 0.1675021
1.240506 0.00793548
1.265823 0.0001046828
1.291139 3.002357e-07
1.316456 9.238051e-11
1.341772 9.967241e-16
1.367089 6.866143e-23
1.392405 3.768768e-62
1.417722 9.094033e-62
1.443038 8.894208e-63
1.468354 2.078479e-67
1.493671 9.138553e-67
1.518987 2.858603e-66
1.544304 6.328495e-66
1.56962 9.827168e-66
1.594937 1.051514e-65
1.620253 7.492975e-66
1.64557 3.342171e-66
1.670886 8.453892e-67
1.696203 8.161169e-68
1.721519 1.527165e-69
1.746835 7.652118e-72
1.772152 4.038835e-74
1.797468 1.441453e-76
1.822785 5.51833e-79
1.848101 1.895315e-81
1.873418 7.485349e-84
1.898734 2.083747e-86
1.924051 3.432037e-89
1.949367 2.273847e-92
1.974684 1.884788e-96
2 5.528699e-103
