0.3797468 1
0.4050633 1
0.4303797 1
0.4556962 0.9999997
0.4810127 0.9999381
0.5063291 0.9961055
0.5316456 0.9041204
0.556962 0.3556009
0.5822785 0.00374613
0.6075949 9.624622e-05
0.6329114 1.029524e-05
0.6582278 6.772586e-07
0.6835443 1.742658e-08
0.7088608 4.04499e-10
0.7341772 9.711952e-12
0.7594937 4.332293e-13
0.7848101 1.268342e-14
0.8101266 9.482124e-16
0.835443 1.329893e-16
0.8607595 2.868926e-17
0.8860759 4.719132e-17
0.9113924 1.097825e-16
0.9367089 2.162548e-16
0.9620253 3.504461e-16
0.9873418 4.611019e-16
1.012658 4.901231e-16
1.037975 4.248833e-16
1.063291 3.09289e-16
1.088608 1.976534e-16
1.113924 1.155259e-16
1.139241 6.292732e-17
1.164557 3.197203e-17
1.189873 1.508576e-17
1.21519 6.576898e-18
1.240506 2.636225e-18
1.265823 9.666454e-19
1.291139 3.224038e-19
1.316456 9.711365e-20
1.341772 2.61695e-20
1.367089 6.229163e-21
1.392405 1.287876e-21
1.417722 2.262545e-22
1.443038 3.281024e-23
1.468354 3.777017e-24
1.493671 3.262059e-25
1.518987 1.939724e-26
1.544304 7.017128e-28
1.56962 1.643966e-29
1.594937 8.942699e-31
1.620253 8.924042e-32
1.64557 9.680129e-33
1.670886 1.151631e-33
1.696203 1.424529e-34
1.721519 1.728383e-35
1.746835 1.98681e-36
1.772152 2.129331e-37
1.797468 2.114919e-38
1.822785 1.943707e-39
1.848101 1.65213e-40
1.873418 1.293678e-41
1.898734 9.202188e-43
1.924051 5.75143e-44
1.949367 2.956937e-45
1.974684 1.101479e-46
2 2.199155e-48
