0.02531646 1
0.05063291 0.9999999
0.07594937 0.9999777
0.1012658 0.9997697
0.1265823 0.9997059
0.1518987 0.9927369
0.1772152 0.7403455
0.2025316 0.4958743
0.2278481 0.616963
0.2531646 0.04817103
0.278481 0.327917
0.3037975 0.9155646
0.3291139 0.9902405
0.3544304 0.986357
0.3797468 0.9510699
0.4050633 0.9538689
0.4303797 0.994893
0.4556962 0.9756763
0.4810127 0.7795518
0.5063291 0.457363
0.5316456 0.3448831
0.556962 0.2311278
0.5822785 0.02533763
0.6075949 0.002653157
0.6329114 0.003026934
0.6582278 0.007196793
0.6835443 0.002303209
0.7088608 0.0001105549
0.7341772 1.397389e-05
0.7594937 1.397389e-05
0.7848101 1.397389e-05
0.8101266 1.397389e-05
0.835443 3.000386e-05
0.8607595 3.543844e-05
0.8860759 2.753027e-05
0.9113924 1.027653e-05
0.9367089 6.221215e-06
0.9620253 6.221215e-06
0.9873418 7.791653e-06
1.012658 5.354158e-05
1.037975 0.0002776095
1.063291 0.0009368162
1.088608 0.0007107356
1.113924 7.573095e-05
1.139241 1.517332e-05
1.164557 1.542084e-06
1.189873 1.235728e-07
1.21519 6.203546e-09
1.240506 9.39661e-10
1.265823 9.396616e-10
1.291139 9.396622e-10
1.316456 1.387962e-09
1.341772 2.994162e-08
1.367089 1.433824e-07
1.392405 2.308046e-07
1.417722 3.575128e-07
1.443038 4.184468e-07
1.468354 5.238815e-07
1.493671 4.975257e-05
1.518987 0.0001366195
1.544304 0.000108548
1.56962 4.01191e-05
1.594937 2.252298e-05
1.620253 2.756916e-06
1.64557 6.58972e-08
1.670886 9.392284e-10
1.696203 1.901313e-09
1.721519 1.460071e-07
1.746835 8.243236e-07
1.772152 9.849976e-07
1.797468 1.904898e-07
1.822785 3.687496e-08
1.848101 1.640939e-08
1.873418 2.529938e-08
1.898734 4.940718e-08
1.924051 1.507815e-08
1.949367 5.314234e-09
1.974684 3.059658e-09
2 2.140031e-09
