0.3797468 1
0.4050633 1
0.4303797 1
0.4556962 0.9999986
0.4810127 0.9999011
0.5063291 0.996163
0.5316456 0.8951292
0.556962 0.249636
0.5822785 0.003728548
0.6075949 0.0001341302
0.6329114 1.255209e-05
0.6582278 4.167345e-07
0.6835443 1.124064e-08
0.7088608 2.823078e-10
0.7341772 7.779185e-12
0.7594937 3.473302e-13
0.7848101 9.716473e-15
0.8101266 8.334281e-16
0.835443 1.190572e-16
0.8607595 3.920278e-17
0.8860759 7.841676e-17
0.9113924 1.76303e-16
0.9367089 3.334962e-16
0.9620253 5.195153e-16
0.9873418 6.590447e-16
1.012658 6.794622e-16
1.037975 5.769845e-16
1.063291 4.165432e-16
1.088608 2.666488e-16
1.113924 1.567724e-16
1.139241 8.591807e-17
1.164557 4.387558e-17
1.189873 2.077785e-17
1.21519 9.075514e-18
1.240506 3.6369e-18
1.265823 1.330009e-18
1.291139 4.412448e-19
1.316456 1.318553e-19
1.341772 3.515933e-20
1.367089 8.260726e-21
1.392405 1.681327e-21
1.417722 2.898802e-22
1.443038 4.10977e-23
1.468354 4.604499e-24
1.493671 3.853263e-25
1.518987 2.215288e-26
1.544304 7.85742e-28
1.56962 1.988808e-29
1.594937 1.146627e-30
1.620253 1.152132e-31
1.64557 1.276665e-32
1.670886 1.549816e-33
1.696203 1.937269e-34
1.721519 2.354684e-35
1.746835 2.696468e-36
1.772152 2.868919e-37
1.797468 2.822007e-38
1.822785 2.564109e-39
1.848101 2.153382e-40
1.873418 1.667493e-41
1.898734 1.175987e-42
1.924051 7.31425e-44
1.949367 3.756602e-45
1.974684 1.402271e-46
2 2.809992e-48
