0.4050633 1
0.4303797 1
0.4556962 1
0.4810127 1
0.5063291 1
0.5316456 1
0.556962 1
0.5822785 1
0.6075949 1
0.6329114 1
0.6582278 1
0.6835443 1
0.7088608 1
0.7341772 1
0.7594937 1
0.7848101 1
0.8101266 1
0.835443 1
0.8607595 1
0.8860759 1
0.9113924 1
0.9367089 1
0.9620253 1
0.9873418 1
1.012658 1
1.037975 1
1.063291 1
1.088608 1
1.113924 0.9999989
1.139241 0.9998123
1.164557 0.9905027
1.189873 0.819848
1.21519 0.1756557
1.240506 0.008311101
1.265823 0.0001073956
1.291139 2.977247e-07
1.316456 8.252898e-11
1.341772 7.517411e-16
1.367089 3.996646e-23
1.392405 1.84974e-59
1.417722 4.853405e-59
1.443038 9.133788e-60
1.468354 5.167913e-65
1.493671 2.611502e-64
1.518987 9.346911e-64
1.544304 2.351111e-63
1.56962 4.094601e-63
1.594937 4.804883e-63
1.620253 3.630926e-63
1.64557 1.647987e-63
1.670886 4.115464e-64
1.696203 5.440015e-65
1.721519 3.290066e-66
1.746835 4.971493e-68
1.772152 3.861944e-70
1.797468 2.985415e-72
1.822785 1.944702e-74
1.848101 1.373956e-76
1.873418 9.979878e-79
1.898734 6.583036e-81
1.924051 3.358959e-83
1.949367 8.731823e-86
1.974684 7.757483e-89
2 2.94506e-93
