0.02531646 1
0.05063291 0.9999997
0.07594937 0.9999726
0.1012658 0.9998665
0.1265823 0.9999513
0.1518987 0.9999989
0.1772152 0.9999998
0.2025316 0.9999998
0.2278481 0.9999988
0.2531646 0.9999808
0.278481 0.9998334
0.3037975 0.9993042
0.3291139 0.9614687
0.3544304 0.9938062
0.3797468 0.9927909
0.4050633 0.9498002
0.4303797 0.9867312
0.4556962 0.9964601
0.4810127 0.9967913
0.5063291 0.9986726
0.5316456 0.9986726
0.556962 0.9975494
0.5822785 0.982876
0.6075949 0.7703151
0.6329114 0.2118636
0.6582278 0.01710896
0.6835443 0.0003621025
0.7088608 2.132078e-06
0.7341772 7.409556e-07
0.7594937 7.299297e-07
0.7848101 7.303388e-07
0.8101266 1.046281e-05
0.835443 5.292805e-05
0.8607595 9.566298e-05
0.8860759 6.775956e-05
0.9113924 1.247604e-05
0.9367089 8.077924e-07
0.9620253 4.039194e-08
0.9873418 3.029583e-09
1.012658 2.621867e-09
1.037975 5.833316e-09
1.063291 9.609461e-09
1.088608 3.547053e-09
1.113924 3.548314e-09
1.139241 2.078275e-08
1.164557 2.547336e-07
1.189873 3.954207e-07
1.21519 1.620905e-07
1.240506 4.757706e-07
1.265823 7.494465e-06
1.291139 6.042282e-06
1.316456 1.175695e-06
1.341772 2.529546e-07
1.367089 1.403235e-07
1.392405 1.294127e-06
1.417722 6.693281e-06
1.443038 7.62499e-06
1.468354 3.308923e-06
1.493671 5.109394e-07
1.518987 1.859896e-08
1.544304 2.059357e-09
1.56962 1.225626e-08
1.594937 1.592044e-07
1.620253 6.145033e-07
1.64557 6.874888e-07
1.670886 6.295149e-07
1.696203 2.254815e-07
1.721519 4.488907e-08
1.746835 9.915341e-09
1.772152 3.682975e-09
1.797468 2.337321e-09
1.822785 1.207117e-09
1.848101 5.549415e-10
1.873418 3.455848e-10
1.898734 2.306197e-10
1.924051 1.193848e-10
1.949367 3.459587e-11
1.974684 4.372981e-12
2 1.42555e-12
