0.02531646 1
0.05063291 1
0.07594937 1
0.1012658 0.9999999
0.1265823 0.9999855
0.1518987 0.9968437
0.1772152 0.9958703
0.2025316 0.9988838
0.2278481 0.9898179
0.2531646 0.9424632
0.278481 0.945017
0.3037975 0.9732275
0.3291139 0.9948558
0.3544304 0.992081
0.3797468 0.9247166
0.4050633 0.9472962
0.4303797 0.981024
0.4556962 0.953146
0.4810127 0.9381001
0.5063291 0.9547382
0.5316456 0.9532406
0.556962 0.9815764
0.5822785 0.9746972
0.6075949 0.6689835
0.6329114 0.1107384
0.6582278 0.003267638
0.6835443 2.489906e-05
0.7088608 4.159365e-07
0.7341772 9.247627e-08
0.7594937 1.35108e-07
0.7848101 3.283792e-07
0.8101266 2.200885e-07
0.835443 7.68013e-08
0.8607595 7.336706e-08
0.8860759 1.700613e-06
0.9113924 1.971657e-05
0.9367089 5.090346e-05
0.9620253 6.642889e-05
0.9873418 5.662989e-05
1.012658 1.690719e-05
1.037975 1.64081e-06
1.063291 6.285669e-07
1.088608 5.591629e-06
1.113924 8.082315e-06
1.139241 4.050681e-06
1.164557 2.159853e-06
1.189873 1.029437e-06
1.21519 2.981417e-07
1.240506 2.473691e-08
1.265823 9.68891e-09
1.291139 1.062978e-08
1.316456 1.738939e-08
1.341772 2.063194e-08
1.367089 2.133993e-08
1.392405 7.372191e-09
1.417722 1.766791e-09
1.443038 1.766791e-09
1.468354 8.448915e-09
1.493671 1.287172e-07
1.518987 6.446414e-07
1.544304 1.685033e-06
1.56962 6.923936e-07
1.594937 1.351455e-07
1.620253 1.322945e-07
1.64557 9.195237e-07
1.670886 6.391038e-06
1.696203 9.139817e-06
1.721519 7.133702e-06
1.746835 2.122536e-06
1.772152 3.335546e-07
1.797468 2.802762e-08
1.822785 5.843558e-10
1.848101 1.901168e-12
1.873418 1.596608e-13
1.898734 1.785317e-13
1.924051 2.545683e-13
1.949367 4.075048e-13
1.974684 5.491494e-13
2 7.084108e-13
