0.4050633 1
0.4303797 1
0.4556962 1
0.4810127 1
0.5063291 1
0.5316456 1
0.556962 1
0.5822785 1
0.6075949 1
0.6329114 1
0.6582278 1
0.6835443 1
0.7088608 1
0.7341772 1
0.7594937 1
0.7848101 1
0.8101266 1
0.835443 1
0.8607595 1
0.8860759 1
0.9113924 1
0.9367089 1
0.9620253 1
0.9873418 1
1.012658 1
1.037975 1
1.063291 1
1.088608 1
1.113924 0.9999993
1.139241 0.9996716
1.164557 0.9865537
1.189873 0.7801357
1.21519 0.1819333
1.240506 0.009692645
1.265823 9.315972e-05
1.291139 1.214081e-07
1.316456 1.512835e-11
1.341772 1.338625e-16
1.367089 3.221135e-39
1.392405 1.983709e-73
1.417722 5.01013e-80
1.443038 5.110429e-80
1.468354 4.45635e-80
1.493671 2.360228e-80
1.518987 7.15177e-81
1.544304 1.173054e-81
1.56962 1.206715e-82
1.594937 8.03224e-84
1.620253 2.653475e-85
1.64557 3.315804e-87
1.670886 4.616036e-90
1.696203 9.248956e-94
1.721519 1.403734e-97
1.746835 1.430025e-101
1.772152 9.982087e-106
1.797468 4.895692e-110
1.822785 2.225134e-114
1.848101 1.271767e-118
1.873418 2.292028e-123
1.898734 1.154254e-128
1.924051 3.846997e-135
1.949367 2.993249e-143
1.974684 4.952137e-155
2 4.497721e-178
