0.02531646 0.9999999
0.05063291 1
0.07594937 1
0.1012658 1
0.1265823 1
0.1518987 0.9999978
0.1772152 0.9997343
0.2025316 0.9894552
0.2278481 0.9934348
0.2531646 0.9948603
0.278481 0.9952217
0.3037975 0.9372799
0.3291139 0.986677
0.3544304 0.9679084
0.3797468 0.8431984
0.4050633 0.9333927
0.4303797 0.9745126
0.4556962 0.9745126
0.4810127 0.8410968
0.5063291 0.2797552
0.5316456 0.2327976
0.556962 0.08431005
0.5822785 0.008528883
0.6075949 0.0009062964
0.6329114 0.000583608
0.6582278 0.004552334
0.6835443 0.00777308
0.7088608 0.005107746
0.7341772 0.001168122
0.7594937 0.0003987975
0.7848101 0.001686837
0.8101266 0.001401067
0.835443 0.000400887
0.8607595 0.001326745
0.8860759 0.00382505
0.9113924 0.003176106
0.9367089 0.0008816346
0.9620253 7.915957e-05
0.9873418 2.816634e-05
1.012658 3.77129e-05
1.037975 4.220078e-05
1.063291 1.43842e-05
1.088608 5.304009e-06
1.113924 4.828466e-06
1.139241 3.616473e-06
1.164557 7.613343e-07
1.189873 1.852346e-08
1.21519 6.266015e-10
1.240506 3.981939e-08
1.265823 2.334291e-07
1.291139 2.391507e-06
1.316456 9.699192e-06
1.341772 1.383044e-05
1.367089 1.636834e-05
1.392405 1.665507e-05
1.417722 1.630176e-05
1.443038 1.234436e-05
1.468354 2.978618e-06
1.493671 2.819912e-07
1.518987 2.239467e-08
1.544304 1.525009e-09
1.56962 3.788761e-10
1.594937 3.788341e-10
1.620253 3.837139e-10
1.64557 3.924964e-10
1.670886 4.045153e-10
1.696203 4.340251e-10
1.721519 4.592418e-10
1.746835 4.515005e-10
1.772152 5.894935e-10
1.797468 1.245971e-09
1.822785 2.168699e-09
1.848101 1.158923e-09
1.873418 3.374672e-10
1.898734 1.317939e-10
1.924051 4.469647e-11
1.949367 3.392202e-11
1.974684 6.046095e-11
2 1.980737e-10
