0.556962 1
0.5822785 1
0.6075949 1
0.6329114 1
0.6582278 1
0.6835443 1
0.7088608 1
0.7341772 1
0.7594937 1
0.7848101 1
0.8101266 1
0.835443 1
0.8607595 1
0.8860759 1
0.9113924 1
0.9367089 1
0.9620253 1
0.9873418 1
1.012658 1
1.037975 1
1.063291 1
1.088608 1
1.113924 0.9999956
1.139241 0.9965301
1.164557 0.8249284
1.189873 0.3372102
1.21519 0.005182186
1.240506 0.0001457152
1.265823 1.015298e-06
1.291139 7.458401e-10
1.316456 3.606858e-14
1.341772 4.707445e-17
1.367089 8.560581e-23
1.392405 1.157677e-29
1.417722 3.063574e-31
1.443038 1.495962e-32
1.468354 2.830884e-40
1.493671 2.827656e-40
1.518987 2.792187e-40
1.544304 2.727524e-40
1.56962 2.914001e-40
1.594937 3.593242e-40
1.620253 4.469732e-40
1.64557 4.785934e-40
1.670886 4.03261e-40
1.696203 2.453703e-40
1.721519 9.901176e-41
1.746835 2.56492e-41
1.772152 4.105767e-42
1.797468 3.668449e-43
1.822785 1.759324e-44
1.848101 5.181987e-46
1.873418 1.082227e-47
1.898734 1.668558e-49
1.924051 1.962857e-51
1.949367 1.905581e-53
1.974684 1.592277e-55
2 1.174129e-57
