0.6075949 1
0.6329114 1
0.6582278 1
0.6835443 1
0.7088608 1
0.7341772 1
0.7594937 1
0.7848101 1
0.8101266 1
0.835443 1
0.8607595 1
0.8860759 1
0.9113924 1
0.9367089 1
0.9620253 1
0.9873418 1
1.012658 1
1.037975 1
1.063291 1
1.088608 0.9999992
1.113924 0.9992001
1.139241 0.9436432
1.164557 0.4852026
1.189873 0.01168231
1.21519 0.0004734348
1.240506 0.0003149208
1.265823 1.029174e-05
1.291139 4.997885e-09
1.316456 1.033754e-15
1.341772 2.42897e-18
1.367089 1.458829e-23
1.392405 1.377496e-25
1.417722 8.266917e-27
1.443038 2.823256e-28
1.468354 3.045655e-28
1.493671 2.670618e-28
1.518987 1.837303e-28
1.544304 9.754986e-29
1.56962 3.950554e-29
1.594937 1.224358e-29
1.620253 2.981993e-30
1.64557 5.861049e-31
1.670886 9.057251e-32
1.696203 1.018435e-32
1.721519 7.841612e-34
1.746835 4.588537e-35
1.772152 3.616832e-36
1.797468 4.945621e-37
1.822785 7.543167e-38
1.848101 1.115121e-38
1.873418 1.480575e-39
1.898734 1.698184e-40
1.924051 1.707859e-41
1.949367 1.503576e-42
1.974684 1.168786e-43
2 6.93428e-45
