0.278481 1
0.3037975 1
0.3291139 0.9999997
0.3544304 0.9999964
0.3797468 0.9999337
0.4050633 0.9995339
0.4303797 0.9836093
0.4556962 0.5932638
0.4810127 0.08540142
0.5063291 0.003511229
0.5316456 3.623406e-05
0.556962 7.382395e-08
0.5822785 5.15027e-10
0.6075949 1.583867e-10
0.6329114 3.970618e-11
0.6582278 3.121283e-11
0.6835443 6.551543e-09
0.7088608 4.129274e-08
0.7341772 1.776614e-07
0.7594937 5.830908e-07
0.7848101 2.09158e-07
0.8101266 1.33991e-06
0.835443 3.601388e-06
0.8607595 3.601388e-06
0.8860759 1.010462e-06
0.9113924 5.151428e-08
0.9367089 9.502357e-09
0.9620253 3.19738e-08
0.9873418 2.101383e-07
1.012658 3.609726e-06
1.037975 6.123797e-06
1.063291 2.635472e-06
1.088608 4.673868e-08
1.113924 4.836497e-09
1.139241 9.85729e-09
1.164557 4.357827e-09
1.189873 1.230128e-09
1.21519 4.855634e-10
1.240506 8.579548e-11
1.265823 1.179672e-11
1.291139 2.699193e-12
1.316456 3.822779e-13
1.341772 3.42203e-14
1.367089 5.426339e-15
1.392405 3.695035e-15
1.417722 2.944653e-15
1.443038 2.399212e-15
1.468354 1.987201e-15
1.493671 1.620252e-15
1.518987 1.266562e-15
1.544304 9.360826e-16
1.56962 6.502749e-16
1.594937 4.22649e-16
1.620253 2.554161e-16
1.64557 1.42528e-16
1.670886 7.300586e-17
1.696203 3.420946e-17
1.721519 1.468942e-17
1.746835 5.84219e-18
1.772152 2.201944e-18
1.797468 8.107747e-19
1.822785 2.967514e-19
1.848101 1.05959e-19
1.873418 3.50477e-20
1.898734 1.008599e-20
1.924051 2.370049e-21
1.949367 4.220045e-22
1.974684 5.047782e-23
2 3.043497e-24
