0.5063291 1
0.5316456 1
0.556962 1
0.5822785 1
0.6075949 1
0.6329114 1
0.6582278 1
0.6835443 1
0.7088608 1
0.7341772 1
0.7594937 1
0.7848101 1
0.8101266 1
0.835443 1
0.8607595 1
0.8860759 1
0.9113924 1
0.9367089 1
0.9620253 1
0.9873418 1
1.012658 1
1.037975 1
1.063291 1
1.088608 1
1.113924 0.9999992
1.139241 0.9996091
1.164557 0.9651725
1.189873 0.5480523
1.21519 0.03865057
1.240506 0.001138729
1.265823 1.046464e-05
1.291139 1.900844e-08
1.316456 3.641053e-12
1.341772 1.028872e-16
1.367089 2.927954e-24
1.392405 4.708937e-36
1.417722 1.316477e-38
1.443038 1.166877e-39
1.468354 1.290044e-47
1.493671 2.807637e-47
1.518987 5.030873e-47
1.544304 7.212754e-47
1.56962 7.942524e-47
1.594937 6.406721e-47
1.620253 3.564355e-47
1.64557 1.252849e-47
1.670886 2.464157e-48
1.696203 2.395629e-49
1.721519 1.096892e-50
1.746835 3.162954e-52
1.772152 1.378633e-53
1.797468 8.211688e-55
1.822785 3.427266e-56
1.848101 8.52521e-58
1.873418 1.30176e-59
1.898734 1.257157e-61
1.924051 7.853847e-64
1.949367 3.301206e-66
1.974684 9.870219e-69
2 2.123218e-71
