0.5822785 1
0.6075949 1
0.6329114 1
0.6582278 1
0.6835443 1
0.7088608 1
0.7341772 1
0.7594937 1
0.7848101 1
0.8101266 1
0.835443 1
0.8607595 1
0.8860759 1
0.9113924 1
0.9367089 1
0.9620253 1
0.9873418 1
1.012658 1
1.037975 1
1.063291 1
1.088608 0.9999998
1.113924 0.999876
1.139241 0.9888967
1.164557 0.7742716
1.189873 0.02999419
1.21519 0.01552259
1.240506 0.0006218992
1.265823 2.527495e-05
1.291139 1.865522e-08
1.316456 1.913046e-13
1.341772 8.628589e-18
1.367089 1.947252e-23
1.392405 8.334115e-26
1.417722 8.844926e-27
1.443038 1.834729e-29
1.468354 1.031226e-29
1.493671 1.256895e-29
1.518987 1.179369e-29
1.544304 8.425999e-30
1.56962 4.510889e-30
1.594937 1.770308e-30
1.620253 5.063829e-31
1.64557 1.101966e-31
1.670886 1.940326e-32
1.696203 2.834704e-33
1.721519 3.361057e-34
1.746835 3.284666e-35
1.772152 2.86736e-36
1.797468 2.735007e-37
1.822785 3.354311e-38
1.848101 4.799124e-39
1.873418 6.146532e-40
1.898734 6.363168e-41
1.924051 5.3797e-42
1.949367 3.806181e-43
1.974684 2.282655e-44
2 1.020459e-45
