0.4810127 1
0.5063291 1
0.5316456 1
0.556962 1
0.5822785 1
0.6075949 1
0.6329114 1
0.6582278 1
0.6835443 1
0.7088608 1
0.7341772 1
0.7594937 1
0.7848101 1
0.8101266 1
0.835443 1
0.8607595 1
0.8860759 1
0.9113924 1
0.9367089 1
0.9620253 1
0.9873418 1
1.012658 1
1.037975 1
1.063291 1
1.088608 1
1.113924 0.9999992
1.139241 0.9996279
1.164557 0.9672912
1.189873 0.6145738
1.21519 0.03823956
1.240506 0.001558358
1.265823 1.469159e-05
1.291139 2.483127e-08
1.316456 5.731488e-12
1.341772 1.625194e-16
1.367089 4.281071e-24
1.392405 3.701859e-37
1.417722 1.546982e-39
1.443038 1.497028e-40
1.468354 1.380012e-48
1.493671 3.413116e-48
1.518987 6.841083e-48
1.544304 1.082637e-47
1.56962 1.304678e-47
1.594937 1.148242e-47
1.620253 7.005839e-48
1.64557 2.745052e-48
1.670886 6.180283e-49
1.696203 7.114129e-50
1.721519 3.939707e-51
1.746835 1.262439e-52
1.772152 4.858934e-54
1.797468 2.838039e-55
1.822785 1.344042e-56
1.848101 4.132077e-58
1.873418 8.351862e-60
1.898734 1.154566e-61
1.924051 1.096615e-63
1.949367 7.321203e-66
1.974684 3.604966e-68
2 1.282561e-70
