0.02531646 0.9999994
0.05063291 1
0.07594937 1
0.1012658 1
0.1265823 1
0.1518987 1
0.1772152 1
0.2025316 1
0.2278481 1
0.2531646 1
0.278481 1
0.3037975 1
0.3291139 1
0.3544304 1
0.3797468 1
0.4050633 1
0.4303797 1
0.4556962 1
0.4810127 1
0.5063291 0.9999995
0.5316456 0.999915
0.556962 0.9957723
0.5822785 0.9502718
0.6075949 0.8386712
0.6329114 0.07827018
0.6582278 0.005083786
0.6835443 0.001530298
0.7088608 0.0005661517
0.7341772 0.0001504334
0.7594937 1.288091e-05
0.7848101 2.426288e-06
0.8101266 1.62247e-07
0.835443 2.485957e-08
0.8607595 1.290743e-08
0.8860759 1.269961e-10
0.9113924 2.539362e-13
0.9367089 3.949233e-16
0.9620253 1.079708e-16
0.9873418 4.813579e-17
1.012658 2.520962e-17
1.037975 1.154485e-17
1.063291 4.373584e-18
1.088608 1.359799e-18
1.113924 3.485571e-19
1.139241 7.42202e-20
1.164557 1.323694e-20
1.189873 1.995588e-21
1.21519 2.581053e-22
1.240506 3.008716e-23
1.265823 4.081123e-24
1.291139 1.261034e-24
1.316456 8.057593e-25
1.341772 5.887068e-25
1.367089 4.100102e-25
1.392405 2.593748e-25
1.417722 1.459957e-25
1.443038 7.296951e-26
1.468354 3.256703e-26
1.493671 1.298255e-26
1.518987 4.62759e-27
1.544304 1.489829e-27
1.56962 4.412373e-28
1.594937 1.232347e-28
1.620253 3.346709e-29
1.64557 9.117007e-30
1.670886 2.538112e-30
1.696203 7.189294e-31
1.721519 2.027559e-31
1.746835 5.565659e-32
1.772152 1.469653e-32
1.797468 3.743117e-33
1.822785 9.309209e-34
1.848101 2.287939e-34
1.873418 5.460989e-35
1.898734 1.180085e-35
1.924051 2.128595e-36
1.949367 3.145628e-37
1.974684 4.691595e-38
2 9.207032e-39
