0.5063291 1
0.5316456 1
0.556962 1
0.5822785 1
0.6075949 0.999981
0.6329114 0.9966687
0.6582278 0.9056248
0.6835443 0.4233911
0.7088608 0.01397204
0.7341772 0.0002503775
0.7594937 1.717109e-05
0.7848101 1.223249e-06
0.8101266 1.950534e-08
0.835443 1.63688e-10
0.8607595 1.839596e-12
0.8860759 4.044877e-14
0.9113924 1.159953e-15
0.9367089 9.419455e-17
0.9620253 3.534588e-18
0.9873418 4.318862e-20
1.012658 9.687488e-23
1.037975 1.348064e-26
1.063291 8.372471e-32
1.088608 5.837343e-36
1.113924 1.001609e-38
1.139241 4.087957e-41
1.164557 2.888712e-43
1.189873 1.989906e-45
1.21519 1.958682e-47
1.240506 7.949811e-49
1.265823 4.459685e-50
1.291139 2.243995e-51
1.316456 1.017816e-52
1.341772 4.346998e-54
1.367089 1.83078e-55
1.392405 7.740331e-57
1.417722 3.314031e-58
1.443038 1.496175e-59
1.468354 7.537961e-61
1.493671 4.218459e-62
1.518987 2.466114e-63
1.544304 1.424335e-64
1.56962 7.902417e-66
1.594937 4.164995e-67
1.620253 2.082376e-68
1.64557 9.953988e-70
1.670886 4.638535e-71
1.696203 2.169948e-72
1.721519 1.048318e-73
1.746835 5.294255e-75
1.772152 2.788735e-76
1.797468 1.527747e-77
1.822785 8.668406e-79
1.848101 4.992035e-80
1.873418 2.799089e-81
1.898734 1.445197e-82
1.924051 6.427722e-84
1.949367 2.26403e-85
1.974684 5.535662e-87
2 6.983153e-89
