0.02531646 0.9999828
0.05063291 1
0.07594937 1
0.1012658 0.999998
0.1265823 0.9999982
0.1518987 0.9999998
0.1772152 1
0.2025316 1
0.2278481 0.9999999
0.2531646 0.9999998
0.278481 0.9999998
0.3037975 1
0.3291139 1
0.3544304 0.9999999
0.3797468 0.9999726
0.4050633 0.9999824
0.4303797 0.9999968
0.4556962 0.9999999
0.4810127 0.9999984
0.5063291 0.9993176
0.5316456 0.9895563
0.556962 0.9926459
0.5822785 0.9978051
0.6075949 0.8473161
0.6329114 0.1822346
0.6582278 0.001122811
0.6835443 1.135828e-07
0.7088608 6.022492e-12
0.7341772 3.681655e-14
0.7594937 6.623039e-14
0.7848101 1.528468e-13
0.8101266 1.3558e-12
0.835443 5.473855e-12
0.8607595 1.366173e-11
0.8860759 2.378006e-11
0.9113924 3.108065e-11
0.9367089 3.324047e-11
0.9620253 2.389425e-11
0.9873418 1.185265e-11
1.012658 5.796951e-12
1.037975 2.223511e-12
1.063291 6.302053e-13
1.088608 1.192323e-13
1.113924 8.351376e-15
1.139241 2.333847e-16
1.164557 2.566456e-18
1.189873 6.813473e-20
1.21519 1.394888e-20
1.240506 3.498352e-21
1.265823 7.358951e-22
1.291139 1.288002e-22
1.316456 1.873697e-23
1.341772 2.260171e-24
1.367089 2.236155e-25
1.392405 1.781551e-26
1.417722 1.19293e-27
1.443038 9.357151e-29
1.468354 1.354671e-29
1.493671 3.029628e-30
1.518987 7.347755e-31
1.544304 1.698587e-31
1.56962 3.674601e-32
1.594937 7.536149e-33
1.620253 1.485453e-33
1.64557 2.826475e-34
1.670886 5.218441e-35
1.696203 9.510494e-36
1.721519 1.74392e-36
1.746835 3.287262e-37
1.772152 6.462659e-38
1.797468 1.321402e-38
1.822785 2.752542e-39
1.848101 5.668127e-40
1.873418 1.128311e-40
1.898734 2.138394e-41
1.924051 3.760598e-42
1.949367 5.81942e-43
1.974684 7.062915e-44
2 5.009022e-45
