0.02531646 1
0.05063291 1
0.07594937 0.9999972
0.1012658 0.9998921
0.1265823 0.9996876
0.1518987 0.9998517
0.1772152 0.9991241
0.2025316 0.9975968
0.2278481 0.9866736
0.2531646 0.9970233
0.278481 0.9902532
0.3037975 0.8579809
0.3291139 0.9770156
0.3544304 0.8172734
0.3797468 0.9485092
0.4050633 0.7373885
0.4303797 0.7297537
0.4556962 0.1257443
0.4810127 0.06464274
0.5063291 0.06464274
0.5316456 0.5176292
0.556962 0.9605535
0.5822785 0.9857003
0.6075949 0.7103319
0.6329114 0.1032783
0.6582278 0.002101322
0.6835443 0.00101944
0.7088608 0.001266215
0.7341772 0.00164127
0.7594937 0.002305025
0.7848101 0.002304336
0.8101266 0.001686576
0.835443 0.000446433
0.8607595 0.0001871756
0.8860759 0.0001077001
0.9113924 4.891636e-05
0.9367089 1.724012e-05
0.9620253 9.854158e-06
0.9873418 6.537857e-06
1.012658 2.740601e-06
1.037975 1.369651e-06
1.063291 7.765103e-07
1.088608 7.096767e-07
1.113924 1.901014e-06
1.139241 3.904004e-05
1.164557 0.0002390241
1.189873 0.0003758882
1.21519 0.0003218296
1.240506 7.008625e-05
1.265823 1.060248e-05
1.291139 8.724847e-06
1.316456 4.893502e-05
1.341772 0.0001324558
1.367089 0.0001283711
1.392405 2.035472e-05
1.417722 3.063249e-06
1.443038 5.270393e-06
1.468354 9.325425e-06
1.493671 1.203495e-05
1.518987 2.863659e-06
1.544304 4.143106e-07
1.56962 1.051467e-07
1.594937 1.768278e-08
1.620253 4.790319e-09
1.64557 3.182532e-09
1.670886 3.794343e-09
1.696203 1.532944e-08
1.721519 8.670283e-10
1.746835 8.654655e-10
1.772152 8.874715e-10
1.797468 1.975575e-09
1.822785 3.622099e-09
1.848101 3.045245e-09
1.873418 1.332701e-09
1.898734 1.355066e-09
1.924051 5.159714e-09
1.949367 1.137581e-08
1.974684 3.668685e-09
2 1.984099e-09
