0.5316456 1
0.556962 1
0.5822785 1
0.6075949 1
0.6329114 1
0.6582278 1
0.6835443 1
0.7088608 1
0.7341772 1
0.7594937 1
0.7848101 1
0.8101266 1
0.835443 1
0.8607595 1
0.8860759 1
0.9113924 1
0.9367089 1
0.9620253 1
0.9873418 1
1.012658 1
1.037975 1
1.063291 1
1.088608 1
1.113924 0.9999991
1.139241 0.9994512
1.164557 0.9551121
1.189873 0.4094751
1.21519 0.02746326
1.240506 0.0005128734
1.265823 4.14539e-06
1.291139 6.121721e-09
1.316456 5.722144e-13
1.341772 2.318811e-17
1.367089 1.228775e-23
1.392405 1.738798e-33
1.417722 3.324393e-36
1.443038 2.811786e-37
1.468354 4.980793e-45
1.493671 8.27545e-45
1.518987 1.176412e-44
1.544304 1.370932e-44
1.56962 1.232775e-44
1.594937 7.986696e-45
1.620253 3.411977e-45
1.64557 8.499571e-46
1.670886 1.064802e-46
1.696203 5.870976e-48
1.721519 1.517466e-49
1.746835 4.103918e-51
1.772152 2.211224e-52
1.797468 9.533513e-54
1.822785 2.084354e-55
1.848101 2.167234e-57
1.873418 1.080042e-59
1.898734 2.62847e-62
1.924051 3.69003e-65
1.949367 3.155551e-68
1.974684 1.79426e-71
2 8.42465e-75
