0.5822785 1
0.6075949 1
0.6329114 1
0.6582278 1
0.6835443 1
0.7088608 0.9999951
0.7341772 0.9984316
0.7594937 0.931195
0.7848101 0.4469317
0.8101266 0.02138175
0.835443 0.0007882855
0.8607595 2.630225e-05
0.8860759 5.866054e-07
0.9113924 6.97991e-09
0.9367089 3.792545e-11
0.9620253 1.63667e-13
0.9873418 1.630606e-15
1.012658 1.072958e-16
1.037975 3.151672e-18
1.063291 2.103842e-20
1.088608 5.820891e-24
1.113924 4.181081e-29
1.139241 9.103177e-31
1.164557 5.841143e-32
1.189873 4.261423e-33
1.21519 2.725677e-34
1.240506 1.361927e-35
1.265823 5.395356e-37
1.291139 1.491179e-38
1.316456 2.742821e-40
1.341772 2.456149e-42
1.367089 3.223266e-45
1.392405 3.513952e-49
1.417722 6.602223e-51
1.443038 1.658945e-52
1.468354 4.318793e-54
1.493671 9.522411e-56
1.518987 1.81591e-57
1.544304 4.388465e-59
1.56962 1.948982e-60
1.594937 1.100991e-61
1.620253 5.794114e-63
1.64557 2.627332e-64
1.670886 1.003019e-65
1.696203 3.179355e-67
1.721519 8.351625e-69
1.746835 1.870175e-70
1.772152 4.112098e-72
1.797468 1.186599e-73
1.822785 4.781368e-75
1.848101 2.070324e-76
1.873418 8.286948e-78
1.898734 2.98447e-79
1.924051 9.471205e-81
1.949367 2.483507e-82
1.974684 4.736952e-84
2 4.856128e-86
