0.2278481 1
0.2531646 1
0.278481 1
0.3037975 0.9999579
0.3291139 0.9935112
0.3544304 0.8379458
0.3797468 0.08450497
0.4050633 0.01408321
0.4303797 0.0006586563
0.4556962 2.360792e-05
0.4810127 3.495265e-06
0.5063291 2.20033e-07
0.5316456 7.554258e-09
0.556962 2.420079e-10
0.5822785 1.459844e-11
0.6075949 3.155715e-12
0.6329114 4.355487e-12
0.6582278 2.644606e-10
0.6835443 1.580686e-08
0.7088608 7.433409e-07
0.7341772 2.657218e-06
0.7594937 2.455701e-07
0.7848101 5.78355e-09
0.8101266 1.744533e-09
0.835443 1.984835e-09
0.8607595 1.172184e-09
0.8860759 1.627521e-09
0.9113924 2.549643e-09
0.9367089 1.588142e-09
0.9620253 1.444238e-09
0.9873418 2.231953e-09
1.012658 2.606986e-09
1.037975 8.442237e-10
1.063291 1.363619e-10
1.088608 2.148027e-11
1.113924 2.595841e-12
1.139241 1.975905e-13
1.164557 1.614276e-14
1.189873 3.75669e-15
1.21519 1.699539e-15
1.240506 7.721003e-16
1.265823 3.231873e-16
1.291139 1.267133e-16
1.316456 4.765887e-17
1.341772 1.842928e-17
1.367089 8.397908e-18
1.392405 4.938014e-18
1.417722 3.479439e-18
1.443038 2.620305e-18
1.468354 1.989743e-18
1.493671 1.491236e-18
1.518987 1.093589e-18
1.544304 7.810642e-19
1.56962 5.41156e-19
1.594937 3.620785e-19
1.620253 2.326938e-19
1.64557 1.427476e-19
1.670886 8.301732e-20
1.696203 4.543134e-20
1.721519 2.320899e-20
1.746835 1.097218e-20
1.772152 4.754001e-21
1.797468 1.86688e-21
1.822785 6.55683e-22
1.848101 2.026001e-22
1.873418 5.391637e-23
1.898734 1.200716e-23
1.924051 2.146909e-24
1.949367 2.887745e-25
1.974684 2.595815e-26
2 1.1689e-27
