0.02531646 1
0.05063291 1
0.07594937 1
0.1012658 1
0.1265823 0.9999993
0.1518987 0.9999622
0.1772152 0.9958259
0.2025316 0.9672347
0.2278481 0.9980586
0.2531646 0.9975583
0.278481 0.988987
0.3037975 0.9846074
0.3291139 0.993106
0.3544304 0.9983859
0.3797468 0.9919591
0.4050633 0.8758194
0.4303797 0.8612041
0.4556962 0.8196111
0.4810127 0.7203657
0.5063291 0.7395544
0.5316456 0.8609942
0.556962 0.971383
0.5822785 0.9659222
0.6075949 0.7321261
0.6329114 0.1442207
0.6582278 0.004385559
0.6835443 1.485358e-05
0.7088608 8.786663e-08
0.7341772 8.786663e-08
0.7594937 1.853775e-07
0.7848101 2.183124e-06
0.8101266 3.398717e-06
0.835443 1.31761e-06
0.8607595 4.424124e-06
0.8860759 5.084538e-05
0.9113924 7.798872e-05
0.9367089 7.749643e-05
0.9620253 3.271348e-05
0.9873418 4.002957e-06
1.012658 1.911294e-06
1.037975 5.806226e-06
1.063291 2.447078e-05
1.088608 3.336603e-05
1.113924 3.336282e-05
1.139241 3.329225e-05
1.164557 1.059276e-05
1.189873 1.022024e-06
1.21519 3.12376e-08
1.240506 1.039839e-08
1.265823 1.472162e-07
1.291139 8.079194e-07
1.316456 1.551237e-06
1.341772 6.987393e-06
1.367089 2.219398e-05
1.392405 1.221649e-05
1.417722 1.942493e-06
1.443038 3.41424e-07
1.468354 1.616723e-07
1.493671 4.212926e-08
1.518987 9.440132e-09
1.544304 4.829409e-09
1.56962 2.700416e-09
1.594937 1.519572e-09
1.620253 1.539123e-08
1.64557 2.26534e-07
1.670886 1.047574e-06
1.696203 6.733459e-06
1.721519 9.143399e-06
1.746835 9.146948e-06
1.772152 3.986888e-06
1.797468 4.232379e-07
1.822785 1.00782e-08
1.848101 3.484105e-11
1.873418 1.833386e-13
1.898734 1.888721e-13
1.924051 2.426064e-13
1.949367 3.689284e-13
1.974684 5.287046e-13
2 7.948581e-13
