0.02531646 1
0.05063291 1
0.07594937 0.9999965
0.1012658 0.9999994
0.1265823 0.9999997
0.1518987 0.9999971
0.1772152 0.9999094
0.2025316 0.9997597
0.2278481 0.9996763
0.2531646 0.999617
0.278481 0.9999886
0.3037975 0.9999593
0.3291139 0.9999873
0.3544304 0.9998256
0.3797468 0.987208
0.4050633 0.9689497
0.4303797 0.9932878
0.4556962 0.9999303
0.4810127 0.9999315
0.5063291 0.9989717
0.5316456 0.9669449
0.556962 0.9945601
0.5822785 0.9968211
0.6075949 0.9143803
0.6329114 0.3056829
0.6582278 0.006354655
0.6835443 5.523612e-06
0.7088608 6.752838e-10
0.7341772 2.472647e-15
0.7594937 2.33758e-15
0.7848101 1.067937e-15
0.8101266 4.061984e-16
0.835443 1.623302e-16
0.8607595 5.986784e-17
0.8860759 2.062445e-17
0.9113924 6.764799e-18
0.9367089 2.219982e-18
0.9620253 7.923686e-19
0.9873418 3.257576e-19
1.012658 1.470293e-19
1.037975 6.519275e-20
1.063291 2.59089e-20
1.088608 8.764073e-21
1.113924 2.523599e-21
1.139241 6.936042e-22
1.164557 2.313421e-22
1.189873 9.82403e-23
1.21519 4.397591e-23
1.240506 1.828956e-23
1.265823 6.777465e-24
1.291139 2.207517e-24
1.316456 6.248464e-25
1.341772 1.519536e-25
1.367089 3.139116e-26
1.392405 5.453792e-27
1.417722 7.925182e-28
1.443038 9.692088e-29
1.468354 1.032868e-29
1.493671 1.056903e-30
1.518987 1.215445e-31
1.544304 1.683375e-32
1.56962 2.555587e-33
1.594937 3.851907e-34
1.620253 5.579554e-35
1.64557 7.73288e-36
1.670886 1.022118e-36
1.696203 1.272738e-37
1.721519 1.443618e-38
1.746835 1.464018e-39
1.772152 1.356223e-40
1.797468 1.258303e-41
1.822785 1.359363e-42
1.848101 1.781768e-43
1.873418 2.537385e-44
1.898734 3.503924e-45
1.924051 4.342278e-46
1.949367 4.458433e-47
1.974684 3.348045e-48
2 1.366296e-49
