0.5822785 1
0.6075949 1
0.6329114 1
0.6582278 1
0.6835443 1
0.7088608 1
0.7341772 1
0.7594937 1
0.7848101 1
0.8101266 1
0.835443 1
0.8607595 1
0.8860759 1
0.9113924 1
0.9367089 1
0.9620253 1
0.9873418 1
1.012658 1
1.037975 1
1.063291 1
1.088608 1
1.113924 0.9999749
1.139241 0.9963306
1.164557 0.8698747
1.189873 0.1301181
1.21519 0.003713287
1.240506 0.0003159845
1.265823 1.111591e-06
1.291139 4.267657e-10
1.316456 6.968959e-14
1.341772 3.828434e-17
1.367089 1.49905e-23
1.392405 7.613336e-27
1.417722 1.691518e-27
1.443038 7.830377e-30
1.468354 1.103031e-32
1.493671 2.104188e-32
1.518987 3.084229e-32
1.544304 3.478136e-32
1.56962 3.024486e-32
1.594937 1.995166e-32
1.620253 9.54037e-33
1.64557 3.149826e-33
1.670886 7.067423e-34
1.696203 1.140642e-34
1.721519 1.470947e-35
1.746835 1.698225e-36
1.772152 1.753045e-37
1.797468 1.496499e-38
1.822785 1.135669e-39
1.848101 8.362891e-41
1.873418 5.636279e-42
1.898734 3.005643e-43
1.924051 1.288879e-44
1.949367 4.60871e-46
1.974684 1.427203e-47
2 3.53759e-49
