0.7594937 1
0.7848101 1
0.8101266 1
0.835443 1
0.8607595 1
0.8860759 1
0.9113924 1
0.9367089 1
0.9620253 1
0.9873418 1
1.012658 1
1.037975 0.9999998
1.063291 0.9998174
1.088608 0.9808493
1.113924 0.6899543
1.139241 0.06071202
1.164557 0.001155914
1.189873 4.983884e-05
1.21519 3.833429e-07
1.240506 2.696085e-09
1.265823 1.832492e-11
1.291139 9.035142e-15
1.316456 3.518693e-17
1.341772 1.957453e-19
1.367089 4.960518e-23
1.392405 5.143011e-26
1.417722 1.433582e-26
1.443038 1.105132e-26
1.468354 7.826142e-27
1.493671 4.66899e-27
1.518987 2.313235e-27
1.544304 9.417472e-28
1.56962 3.120989e-28
1.594937 8.159005e-29
1.620253 1.53376e-29
1.64557 1.700116e-30
1.670886 7.559324e-32
1.696203 7.783986e-34
1.721519 1.850242e-35
1.746835 3.373388e-36
1.772152 5.490281e-37
1.797468 6.800062e-38
1.822785 6.539241e-39
1.848101 5.024542e-40
1.873418 3.23256e-41
1.898734 1.823181e-42
1.924051 9.296812e-44
1.949367 4.373427e-45
1.974684 1.940764e-46
2 7.689266e-48
