0.5316456 1
0.556962 1
0.5822785 1
0.6075949 1
0.6329114 0.9999951
0.6582278 0.9989154
0.6835443 0.9561382
0.7088608 0.6069303
0.7341772 0.03155019
0.7594937 0.000497026
0.7848101 2.790235e-05
0.8101266 1.660965e-06
0.835443 1.971138e-08
0.8607595 2.861846e-10
0.8860759 2.192375e-12
0.9113924 2.82899e-14
0.9367089 8.802273e-16
0.9620253 5.746138e-17
0.9873418 1.44524e-18
1.012658 9.041372e-21
1.037975 5.863306e-24
1.063291 7.631174e-29
1.088608 1.20543e-33
1.113924 9.49713e-37
1.139241 8.959675e-39
1.164557 1.372298e-40
1.189873 1.990917e-42
1.21519 2.18377e-44
1.240506 1.698244e-46
1.265823 1.858042e-48
1.291139 9.136001e-50
1.316456 5.985642e-51
1.341772 3.396617e-52
1.367089 1.646221e-53
1.392405 6.938809e-55
1.417722 2.672342e-56
1.443038 1.007824e-57
1.468354 3.887522e-59
1.493671 1.506437e-60
1.518987 5.678224e-62
1.544304 2.10732e-63
1.56962 8.220603e-65
1.594937 3.573819e-66
1.620253 1.709001e-67
1.64557 8.518053e-69
1.670886 4.277153e-70
1.696203 2.14732e-71
1.721519 1.075214e-72
1.746835 5.309107e-74
1.772152 2.544296e-75
1.797468 1.173285e-76
1.822785 5.222424e-78
1.848101 2.254556e-79
1.873418 9.397884e-81
1.898734 3.70472e-82
1.924051 1.319534e-83
1.949367 3.918977e-85
1.974684 8.446489e-87
2 9.712239e-89
