0.278481 1
0.3037975 1
0.3291139 0.9999948
0.3544304 0.9984969
0.3797468 0.9446422
0.4050633 0.5662854
0.4303797 0.01643427
0.4556962 0.001745219
0.4810127 0.0002574897
0.5063291 1.551637e-05
0.5316456 3.322412e-07
0.556962 2.003229e-08
0.5822785 6.995459e-10
0.6075949 2.781511e-11
0.6329114 2.010263e-12
0.6582278 2.61921e-13
0.6835443 9.738024e-13
0.7088608 1.316533e-10
0.7341772 2.296333e-09
0.7594937 7.221029e-09
0.7848101 8.598769e-09
0.8101266 1.16389e-08
0.835443 1.334276e-08
0.8607595 2.535664e-09
0.8860759 1.246291e-09
0.9113924 2.357804e-10
0.9367089 2.724271e-11
0.9620253 9.560954e-12
0.9873418 5.538469e-13
1.012658 8.781094e-15
1.037975 1.018372e-15
1.063291 4.363308e-16
1.088608 2.147247e-16
1.113924 1.075317e-16
1.139241 5.264114e-17
1.164557 2.422115e-17
1.189873 1.02084e-17
1.21519 3.875539e-18
1.240506 1.312821e-18
1.265823 3.961218e-19
1.291139 1.071507e-19
1.316456 2.630262e-20
1.341772 5.922402e-21
1.367089 1.226913e-21
1.392405 2.357664e-22
1.417722 4.513045e-23
1.443038 1.065757e-23
1.468354 3.683067e-24
1.493671 1.597244e-24
1.518987 7.212519e-25
1.544304 3.182335e-25
1.56962 1.355412e-25
1.594937 5.560948e-26
1.620253 2.193868e-26
1.64557 8.295737e-27
1.670886 2.991271e-27
1.696203 1.021301e-27
1.721519 3.273101e-28
1.746835 9.747169e-29
1.772152 2.666793e-29
1.797468 6.619214e-30
1.822785 1.469171e-30
1.848101 2.865909e-31
1.873418 4.804092e-32
1.898734 6.706116e-33
1.924051 7.44691e-34
1.949367 6.143159e-35
1.974684 3.336299e-36
2 8.922694e-38
