0.556962 1
0.5822785 1
0.6075949 1
0.6329114 1
0.6582278 1
0.6835443 1
0.7088608 1
0.7341772 1
0.7594937 1
0.7848101 1
0.8101266 1
0.835443 1
0.8607595 1
0.8860759 1
0.9113924 1
0.9367089 1
0.9620253 1
0.9873418 1
1.012658 1
1.037975 1
1.063291 1
1.088608 1
1.113924 0.9999984
1.139241 0.9988402
1.164557 0.9316681
1.189873 0.3532472
1.21519 0.01685614
1.240506 0.0003463861
1.265823 2.618156e-06
1.291139 2.948403e-09
1.316456 1.451396e-13
1.341772 1.501305e-17
1.367089 3.428951e-23
1.392405 4.149353e-32
1.417722 1.227738e-34
1.443038 1.043289e-35
1.468354 1.997578e-43
1.493671 2.84968e-43
1.518987 3.565035e-43
1.544304 3.694596e-43
1.56962 2.927804e-43
1.594937 1.625872e-43
1.620253 5.6574e-44
1.64557 1.066805e-44
1.670886 9.235025e-46
1.696203 3.288612e-47
1.721519 6.7454e-49
1.746835 4.867014e-50
1.772152 1.150081e-50
1.797468 1.990862e-51
1.822785 1.575862e-52
1.848101 5.138504e-54
1.873418 5.472673e-56
1.898734 1.670392e-58
1.924051 4.485011e-61
1.949367 6.535801e-64
1.974684 3.40346e-67
2 5.21632e-71
