0.4050633 1
0.4303797 1
0.4556962 1
0.4810127 1
0.5063291 1
0.5316456 1
0.556962 1
0.5822785 1
0.6075949 1
0.6329114 1
0.6582278 1
0.6835443 1
0.7088608 1
0.7341772 1
0.7594937 1
0.7848101 1
0.8101266 1
0.835443 1
0.8607595 1
0.8860759 1
0.9113924 1
0.9367089 1
0.9620253 1
0.9873418 1
1.012658 1
1.037975 1
1.063291 1
1.088608 1
1.113924 0.9999989
1.139241 0.99981
1.164557 0.9903354
1.189873 0.8152045
1.21519 0.1706798
1.240506 0.00789538
1.265823 0.0001014298
1.291139 2.738285e-07
1.316456 7.088484e-11
1.341772 6.213158e-16
1.367089 2.746912e-23
1.392405 3.453487e-58
1.417722 8.866014e-58
1.443038 2.008396e-58
1.468354 8.398237e-64
1.493671 4.422088e-63
1.518987 1.655004e-62
1.544304 4.35957e-62
1.56962 7.944095e-62
1.594937 9.71954e-62
1.620253 7.602884e-62
1.64557 3.521649e-62
1.670886 8.735878e-63
1.696203 1.150066e-63
1.721519 9.047357e-65
1.746835 2.217039e-66
1.772152 2.530325e-68
1.797468 2.367378e-70
1.822785 2.133854e-72
1.848101 2.040536e-74
1.873418 1.994153e-76
1.898734 1.964897e-78
1.924051 1.559244e-80
1.949367 7.97821e-83
1.974684 1.851769e-85
2 5.762841e-89
