0.1012658 1
0.1265823 1
0.1518987 0.9999999
0.1772152 1
0.2025316 1
0.2278481 1
0.2531646 1
0.278481 1
0.3037975 1
0.3291139 1
0.3544304 1
0.3797468 1
0.4050633 1
0.4303797 1
0.4556962 1
0.4810127 1
0.5063291 1
0.5316456 0.9999933
0.556962 0.9995041
0.5822785 0.9895083
0.6075949 0.8665905
0.6329114 0.2589914
0.6582278 0.02010334
0.6835443 0.001003042
0.7088608 2.029404e-05
0.7341772 1.961826e-07
0.7594937 4.518664e-10
0.7848101 2.517325e-10
0.8101266 3.863918e-10
0.835443 4.695035e-09
0.8607595 1.61373e-07
0.8860759 1.226902e-06
0.9113924 9.291186e-07
0.9367089 3.233888e-08
0.9620253 5.789502e-09
0.9873418 2.804362e-07
1.012658 3.115563e-06
1.037975 7.571655e-05
1.063291 3.017231e-05
1.088608 1.461814e-06
1.113924 2.588906e-08
1.139241 1.085204e-07
1.164557 1.432569e-06
1.189873 3.297335e-05
1.21519 9.671577e-05
1.240506 9.67165e-05
1.265823 7.693831e-05
1.291139 6.91733e-06
1.316456 1.537496e-07
1.341772 1.201805e-08
1.367089 1.443123e-08
1.392405 1.649459e-08
1.417722 2.898509e-09
1.443038 2.088232e-09
1.468354 5.660316e-09
1.493671 1.177078e-08
1.518987 2.032377e-08
1.544304 1.213801e-08
1.56962 4.396343e-09
1.594937 1.103064e-08
1.620253 1.313909e-08
1.64557 2.148068e-09
1.670886 9.100641e-11
1.696203 1.386697e-12
1.721519 2.97691e-13
1.746835 6.989751e-14
1.772152 6.865047e-15
1.797468 1.065954e-15
1.822785 2.17574e-16
1.848101 3.966482e-17
1.873418 1.077838e-17
1.898734 3.698383e-18
1.924051 1.09656e-18
1.949367 2.755079e-19
1.974684 5.445899e-20
2 6.438451e-21
