0.02531646 1
0.05063291 0.9999995
0.07594937 0.9999998
0.1012658 0.999964
0.1265823 0.9995565
0.1518987 0.9999818
0.1772152 0.9992678
0.2025316 0.9780262
0.2278481 0.6449119
0.2531646 0.1184753
0.278481 0.04806748
0.3037975 0.08008972
0.3291139 0.9320809
0.3544304 0.9491759
0.3797468 0.8425379
0.4050633 0.8801604
0.4303797 0.9768075
0.4556962 0.7486471
0.4810127 0.5257126
0.5063291 0.9271334
0.5316456 0.9843714
0.556962 0.7193609
0.5822785 0.121861
0.6075949 0.005762742
0.6329114 0.0005188727
0.6582278 4.615855e-05
0.6835443 4.207715e-05
0.7088608 4.207715e-05
0.7341772 8.144189e-05
0.7594937 0.0003204865
0.7848101 0.0006096766
0.8101266 0.0004118547
0.835443 0.0003152969
0.8607595 0.0002137173
0.8860759 0.0003729732
0.9113924 0.0002078906
0.9367089 5.882477e-05
0.9620253 1.046723e-05
0.9873418 3.980146e-06
1.012658 3.76444e-06
1.037975 2.448506e-06
1.063291 1.486456e-06
1.088608 1.541621e-06
1.113924 8.366645e-06
1.139241 3.422179e-05
1.164557 5.325464e-05
1.189873 1.046877e-05
1.21519 2.683855e-06
1.240506 2.463243e-06
1.265823 4.045796e-07
1.291139 3.164477e-09
1.316456 1.077283e-09
1.341772 2.082573e-08
1.367089 1.998315e-07
1.392405 1.818531e-06
1.417722 6.393411e-06
1.443038 5.006122e-05
1.468354 0.0002476362
1.493671 0.0002406599
1.518987 7.029627e-05
1.544304 4.25024e-05
1.56962 5.711353e-06
1.594937 1.552788e-07
1.620253 4.105152e-07
1.64557 2.441274e-06
1.670886 1.882004e-05
1.696203 7.400338e-06
1.721519 2.504927e-06
1.746835 3.234203e-07
1.772152 1.544589e-07
1.797468 9.96725e-08
1.822785 8.819404e-08
1.848101 6.240729e-09
1.873418 2.926609e-09
1.898734 9.047412e-10
1.924051 1.155252e-09
1.949367 1.287071e-09
1.974684 1.705053e-09
2 2.282205e-09
