0.278481 1
0.3037975 1
0.3291139 1
0.3544304 0.9999897
0.3797468 0.9973608
0.4050633 0.9124292
0.4303797 0.4191396
0.4556962 0.0265375
0.4810127 0.0009021486
0.5063291 2.533475e-05
0.5316456 1.83886e-06
0.556962 1.6845e-07
0.5822785 5.827098e-09
0.6075949 1.6721e-10
0.6329114 8.840044e-12
0.6582278 6.84312e-13
0.6835443 1.08388e-13
0.7088608 1.392658e-12
0.7341772 5.941484e-11
0.7594937 5.137918e-10
0.7848101 1.67147e-09
0.8101266 4.467755e-09
0.835443 1.113821e-08
0.8607595 1.877574e-08
0.8860759 1.144974e-09
0.9113924 5.225361e-10
0.9367089 4.003438e-10
0.9620253 1.234445e-11
0.9873418 3.203637e-13
1.012658 5.306031e-14
1.037975 2.55227e-15
1.063291 9.166715e-16
1.088608 3.501512e-16
1.113924 1.23207e-16
1.139241 3.879392e-17
1.164557 1.121077e-17
1.189873 3.024126e-18
1.21519 7.774881e-19
1.240506 1.948767e-19
1.265823 4.804071e-20
1.291139 1.152738e-20
1.316456 2.636667e-21
1.341772 5.640585e-22
1.367089 1.117481e-22
1.392405 2.065405e-23
1.417722 3.753228e-24
1.443038 7.745042e-25
1.468354 2.137009e-25
1.493671 7.562073e-26
1.518987 2.91938e-26
1.544304 1.119943e-26
1.56962 4.133059e-27
1.594937 1.450801e-27
1.620253 4.818582e-28
1.64557 1.509416e-28
1.670886 4.447885e-29
1.696203 1.229487e-29
1.721519 3.17607e-30
1.746835 7.627225e-31
1.772152 1.690381e-31
1.797468 3.423569e-32
1.822785 6.255376e-33
1.848101 1.013976e-33
1.873418 1.426267e-34
1.898734 1.689046e-35
1.924051 1.612346e-36
1.949367 1.160273e-37
1.974684 5.583513e-39
2 1.34495e-40
