0.07594937 0.9999999
0.1012658 0.9999999
0.1265823 1
0.1518987 1
0.1772152 1
0.2025316 1
0.2278481 1
0.2531646 1
0.278481 0.999999
0.3037975 0.9998585
0.3291139 0.991611
0.3544304 0.83598
0.3797468 0.1844063
0.4050633 0.01178681
0.4303797 0.1634017
0.4556962 0.4159471
0.4810127 0.3316701
0.5063291 0.07944509
0.5316456 0.04382448
0.556962 0.05426678
0.5822785 0.06128456
0.6075949 0.02119786
0.6329114 0.02220491
0.6582278 0.009873628
0.6835443 0.003535301
0.7088608 0.004638562
0.7341772 0.003424259
0.7594937 0.0008296741
0.7848101 7.895278e-05
0.8101266 4.868088e-06
0.835443 2.561049e-07
0.8607595 1.36009e-08
0.8860759 7.196866e-10
0.9113924 2.764634e-10
0.9367089 3.893022e-10
0.9620253 7.678721e-10
0.9873418 3.27334e-09
1.012658 7.306306e-09
1.037975 5.510789e-09
1.063291 3.128528e-09
1.088608 2.216471e-09
1.113924 1.085784e-08
1.139241 2.610921e-07
1.164557 1.042049e-06
1.189873 1.618256e-06
1.21519 3.031731e-06
1.240506 4.30287e-06
1.265823 2.498198e-06
1.291139 5.844288e-07
1.316456 5.148708e-08
1.341772 2.538939e-09
1.367089 2.36522e-09
1.392405 2.369471e-09
1.417722 6.786669e-09
1.443038 1.447694e-08
1.468354 5.653659e-08
1.493671 6.080062e-08
1.518987 9.620336e-08
1.544304 6.303536e-07
1.56962 5.471185e-06
1.594937 3.713041e-06
1.620253 4.348774e-07
1.64557 3.877739e-09
1.670886 1.461182e-10
1.696203 7.077325e-11
1.721519 6.561049e-12
1.746835 2.508705e-13
1.772152 6.48922e-15
1.797468 4.218216e-16
1.822785 3.296034e-17
1.848101 1.771359e-17
1.873418 1.214752e-17
1.898734 9.632843e-18
1.924051 7.855093e-18
1.949367 5.581065e-18
1.974684 2.932729e-18
2 8.438735e-19
