0.7341772 1
0.7594937 1
0.7848101 1
0.8101266 1
0.835443 1
0.8607595 1
0.8860759 1
0.9113924 1
0.9367089 1
0.9620253 1
0.9873418 1
1.012658 1
1.037975 1
1.063291 0.9999977
1.088608 0.9986253
1.113924 0.9246181
1.139241 0.3983926
1.164557 0.01463737
1.189873 0.0003376264
1.21519 1.608881e-05
1.240506 2.70903e-06
1.265823 1.153001e-08
1.291139 4.585555e-14
1.316456 8.616177e-17
1.341772 4.491839e-19
1.367089 2.46799e-23
1.392405 7.352232e-26
1.417722 7.135271e-27
1.443038 4.531731e-27
1.468354 3.557851e-27
1.493671 2.314514e-27
1.518987 1.22762e-27
1.544304 5.250159e-28
1.56962 1.806678e-28
1.594937 4.992821e-29
1.620253 1.071725e-29
1.64557 1.620019e-30
1.670886 1.416927e-31
1.696203 5.356532e-33
1.721519 8.389054e-35
1.746835 4.526634e-36
1.772152 6.862263e-37
1.797468 1.125846e-37
1.822785 1.512896e-38
1.848101 1.637107e-39
1.873418 1.47316e-40
1.898734 1.127366e-41
1.924051 7.6989e-43
1.949367 4.829485e-44
1.974684 2.809636e-45
2 1.378398e-46
