0.02531646 1
0.05063291 0.9999981
0.07594937 0.9999879
0.1012658 0.9999949
0.1265823 0.9999991
0.1518987 0.9999544
0.1772152 0.9991182
0.2025316 0.9624944
0.2278481 0.9976577
0.2531646 0.9803542
0.278481 0.6693191
0.3037975 0.9458774
0.3291139 0.8063277
0.3544304 0.9658459
0.3797468 0.8895988
0.4050633 0.6439086
0.4303797 0.6445048
0.4556962 0.9533987
0.4810127 0.9561348
0.5063291 0.9190249
0.5316456 0.9329064
0.556962 0.9880586
0.5822785 0.9811347
0.6075949 0.6863086
0.6329114 0.1138843
0.6582278 0.002705221
0.6835443 0.0001646742
0.7088608 0.001775923
0.7341772 0.002388474
0.7594937 0.0005503982
0.7848101 0.0004559445
0.8101266 0.001488841
0.835443 0.001775659
0.8607595 0.0007760591
0.8860759 0.0003171406
0.9113924 0.0001668036
0.9367089 0.0001072133
0.9620253 6.252351e-05
0.9873418 1.547769e-05
1.012658 3.459455e-06
1.037975 1.403203e-06
1.063291 1.650942e-06
1.088608 1.629139e-06
1.113924 3.854201e-07
1.139241 5.456375e-08
1.164557 1.523879e-07
1.189873 1.222155e-05
1.21519 0.0001013628
1.240506 0.0002087833
1.265823 0.0001803359
1.291139 0.0001354996
1.316456 0.0001007656
1.341772 4.025419e-05
1.367089 4.638731e-06
1.392405 2.062382e-06
1.417722 5.661537e-05
1.443038 0.0004798401
1.468354 0.0009000707
1.493671 0.0009002502
1.518987 0.0009004273
1.544304 0.0006588921
1.56962 0.0002099283
1.594937 0.0001239202
1.620253 5.161986e-05
1.64557 6.867753e-06
1.670886 1.471822e-06
1.696203 4.132694e-07
1.721519 1.390464e-07
1.746835 2.725803e-08
1.772152 4.480881e-09
1.797468 1.377513e-09
1.822785 1.228761e-09
1.848101 1.228761e-09
1.873418 1.230009e-09
1.898734 1.311751e-09
1.924051 1.3837e-09
1.949367 1.46436e-09
1.974684 3.003799e-09
2 2.946671e-09
