0.02531646 1
0.05063291 1
0.07594937 1
0.1012658 0.9999985
0.1265823 0.999962
0.1518987 0.9998664
0.1772152 0.999327
0.2025316 0.9943021
0.2278481 0.9847873
0.2531646 0.3708508
0.278481 0.2273039
0.3037975 0.8743164
0.3291139 0.9913934
0.3544304 0.9097833
0.3797468 0.9719765
0.4050633 0.9940775
0.4303797 0.9475479
0.4556962 0.8294537
0.4810127 0.9822476
0.5063291 0.9707579
0.5316456 0.6602198
0.556962 0.1104935
0.5822785 0.005947471
0.6075949 0.0003625721
0.6329114 8.561962e-05
0.6582278 0.0002319258
0.6835443 0.0005344227
0.7088608 0.0001922118
0.7341772 9.16917e-06
0.7594937 2.713506e-06
0.7848101 7.972955e-06
0.8101266 0.000134142
0.835443 0.0003779639
0.8607595 0.0001660843
0.8860759 1.708942e-05
0.9113924 1.63765e-05
0.9367089 0.0001046842
0.9620253 0.0005594695
0.9873418 0.0004522659
1.012658 0.0001502945
1.037975 3.678106e-05
1.063291 7.844793e-06
1.088608 1.093173e-06
1.113924 1.141625e-07
1.139241 4.026849e-08
1.164557 4.026849e-08
1.189873 4.232494e-08
1.21519 7.890445e-08
1.240506 3.100179e-08
1.265823 3.323261e-08
1.291139 8.635607e-08
1.316456 1.977811e-07
1.341772 2.780597e-07
1.367089 2.164515e-07
1.392405 2.45937e-07
1.417722 5.351586e-07
1.443038 5.328723e-07
1.468354 8.173066e-08
1.493671 8.10587e-09
1.518987 3.604385e-09
1.544304 1.11738e-08
1.56962 4.151732e-08
1.594937 2.555036e-06
1.620253 7.300388e-05
1.64557 0.0003809824
1.670886 0.0008372097
1.696203 0.0008747253
1.721519 0.0004702718
1.746835 9.871547e-05
1.772152 1.756131e-05
1.797468 2.789701e-06
1.822785 7.714755e-07
1.848101 3.006015e-07
1.873418 1.649272e-07
1.898734 5.372734e-08
1.924051 2.629494e-09
1.949367 7.929826e-10
1.974684 8.51629e-09
2 4.160176e-08
