0.6582278 1
0.6835443 1
0.7088608 1
0.7341772 1
0.7594937 1
0.7848101 1
0.8101266 0.9999995
0.835443 0.9997175
0.8607595 0.9763127
0.8860759 0.6605034
0.9113924 0.05367687
0.9367089 0.001184499
0.9620253 3.553773e-05
0.9873418 5.812715e-07
1.012658 3.619875e-09
1.037975 1.188865e-11
1.063291 5.563148e-13
1.088608 3.361225e-13
1.113924 6.326369e-14
1.139241 4.075106e-15
1.164557 1.082605e-15
1.189873 4.064239e-16
1.21519 1.308657e-16
1.240506 3.318145e-17
1.265823 5.957811e-18
1.291139 6.518023e-19
1.316456 3.858214e-20
1.341772 1.048671e-21
1.367089 4.093749e-24
1.392405 5.430543e-26
1.417722 1.113129e-27
1.443038 9.450945e-30
1.468354 2.816497e-32
1.493671 3.340422e-35
1.518987 1.706698e-38
1.544304 3.979017e-41
1.56962 1.719573e-42
1.594937 2.178259e-43
1.620253 2.136762e-44
1.64557 1.637551e-45
1.670886 9.11464e-47
1.696203 3.453406e-48
1.721519 8.836943e-50
1.746835 1.34516e-51
1.772152 1.160016e-53
1.797468 5.533207e-56
1.822785 1.494557e-58
1.848101 3.070977e-61
1.873418 5.452108e-64
1.898734 1.529679e-66
1.924051 1.565974e-68
1.949367 1.634242e-70
1.974684 1.063019e-72
2 3.594209e-75
