0.4556962 1
0.4810127 1
0.5063291 1
0.5316456 0.9999973
0.556962 0.998632
0.5822785 0.9209763
0.6075949 0.3365602
0.6329114 0.01394763
0.6582278 0.004082319
0.6835443 0.0004819245
0.7088608 1.045499e-05
0.7341772 6.31794e-07
0.7594937 9.799772e-09
0.7848101 1.19782e-10
0.8101266 1.597107e-12
0.835443 3.718515e-14
0.8607595 1.555188e-15
0.8860759 1.904892e-16
0.9113924 1.319218e-17
0.9367089 4.193123e-19
0.9620253 4.664729e-21
0.9873418 1.152727e-23
1.012658 2.477841e-27
1.037975 3.725828e-32
1.063291 2.359274e-36
1.088608 1.429262e-39
1.113924 4.745179e-40
1.139241 2.707667e-40
1.164557 1.42203e-40
1.189873 7.223817e-41
1.21519 3.558256e-41
1.240506 1.690701e-41
1.265823 7.747488e-42
1.291139 3.39151e-42
1.316456 1.409483e-42
1.341772 5.486056e-43
1.367089 1.980834e-43
1.392405 6.625794e-44
1.417722 2.043078e-44
1.443038 5.761141e-45
1.468354 1.46567e-45
1.493671 3.333893e-46
1.518987 6.670517e-47
1.544304 1.159344e-47
1.56962 1.719048e-48
1.594937 2.112354e-49
1.620253 2.069735e-50
1.64557 1.543666e-51
1.670886 8.212548e-53
1.696203 2.859717e-54
1.721519 5.98966e-56
1.746835 7.541109e-58
1.772152 9.71975e-60
1.797468 2.044616e-61
1.822785 4.731923e-63
1.848101 9.682881e-65
1.873418 1.532984e-66
1.898734 1.675663e-68
1.924051 1.184795e-70
1.949367 4.413947e-73
1.974684 5.207609e-76
2 2.522156e-80
