0.02531646 1
0.05063291 0.9999992
0.07594937 0.999957
0.1012658 0.9999942
0.1265823 0.9999984
0.1518987 1
0.1772152 1
0.2025316 1
0.2278481 0.9999999
0.2531646 1
0.278481 1
0.3037975 0.9999999
0.3291139 0.9999997
0.3544304 0.9999997
0.3797468 0.9999999
0.4050633 0.9999995
0.4303797 0.9999996
0.4556962 0.9999996
0.4810127 0.9999987
0.5063291 0.9999988
0.5316456 0.9999949
0.556962 0.9997503
0.5822785 0.9843233
0.6075949 0.7579017
0.6329114 0.112198
0.6582278 0.006891819
0.6835443 0.0002641292
0.7088608 1.114641e-05
0.7341772 0.0001157292
0.7594937 0.0001870498
0.7848101 2.878713e-07
0.8101266 2.817642e-07
0.835443 3.931362e-06
0.8607595 4.058653e-06
0.8860759 1.09435e-06
0.9113924 1.744938e-08
0.9367089 7.412325e-12
0.9620253 2.455642e-14
0.9873418 8.765359e-17
1.012658 2.25428e-17
1.037975 1.005265e-17
1.063291 4.941956e-18
1.088608 2.700868e-18
1.113924 1.348194e-18
1.139241 5.728112e-19
1.164557 2.034744e-19
1.189873 6.016762e-20
1.21519 1.478115e-20
1.240506 3.010127e-21
1.265823 5.070329e-22
1.291139 7.068342e-23
1.316456 8.278162e-24
1.341772 8.873561e-25
1.367089 1.243501e-25
1.392405 3.691278e-26
1.417722 1.712556e-26
1.443038 8.355215e-27
1.468354 3.830118e-27
1.493671 1.617209e-27
1.518987 6.252076e-28
1.544304 2.183339e-28
1.56962 7.102143e-29
1.594937 2.171287e-29
1.620253 5.964719e-30
1.64557 1.404878e-30
1.670886 2.737663e-31
1.696203 4.331483e-32
1.721519 5.64297e-33
1.746835 6.849692e-34
1.772152 1.059144e-34
1.797468 2.410268e-35
1.822785 6.401624e-36
1.848101 1.692874e-36
1.873418 4.373274e-37
1.898734 1.116621e-37
1.924051 2.757736e-38
1.949367 6.082487e-39
1.974684 1.027614e-39
2 9.612589e-41
