0.7088608 1
0.7341772 1
0.7594937 1
0.7848101 1
0.8101266 1
0.835443 1
0.8607595 1
0.8860759 1
0.9113924 1
0.9367089 0.9999975
0.9620253 0.9991117
0.9873418 0.9517926
1.012658 0.516608
1.037975 0.01866893
1.063291 0.0003617188
1.088608 6.626913e-06
1.113924 6.16099e-08
1.139241 3.390693e-10
1.164557 4.473682e-12
1.189873 5.77138e-13
1.21519 3.640694e-14
1.240506 1.287068e-15
1.265823 1.437125e-16
1.291139 8.759613e-18
1.316456 6.890849e-19
1.341772 6.134244e-20
1.367089 5.870131e-22
1.392405 1.608635e-24
1.417722 1.221372e-24
1.443038 8.349695e-25
1.468354 4.972613e-25
1.493671 2.426491e-25
1.518987 8.584955e-26
1.544304 1.677108e-26
1.56962 9.14842e-28
1.594937 4.20366e-30
1.620253 2.25776e-32
1.64557 3.224847e-34
1.670886 5.079988e-36
1.696203 5.683576e-38
1.721519 4.96962e-40
1.746835 4.320989e-42
1.772152 2.071034e-44
1.797468 2.379932e-46
1.822785 4.918744e-48
1.848101 1.110402e-49
1.873418 1.303514e-51
1.898734 8.645654e-54
1.924051 3.521514e-56
1.949367 1.449918e-58
1.974684 5.623506e-61
2 1.684338e-63
