0.3797468 0.9999999
0.4050633 1
0.4303797 0.9999999
0.4556962 0.9999025
0.4810127 0.9837923
0.5063291 0.666059
0.5316456 0.0415872
0.556962 0.005081365
0.5822785 0.0003311399
0.6075949 3.534279e-05
0.6329114 1.268003e-06
0.6582278 9.252005e-08
0.6835443 2.676531e-09
0.7088608 5.782016e-11
0.7341772 2.292759e-12
0.7594937 1.05573e-13
0.7848101 3.56719e-15
0.8101266 4.869716e-16
0.835443 1.375366e-16
0.8607595 2.148201e-16
0.8860759 4.815207e-16
0.9113924 9.387563e-16
0.9367089 1.538736e-15
0.9620253 2.101798e-15
0.9873418 2.389995e-15
1.012658 2.285189e-15
1.037975 1.88096e-15
1.063291 1.372355e-15
1.088608 9.040232e-16
1.113924 5.47711e-16
1.139241 3.077106e-16
1.164557 1.603328e-16
1.189873 7.716399e-17
1.21519 3.409799e-17
1.240506 1.373773e-17
1.265823 5.005354e-18
1.291139 1.633706e-18
1.316456 4.723919e-19
1.341772 1.194375e-19
1.367089 2.599991e-20
1.392405 4.782271e-21
1.417722 7.257066e-22
1.443038 8.803885e-23
1.468354 8.181014e-24
1.493671 5.49964e-25
1.518987 2.533997e-26
1.544304 8.809631e-28
1.56962 3.69009e-29
1.594937 2.609888e-30
1.620253 2.680167e-31
1.64557 3.132227e-32
1.670886 3.919374e-33
1.696203 4.854338e-34
1.721519 5.676679e-35
1.746835 6.129067e-36
1.772152 6.042583e-37
1.797468 5.408026e-38
1.822785 4.386524e-39
1.848101 3.229882e-40
1.873418 2.164779e-41
1.898734 1.318177e-42
1.924051 7.161348e-44
1.949367 3.286901e-45
1.974684 1.124522e-46
2 2.10716e-48
