0.07594937 1
0.1012658 1
0.1265823 1
0.1518987 1
0.1772152 1
0.2025316 1
0.2278481 0.9999999
0.2531646 0.9999723
0.278481 0.9969157
0.3037975 0.914598
0.3291139 0.395873
0.3544304 0.02399197
0.3797468 0.04216262
0.4050633 0.3290515
0.4303797 0.3083511
0.4556962 0.2780912
0.4810127 0.1455497
0.5063291 0.05124503
0.5316456 0.0134085
0.556962 0.0107972
0.5822785 0.01079693
0.6075949 0.03550428
0.6329114 0.02237289
0.6582278 0.00622376
0.6835443 0.01558796
0.7088608 0.01335176
0.7341772 0.001475493
0.7594937 0.0002609961
0.7848101 7.975387e-05
0.8101266 1.453374e-05
0.835443 1.538668e-06
0.8607595 9.64215e-08
0.8860759 3.53857e-09
0.9113924 2.764634e-10
0.9367089 3.508953e-10
0.9620253 1.520985e-09
0.9873418 2.773026e-09
1.012658 2.069606e-09
1.037975 9.445366e-10
1.063291 7.304425e-10
1.088608 7.304425e-10
1.113924 3.5311e-09
1.139241 3.143398e-09
1.164557 1.091092e-09
1.189873 8.449609e-10
1.21519 8.449609e-10
1.240506 8.449609e-10
1.265823 8.449609e-10
1.291139 8.449609e-10
1.316456 1.161281e-09
1.341772 9.416806e-09
1.367089 5.210279e-08
1.392405 1.247966e-07
1.417722 5.162597e-07
1.443038 4.608258e-06
1.468354 5.235094e-06
1.493671 3.252214e-06
1.518987 5.126338e-07
1.544304 6.328632e-08
1.56962 6.336385e-08
1.594937 1.811805e-07
1.620253 2.585899e-07
1.64557 9.888817e-08
1.670886 3.297367e-09
1.696203 8.471055e-11
1.721519 1.984065e-11
1.746835 1.908232e-12
1.772152 6.630684e-14
1.797468 1.749697e-15
1.822785 9.040074e-17
1.848101 2.101593e-17
1.873418 1.821229e-17
1.898734 1.754522e-17
1.924051 1.601113e-17
1.949367 1.218822e-17
1.974684 6.832027e-18
2 2.133337e-18
