0.5822785 1
0.6075949 1
0.6329114 1
0.6582278 1
0.6835443 1
0.7088608 1
0.7341772 1
0.7594937 1
0.7848101 1
0.8101266 1
0.835443 1
0.8607595 1
0.8860759 1
0.9113924 1
0.9367089 1
0.9620253 1
0.9873418 1
1.012658 1
1.037975 1
1.063291 1
1.088608 1
1.113924 0.9999918
1.139241 0.9946676
1.164557 0.69263
1.189873 0.3731998
1.21519 0.003081444
1.240506 8.793821e-05
1.265823 6.10582e-07
1.291139 4.434343e-10
1.316456 6.757771e-14
1.341772 6.426649e-17
1.367089 4.822761e-23
1.392405 3.414992e-28
1.417722 5.513343e-29
1.443038 9.180413e-31
1.468354 9.617041e-37
1.493671 2.762052e-36
1.518987 6.232644e-36
1.544304 1.091534e-35
1.56962 1.49884e-35
1.594937 1.637972e-35
1.620253 1.409662e-35
1.64557 9.035948e-36
1.670886 3.959796e-36
1.696203 1.097031e-36
1.721519 1.880092e-37
1.746835 2.229456e-38
1.772152 2.045201e-39
1.797468 1.44195e-40
1.822785 7.615523e-42
1.848101 3.322281e-43
1.873418 1.248412e-44
1.898734 3.630848e-46
1.924051 8.384369e-48
1.949367 1.619245e-49
1.974684 2.72566e-51
2 3.90945e-53
