0.05063291 1
0.07594937 1
0.1012658 1
0.1265823 1
0.1518987 0.9999998
0.1772152 0.9999123
0.2025316 0.9983813
0.2278481 0.8970336
0.2531646 0.5176659
0.278481 0.1197692
0.3037975 0.5084143
0.3291139 0.9963638
0.3544304 0.9963638
0.3797468 0.996364
0.4050633 0.9936975
0.4303797 0.899417
0.4556962 0.434305
0.4810127 0.05640591
0.5063291 0.005792389
0.5316456 0.03301275
0.556962 0.06510614
0.5822785 0.02962941
0.6075949 0.009210012
0.6329114 0.00361178
0.6582278 0.01399737
0.6835443 0.02023728
0.7088608 0.00226359
0.7341772 0.001934846
0.7594937 0.005175128
0.7848101 0.005404772
0.8101266 0.002603741
0.835443 0.0003888325
0.8607595 3.856014e-05
0.8860759 6.660366e-06
0.9113924 3.199016e-05
0.9367089 0.0001035458
0.9620253 4.010492e-05
0.9873418 2.465088e-06
1.012658 6.810031e-06
1.037975 3.553684e-05
1.063291 2.13634e-05
1.088608 1.548121e-06
1.113924 2.225359e-08
1.139241 6.496068e-10
1.164557 1.027614e-09
1.189873 1.964444e-09
1.21519 2.219068e-09
1.240506 9.86674e-10
1.265823 3.183659e-10
1.291139 1.198316e-09
1.316456 2.131237e-08
1.341772 4.048705e-07
1.367089 4.398349e-06
1.392405 1.576092e-05
1.417722 1.91989e-05
1.443038 1.647491e-05
1.468354 3.731032e-06
1.493671 2.234885e-07
1.518987 2.287469e-08
1.544304 1.608697e-08
1.56962 3.211459e-08
1.594937 6.140441e-08
1.620253 1.497129e-07
1.64557 4.670782e-07
1.670886 6.654393e-07
1.696203 1.603095e-07
1.721519 7.053078e-09
1.746835 6.28687e-10
1.772152 6.686786e-10
1.797468 6.670545e-10
1.822785 8.427177e-10
1.848101 3.192521e-09
1.873418 1.813641e-08
1.898734 5.078929e-08
1.924051 5.937254e-08
1.949367 3.257011e-08
1.974684 2.944191e-09
2 1.365516e-10
