0.4050633 1
0.4303797 1
0.4556962 1
0.4810127 1
0.5063291 1
0.5316456 1
0.556962 1
0.5822785 1
0.6075949 1
0.6329114 1
0.6582278 1
0.6835443 1
0.7088608 1
0.7341772 1
0.7594937 1
0.7848101 1
0.8101266 1
0.835443 1
0.8607595 1
0.8860759 1
0.9113924 1
0.9367089 1
0.9620253 1
0.9873418 1
1.012658 1
1.037975 1
1.063291 1
1.088608 1
1.113924 0.9999991
1.139241 0.9994862
1.164557 0.9729216
1.189873 0.6204919
1.21519 0.097357
1.240506 0.002926131
1.265823 1.369881e-05
1.291139 7.941513e-09
1.316456 4.27949e-13
1.341772 1.744145e-18
1.367089 9.474236e-40
1.392405 1.121336e-74
1.417722 2.010497e-80
1.443038 1.625847e-80
1.468354 1.105928e-80
1.493671 4.638145e-81
1.518987 1.099998e-81
1.544304 1.457679e-82
1.56962 1.307627e-83
1.594937 7.135908e-85
1.620253 2.041178e-86
1.64557 1.968694e-88
1.670886 2.174277e-91
1.696203 3.451901e-95
1.721519 4.253317e-99
1.746835 3.392582e-103
1.772152 1.873166e-107
1.797468 7.01411e-112
1.822785 2.5257e-116
1.848101 1.082838e-120
1.873418 1.463447e-125
1.898734 4.936904e-131
1.924051 1.04254e-137
1.949367 4.343616e-146
1.974684 2.757288e-158
2 4.581505e-182
