0.4810127 1
0.5063291 1
0.5316456 1
0.556962 1
0.5822785 1
0.6075949 1
0.6329114 1
0.6582278 1
0.6835443 1
0.7088608 1
0.7341772 1
0.7594937 1
0.7848101 1
0.8101266 1
0.835443 1
0.8607595 1
0.8860759 1
0.9113924 1
0.9367089 1
0.9620253 1
0.9873418 1
1.012658 1
1.037975 1
1.063291 1
1.088608 1
1.113924 0.9999992
1.139241 0.9996569
1.164557 0.9700568
1.189873 0.611802
1.21519 0.04423682
1.240506 0.001677606
1.265823 1.609773e-05
1.291139 3.04331e-08
1.316456 7.228543e-12
1.341772 1.91842e-16
1.367089 5.412828e-24
1.392405 1.238505e-37
1.417722 6.277019e-40
1.443038 6.357536e-41
1.468354 5.517276e-49
1.493671 1.44384e-48
1.518987 3.042173e-48
1.544304 5.030457e-48
1.56962 6.30584e-48
1.594937 5.758335e-48
1.620253 3.647138e-48
1.64557 1.490471e-48
1.670886 3.531528e-49
1.696203 4.329659e-50
1.721519 2.578195e-51
1.746835 8.666071e-53
1.772152 3.184219e-54
1.797468 1.807487e-55
1.822785 8.859704e-57
1.848101 2.925856e-58
1.873418 6.519202e-60
1.898734 1.018815e-61
1.924051 1.123134e-63
1.949367 8.868861e-66
1.974684 5.225189e-68
2 2.223145e-70
