0.02531646 1
0.05063291 1
0.07594937 1
0.1012658 0.9999998
0.1265823 0.9999259
0.1518987 0.9956998
0.1772152 0.9989826
0.2025316 0.9990136
0.2278481 0.953735
0.2531646 0.9479586
0.278481 0.9771555
0.3037975 0.994013
0.3291139 0.9988495
0.3544304 0.9898223
0.3797468 0.9637996
0.4050633 0.9923155
0.4303797 0.970443
0.4556962 0.7972719
0.4810127 0.7711508
0.5063291 0.9223349
0.5316456 0.988095
0.556962 0.9957532
0.5822785 0.9769122
0.6075949 0.6200686
0.6329114 0.09477606
0.6582278 0.003148274
0.6835443 4.168934e-05
0.7088608 2.430022e-06
0.7341772 1.914865e-07
0.7594937 5.566344e-08
0.7848101 5.566352e-08
0.8101266 5.566361e-08
0.835443 6.631249e-08
0.8607595 1.29492e-07
0.8860759 3.717499e-07
0.9113924 2.252206e-06
0.9367089 1.091408e-05
0.9620253 2.234781e-05
0.9873418 2.874662e-05
1.012658 1.644905e-05
1.037975 2.98867e-06
1.063291 1.120791e-07
1.088608 3.48627e-07
1.113924 5.313898e-07
1.139241 2.274195e-07
1.164557 1.722679e-07
1.189873 3.00323e-07
1.21519 3.06448e-07
1.240506 1.580458e-07
1.265823 6.964951e-08
1.291139 1.075625e-07
1.316456 3.053582e-07
1.341772 2.629408e-07
1.367089 1.250019e-07
1.392405 3.566417e-08
1.417722 9.986676e-09
1.443038 3.297628e-09
1.468354 2.032299e-08
1.493671 4.55242e-07
1.518987 2.800435e-06
1.544304 3.109672e-06
1.56962 2.310675e-06
1.594937 5.06516e-07
1.620253 1.308243e-07
1.64557 6.318213e-07
1.670886 2.359197e-06
1.696203 4.103049e-06
1.721519 2.065288e-06
1.746835 2.613231e-07
1.772152 1.290767e-08
1.797468 7.56541e-10
1.822785 1.912948e-11
1.848101 1.981734e-13
1.873418 1.374354e-13
1.898734 1.687459e-13
1.924051 2.617005e-13
1.949367 4.169771e-13
1.974684 5.452125e-13
2 6.5535e-13
