0.4303797 1
0.4556962 1
0.4810127 1
0.5063291 1
0.5316456 1
0.556962 1
0.5822785 1
0.6075949 1
0.6329114 1
0.6582278 1
0.6835443 1
0.7088608 1
0.7341772 1
0.7594937 1
0.7848101 1
0.8101266 1
0.835443 1
0.8607595 1
0.8860759 1
0.9113924 1
0.9367089 1
0.9620253 1
0.9873418 1
1.012658 1
1.037975 1
1.063291 1
1.088608 1
1.113924 0.9999991
1.139241 0.9997928
1.164557 0.9874573
1.189873 0.7323567
1.21519 0.1221404
1.240506 0.003921158
1.265823 4.460611e-05
1.291139 8.914353e-08
1.316456 1.927178e-11
1.341772 4.059136e-16
1.367089 2.540342e-23
1.392405 7.619142e-46
1.417722 2.284271e-46
1.443038 5.233846e-47
1.468354 1.66489e-54
1.493671 8.323047e-54
1.518987 3.127476e-53
1.544304 8.616372e-53
1.56962 1.698466e-52
1.594937 2.333574e-52
1.620253 2.168121e-52
1.64557 1.31018e-52
1.670886 4.855798e-53
1.696203 1.008006e-53
1.721519 1.124416e-54
1.746835 6.673944e-56
1.772152 2.38759e-57
1.797468 7.135089e-59
1.822785 2.502169e-60
1.848101 1.002204e-61
1.873418 3.893632e-63
1.898734 1.391777e-64
1.924051 4.375484e-66
1.949367 1.171011e-67
1.974684 2.531701e-69
2 3.572504e-71
