0.02531646 0.9999995
0.05063291 0.9999982
0.07594937 0.9999999
0.1012658 1
0.1265823 1
0.1518987 1
0.1772152 1
0.2025316 1
0.2278481 0.9999991
0.2531646 0.9999972
0.278481 0.9999984
0.3037975 0.9999994
0.3291139 0.9999893
0.3544304 0.9999888
0.3797468 0.999996
0.4050633 0.9999999
0.4303797 1
0.4556962 1
0.4810127 1
0.5063291 1
0.5316456 0.9999999
0.556962 0.9998901
0.5822785 0.9870493
0.6075949 0.755742
0.6329114 0.1339939
0.6582278 0.004115313
0.6835443 4.370971e-05
0.7088608 1.623196e-06
0.7341772 2.270995e-05
0.7594937 8.87383e-05
0.7848101 8.883258e-05
0.8101266 2.721811e-06
0.835443 1.709826e-08
0.8607595 2.183261e-09
0.8860759 7.017701e-10
0.9113924 1.090677e-08
0.9367089 4.350329e-08
0.9620253 1.401848e-13
0.9873418 2.027671e-16
1.012658 4.201188e-17
1.037975 2.584224e-17
1.063291 4.148816e-18
1.088608 1.575323e-18
1.113924 7.605706e-19
1.139241 3.49352e-19
1.164557 1.385681e-19
1.189873 4.62776e-20
1.21519 1.293532e-20
1.240506 3.016549e-21
1.265823 5.854316e-22
1.291139 9.45665e-23
1.316456 1.283456e-23
1.341772 1.528087e-24
1.367089 1.887489e-25
1.392405 3.613678e-26
1.417722 1.250766e-26
1.443038 5.545464e-27
1.468354 2.479567e-27
1.493671 1.027645e-27
1.518987 3.872824e-28
1.544304 1.29946e-28
1.56962 3.691519e-29
1.594937 9.400869e-30
1.620253 2.443193e-30
1.64557 6.89097e-31
1.670886 1.994504e-31
1.696203 5.359326e-32
1.721519 1.239441e-32
1.746835 2.358446e-33
1.772152 3.63233e-34
1.797468 4.703429e-35
1.822785 6.097204e-36
1.848101 1.073881e-36
1.873418 2.604009e-37
1.898734 6.77249e-38
1.924051 1.639061e-38
1.949367 3.439816e-39
1.974684 5.72291e-40
2 6.263882e-41
