0.5822785 1
0.6075949 1
0.6329114 1
0.6582278 1
0.6835443 1
0.7088608 1
0.7341772 1
0.7594937 1
0.7848101 1
0.8101266 1
0.835443 1
0.8607595 1
0.8860759 1
0.9113924 1
0.9367089 1
0.9620253 1
0.9873418 1
1.012658 1
1.037975 1
1.063291 1
1.088608 1
1.113924 0.9999886
1.139241 0.9968816
1.164557 0.9435471
1.189873 0.1513566
1.21519 0.01314027
1.240506 0.000261516
1.265823 9.888362e-07
1.291139 5.358768e-10
1.316456 5.822709e-14
1.341772 6.362876e-17
1.367089 6.633366e-23
1.392405 1.192686e-28
1.417722 1.160139e-29
1.443038 2.882137e-31
1.468354 2.745576e-38
1.493671 7.389543e-38
1.518987 1.814751e-37
1.544304 3.608035e-37
1.56962 5.701229e-37
1.594937 7.229846e-37
1.620253 7.358035e-37
1.64557 5.775759e-37
1.670886 3.236071e-37
1.696203 1.177545e-37
1.721519 2.60717e-38
1.746835 3.7147e-39
1.772152 3.672981e-40
1.797468 2.515805e-41
1.822785 1.189131e-42
1.848101 4.306616e-44
1.873418 1.298734e-45
1.898734 3.050407e-47
1.924051 5.640995e-49
1.949367 8.732148e-51
1.974684 1.177071e-52
2 1.373378e-54
