0.3037975 1
0.3291139 1
0.3544304 1
0.3797468 0.9999896
0.4050633 0.9975969
0.4303797 0.9252306
0.4556962 0.4721004
0.4810127 0.01082004
0.5063291 0.001462225
0.5316456 0.0002265725
0.556962 1.090907e-05
0.5822785 2.874605e-07
0.6075949 1.346406e-08
0.6329114 3.977851e-10
0.6582278 1.513961e-11
0.6835443 1.152905e-12
0.7088608 6.383965e-14
0.7341772 7.821344e-15
0.7594937 1.361373e-13
0.7848101 8.954451e-12
0.8101266 1.156056e-10
0.835443 4.400052e-10
0.8607595 7.379562e-10
0.8860759 7.832172e-10
0.9113924 3.579769e-10
0.9367089 9.210847e-11
0.9620253 3.298207e-11
0.9873418 9.85181e-12
1.012658 1.123232e-12
1.037975 6.901986e-14
1.063291 1.138213e-14
1.088608 2.150595e-15
1.113924 7.338961e-16
1.139241 2.555201e-16
1.164557 8.858914e-17
1.189873 2.844299e-17
1.21519 8.137373e-18
1.240506 2.066531e-18
1.265823 4.658054e-19
1.291139 9.298437e-20
1.316456 1.631325e-20
1.341772 2.480088e-21
1.367089 3.234085e-22
1.392405 3.680701e-23
1.417722 3.911612e-24
1.443038 4.272747e-25
1.468354 5.081107e-26
1.493671 6.725163e-27
1.518987 1.00346e-27
1.544304 1.693567e-28
1.56962 3.270506e-29
1.594937 7.258125e-30
1.620253 1.7811e-30
1.64557 4.530223e-31
1.670886 1.131693e-31
1.696203 2.68839e-32
1.721519 5.969509e-33
1.746835 1.226725e-33
1.772152 2.315317e-34
1.797468 3.981371e-35
1.822785 6.173654e-36
1.848101 8.511426e-37
1.873418 1.022847e-37
1.898734 1.041638e-38
1.924051 8.623128e-40
1.949367 5.433518e-41
1.974684 2.312843e-42
2 4.979766e-44
