0.3037975 1
0.3291139 1
0.3544304 0.9999876
0.3797468 0.9959872
0.4050633 0.8466022
0.4303797 0.1507368
0.4556962 0.007418307
0.4810127 0.001471878
0.5063291 8.321399e-05
0.5316456 2.810095e-06
0.556962 2.530259e-07
0.5822785 9.128977e-09
0.6075949 3.350818e-10
0.6329114 1.507876e-11
0.6582278 1.092936e-12
0.6835443 1.053741e-13
0.7088608 1.329744e-13
0.7341772 1.534098e-11
0.7594937 3.925685e-10
0.7848101 2.840349e-09
0.8101266 8.643045e-09
0.835443 1.325389e-08
0.8607595 1.021474e-08
0.8860759 2.767507e-09
0.9113924 3.134793e-10
0.9367089 2.037722e-10
0.9620253 4.917487e-11
0.9873418 2.807969e-13
1.012658 5.629023e-14
1.037975 4.482203e-15
1.063291 1.465743e-15
1.088608 5.949979e-16
1.113924 2.132786e-16
1.139241 6.731287e-17
1.164557 1.903691e-17
1.189873 4.873317e-18
1.21519 1.140117e-18
1.240506 2.484574e-19
1.265823 5.152135e-20
1.291139 1.03071e-20
1.316456 1.990428e-21
1.341772 3.684379e-22
1.367089 6.518651e-23
1.392405 1.117093e-23
1.417722 1.951117e-24
1.443038 3.90403e-25
1.468354 1.012092e-25
1.493671 3.311755e-26
1.518987 1.202673e-26
1.544304 4.426498e-27
1.56962 1.585396e-27
1.594937 5.427647e-28
1.620253 1.760201e-28
1.64557 5.379601e-29
1.670886 1.544036e-29
1.696203 4.148839e-30
1.721519 1.039853e-30
1.746835 2.419195e-31
1.772152 5.18907e-32
1.797468 1.01676e-32
1.822785 1.797586e-33
1.848101 2.821005e-34
1.873418 3.845093e-35
1.898734 4.418081e-36
1.924051 4.099052e-37
1.949367 2.872108e-38
1.974684 1.348264e-39
2 3.174322e-41
