0.02531646 0.9999996
0.05063291 0.999999
0.07594937 0.9999313
0.1012658 0.9998513
0.1265823 0.9999869
0.1518987 0.9999895
0.1772152 0.9993728
0.2025316 0.9976019
0.2278481 0.9995463
0.2531646 0.9999736
0.278481 0.9999954
0.3037975 0.999877
0.3291139 0.9991199
0.3544304 0.9456688
0.3797468 0.9870994
0.4050633 0.889676
0.4303797 0.81595
0.4556962 0.9546896
0.4810127 0.9952011
0.5063291 0.9433664
0.5316456 0.6259548
0.556962 0.5985983
0.5822785 0.7152746
0.6075949 0.9249799
0.6329114 0.5710083
0.6582278 0.0450188
0.6835443 0.0001551474
0.7088608 4.874812e-05
0.7341772 0.0002089266
0.7594937 7.748655e-05
0.7848101 1.178875e-05
0.8101266 4.409919e-07
0.835443 2.956697e-08
0.8607595 4.998033e-08
0.8860759 4.486322e-06
0.9113924 1.17469e-05
0.9367089 6.718399e-06
0.9620253 5.35823e-07
0.9873418 1.629129e-08
1.012658 2.987394e-09
1.037975 1.211514e-07
1.063291 1.365926e-06
1.088608 9.226286e-06
1.113924 6.337669e-05
1.139241 0.0001153383
1.164557 0.0001153383
1.189873 9.832477e-05
1.21519 2.528242e-05
1.240506 1.135402e-06
1.265823 3.641474e-08
1.291139 3.125882e-08
1.316456 3.125559e-08
1.341772 3.1253e-08
1.367089 3.125041e-08
1.392405 3.124853e-08
1.417722 4.588282e-08
1.443038 3.230701e-07
1.468354 2.569261e-07
1.493671 8.31138e-07
1.518987 2.642945e-07
1.544304 1.547237e-08
1.56962 2.551113e-10
1.594937 1.107158e-10
1.620253 1.247512e-10
1.64557 1.828333e-10
1.670886 4.404582e-10
1.696203 1.164416e-09
1.721519 2.05215e-09
1.746835 2.142882e-09
1.772152 1.716265e-09
1.797468 1.076947e-09
1.822785 8.842419e-10
1.848101 8.357164e-10
1.873418 7.732853e-10
1.898734 6.167214e-10
1.924051 3.629389e-10
1.949367 1.2709e-10
1.974684 1.924751e-11
2 1.746698e-12
