0.02531646 1
0.05063291 1
0.07594937 1
0.1012658 1
0.1265823 1
0.1518987 1
0.1772152 1
0.2025316 0.9999999
0.2278481 0.9999998
0.2531646 0.9999996
0.278481 0.9999982
0.3037975 0.9999966
0.3291139 0.999996
0.3544304 0.9999976
0.3797468 0.9999981
0.4050633 0.9999939
0.4303797 0.9999927
0.4556962 0.9999974
0.4810127 0.9999985
0.5063291 0.9999911
0.5316456 0.9999367
0.556962 0.9996833
0.5822785 0.98547
0.6075949 0.7316991
0.6329114 0.122152
0.6582278 0.001540648
0.6835443 2.945408e-06
0.7088608 1.292607e-09
0.7341772 1.444228e-10
0.7594937 1.408545e-09
0.7848101 1.787104e-09
0.8101266 3.373805e-09
0.835443 5.515043e-08
0.8607595 6.956114e-07
0.8860759 3.875799e-06
0.9113924 8.987838e-06
0.9367089 1.667395e-06
0.9620253 4.079595e-08
0.9873418 2.315161e-08
1.012658 2.101604e-08
1.037975 2.684836e-09
1.063291 5.852519e-11
1.088608 2.3169e-15
1.113924 1.99954e-17
1.139241 6.231841e-18
1.164557 3.719418e-19
1.189873 4.191327e-20
1.21519 6.493816e-21
1.240506 8.356836e-22
1.265823 8.913985e-23
1.291139 8.610751e-24
1.316456 8.929015e-25
1.341772 1.144426e-25
1.367089 1.850742e-26
1.392405 3.694972e-27
1.417722 8.421566e-28
1.443038 2.032326e-28
1.468354 5.210058e-29
1.493671 1.467364e-29
1.518987 4.481502e-30
1.544304 1.39821e-30
1.56962 4.2045e-31
1.594937 1.190805e-31
1.620253 3.218562e-32
1.64557 8.393745e-33
1.670886 2.119654e-33
1.696203 5.194108e-34
1.721519 1.237121e-34
1.746835 2.881001e-35
1.772152 6.653195e-36
1.797468 1.534596e-36
1.822785 3.528443e-37
1.848101 7.977221e-38
1.873418 1.747652e-38
1.898734 3.705981e-39
1.924051 7.474679e-40
1.949367 1.389007e-40
1.974684 2.18768e-41
2 2.221791e-42
