0.4556962 1
0.4810127 1
0.5063291 1
0.5316456 1
0.556962 1
0.5822785 1
0.6075949 1
0.6329114 1
0.6582278 1
0.6835443 1
0.7088608 1
0.7341772 1
0.7594937 1
0.7848101 1
0.8101266 1
0.835443 1
0.8607595 1
0.8860759 1
0.9113924 1
0.9367089 1
0.9620253 1
0.9873418 1
1.012658 1
1.037975 1
1.063291 1
1.088608 1
1.113924 0.9999992
1.139241 0.9997591
1.164557 0.9815242
1.189873 0.7010351
1.21519 0.07509915
1.240506 0.002775981
1.265823 2.839953e-05
1.291139 5.233735e-08
1.316456 1.377153e-11
1.341772 3.875105e-16
1.367089 1.888658e-23
1.392405 2.868437e-41
1.417722 7.850627e-43
1.443038 1.185676e-43
1.468354 1.069986e-51
1.493671 4.115692e-51
1.518987 1.229379e-50
1.544304 2.770323e-50
1.56962 4.57169e-50
1.594937 5.356204e-50
1.620253 4.302287e-50
1.64557 2.256513e-50
1.670886 7.139832e-51
1.696203 1.228592e-51
1.721519 1.091135e-52
1.746835 5.015621e-54
1.772152 1.600211e-55
1.797468 6.258071e-57
1.822785 3.046359e-58
1.848101 1.316825e-59
1.873418 4.601604e-61
1.898734 1.288093e-62
1.924051 2.855893e-64
1.949367 5.065208e-66
1.974684 7.241116e-68
2 7.220674e-70
