0.556962 1
0.5822785 1
0.6075949 1
0.6329114 1
0.6582278 1
0.6835443 1
0.7088608 1
0.7341772 1
0.7594937 1
0.7848101 1
0.8101266 1
0.835443 1
0.8607595 1
0.8860759 1
0.9113924 1
0.9367089 1
0.9620253 1
0.9873418 1
1.012658 1
1.037975 1
1.063291 1
1.088608 1
1.113924 0.9999955
1.139241 0.9974742
1.164557 0.9247224
1.189873 0.2005209
1.21519 0.01095276
1.240506 0.0001913231
1.265823 1.001474e-06
1.291139 5.738021e-10
1.316456 4.169061e-14
1.341772 5.694703e-17
1.367089 8.007757e-23
1.392405 3.898934e-29
1.417722 2.030044e-30
1.443038 7.263618e-32
1.468354 1.788501e-39
1.493671 2.419161e-39
1.518987 4.324355e-39
1.544304 8.225431e-39
1.56962 1.405776e-38
1.594937 2.017288e-38
1.620253 2.375467e-38
1.64557 2.222257e-38
1.670886 1.555148e-38
1.696203 7.420338e-39
1.721519 2.214136e-39
1.746835 4.147271e-40
1.772152 4.967247e-41
1.797468 3.667902e-42
1.822785 1.667609e-43
1.848101 5.252496e-45
1.873418 1.293116e-46
1.898734 2.451249e-48
1.924051 3.617934e-50
1.949367 4.459826e-52
1.974684 4.779035e-54
2 4.486759e-56
