0.02531646 1
0.05063291 0.9999971
0.07594937 0.9999877
0.1012658 0.9999216
0.1265823 0.9945773
0.1518987 0.9889682
0.1772152 0.9984935
0.2025316 0.9124185
0.2278481 0.09758206
0.2531646 0.04806748
0.278481 0.04806748
0.3037975 0.3221424
0.3291139 0.9722646
0.3544304 0.9897882
0.3797468 0.9768087
0.4050633 0.9753703
0.4303797 0.9889142
0.4556962 0.9305681
0.4810127 0.8878239
0.5063291 0.9594152
0.5316456 0.9480993
0.556962 0.5026162
0.5822785 0.04098861
0.6075949 0.001922962
0.6329114 0.0001545413
0.6582278 4.246825e-05
0.6835443 0.0001276868
0.7088608 0.0008961267
0.7341772 0.001697836
0.7594937 0.0007962105
0.7848101 5.210887e-05
0.8101266 7.607097e-05
0.835443 0.00080913
0.8607595 0.002069487
0.8860759 0.002127979
0.9113924 0.001892154
0.9367089 0.0001875091
0.9620253 1.118215e-05
0.9873418 1.99834e-06
1.012658 1.238849e-05
1.037975 7.118274e-05
1.063291 0.0002543672
1.088608 0.0003051428
1.113924 8.901043e-05
1.139241 4.43247e-05
1.164557 1.209184e-05
1.189873 1.204664e-05
1.21519 1.016569e-05
1.240506 3.087056e-06
1.265823 3.713166e-07
1.291139 2.556273e-09
1.316456 1.067119e-09
1.341772 2.758296e-08
1.367089 9.24084e-07
1.392405 2.06318e-05
1.417722 0.0001595954
1.443038 0.000347483
1.468354 0.000347483
1.493671 0.000347483
1.518987 0.0003039572
1.544304 6.219842e-05
1.56962 5.310828e-06
1.594937 1.121576e-07
1.620253 3.866869e-09
1.64557 1.235189e-08
1.670886 4.244636e-08
1.696203 2.053837e-08
1.721519 2.292954e-08
1.746835 1.204448e-08
1.772152 1.971711e-07
1.797468 1.926114e-06
1.822785 2.70152e-06
1.848101 1.220619e-06
1.873418 3.35304e-07
1.898734 1.275234e-08
1.924051 1.163863e-09
1.949367 1.275715e-09
1.974684 1.690193e-09
2 2.442967e-09
