0.02531646 1
0.05063291 1
0.07594937 1
0.1012658 1
0.1265823 0.9999999
0.1518987 0.9999999
0.1772152 0.9999997
0.2025316 0.9999999
0.2278481 1
0.2531646 0.9999995
0.278481 0.9999968
0.3037975 0.9999957
0.3291139 0.9999969
0.3544304 0.9999996
0.3797468 1
0.4050633 1
0.4303797 1
0.4556962 1
0.4810127 1
0.5063291 0.9999999
0.5316456 0.9999843
0.556962 0.9986498
0.5822785 0.9678387
0.6075949 0.7170668
0.6329114 0.08602223
0.6582278 0.04701513
0.6835443 0.0006025738
0.7088608 2.634253e-05
0.7341772 2.001079e-06
0.7594937 6.904417e-07
0.7848101 8.676789e-08
0.8101266 1.160516e-08
0.835443 1.916581e-08
0.8607595 3.693113e-08
0.8860759 6.977533e-09
0.9113924 8.660337e-11
0.9367089 2.170114e-13
0.9620253 3.419209e-16
0.9873418 4.134919e-17
1.012658 2.575957e-17
1.037975 1.391744e-17
1.063291 6.336125e-18
1.088608 2.386108e-18
1.113924 7.427337e-19
1.139241 1.919973e-19
1.164557 4.1439e-20
1.189873 7.505623e-21
1.21519 1.147343e-21
1.240506 1.496263e-22
1.265823 1.735241e-23
1.291139 2.232473e-24
1.316456 6.022336e-25
1.341772 3.447959e-25
1.367089 2.328447e-25
1.392405 1.51045e-25
1.417722 8.897993e-26
1.443038 4.650113e-26
1.468354 2.14922e-26
1.493671 8.722691e-27
1.518987 3.065575e-27
1.544304 9.317652e-28
1.56962 2.479074e-28
1.594937 5.886225e-29
1.620253 1.286624e-29
1.64557 2.733523e-30
1.670886 6.096968e-31
1.696203 1.487e-31
1.721519 3.831495e-32
1.746835 9.83089e-33
1.772152 2.440242e-33
1.797468 5.923137e-34
1.822785 1.462338e-34
1.848101 3.814478e-35
1.873418 1.024466e-35
1.898734 2.580653e-36
1.924051 5.478002e-37
1.949367 9.035922e-38
1.974684 1.143673e-38
2 1.079104e-39
