0.05063291 1
0.07594937 1
0.1012658 1
0.1265823 1
0.1518987 0.9999999
0.1772152 0.9999718
0.2025316 0.999033
0.2278481 0.9826261
0.2531646 0.9387159
0.278481 0.09590874
0.3037975 0.902752
0.3291139 0.05412304
0.3544304 0.160349
0.3797468 0.8595344
0.4050633 0.9951586
0.4303797 0.9948029
0.4556962 0.8683649
0.4810127 0.2896821
0.5063291 0.01242274
0.5316456 0.002667545
0.556962 0.008403627
0.5822785 0.02364794
0.6075949 0.02324827
0.6329114 0.008403492
0.6582278 0.001415426
0.6835443 0.0003371762
0.7088608 9.67397e-05
0.7341772 4.227463e-05
0.7594937 0.0001562138
0.7848101 0.0001978856
0.8101266 0.0001132015
0.835443 1.893466e-05
0.8607595 9.645058e-07
0.8860759 2.414138e-06
0.9113924 1.090803e-05
0.9367089 1.240039e-05
0.9620253 4.999609e-06
0.9873418 2.961001e-07
1.012658 1.406251e-06
1.037975 1.422072e-05
1.063291 2.022413e-05
1.088608 5.326825e-06
1.113924 5.502309e-07
1.139241 5.982565e-07
1.164557 1.463372e-06
1.189873 8.56005e-07
1.21519 8.385017e-08
1.240506 2.372099e-09
1.265823 1.093625e-09
1.291139 7.205128e-09
1.316456 4.710104e-08
1.341772 1.755107e-07
1.367089 1.652684e-07
1.392405 2.77706e-08
1.417722 6.947982e-09
1.443038 7.966266e-08
1.468354 2.229526e-06
1.493671 1.078473e-05
1.518987 2.932231e-05
1.544304 1.743819e-05
1.56962 2.128044e-06
1.594937 2.98866e-08
1.620253 8.190286e-10
1.64557 7.283752e-10
1.670886 6.867216e-10
1.696203 7.803316e-10
1.721519 1.980069e-09
1.746835 6.896676e-09
1.772152 2.819861e-08
1.797468 2.29e-07
1.822785 2.931725e-06
1.848101 6.545519e-06
1.873418 2.056717e-06
1.898734 9.877948e-08
1.924051 1.649304e-09
1.949367 1.268188e-09
1.974684 1.387953e-09
2 1.849595e-09
