0.7341772 1
0.7594937 1
0.7848101 1
0.8101266 1
0.835443 1
0.8607595 1
0.8860759 1
0.9113924 1
0.9367089 1
0.9620253 1
0.9873418 0.9999514
1.012658 0.9930201
1.037975 0.8281923
1.063291 0.1578165
1.088608 0.002391737
1.113924 5.726499e-05
1.139241 9.752361e-07
1.164557 1.478239e-08
1.189873 3.910786e-10
1.21519 3.473495e-11
1.240506 8.225306e-14
1.265823 1.484293e-15
1.291139 5.44365e-17
1.316456 8.947936e-19
1.341772 4.189714e-20
1.367089 2.22011e-22
1.392405 2.505549e-25
1.417722 1.92382e-25
1.443038 1.344821e-25
1.468354 8.323131e-26
1.493671 4.472848e-26
1.518987 2.016597e-26
1.544304 7.080307e-27
1.56962 1.649126e-27
1.594937 1.759723e-28
1.620253 3.63162e-30
1.64557 2.271458e-32
1.670886 2.690116e-33
1.696203 1.814865e-34
1.721519 8.457395e-36
1.746835 2.644709e-37
1.772152 6.330194e-39
1.797468 1.165235e-40
1.822785 1.603887e-42
1.848101 1.959461e-44
1.873418 1.895585e-46
1.898734 1.61268e-48
1.924051 1.584975e-50
1.949367 1.793147e-52
1.974684 2.01345e-54
2 2.352557e-56
