0.3544304 1
0.3797468 1
0.4050633 1
0.4303797 0.999964
0.4556962 0.9937777
0.4810127 0.8517808
0.5063291 0.2324629
0.5316456 0.00551749
0.556962 0.001040926
0.5822785 0.0001711158
0.6075949 6.607836e-06
0.6329114 2.230487e-07
0.6582278 6.503605e-09
0.6835443 1.735659e-10
0.7088608 6.289448e-12
0.7341772 3.646479e-13
0.7594937 1.523338e-14
0.7848101 1.246499e-15
0.8101266 5.438346e-16
0.835443 9.458706e-16
0.8607595 2.9426e-15
0.8860759 9.825198e-15
0.9113924 4.124803e-14
0.9367089 1.225912e-13
0.9620253 2.217491e-13
0.9873418 2.663718e-13
1.012658 1.691792e-13
1.037975 6.710844e-14
1.063291 1.968701e-14
1.088608 6.532426e-15
1.113924 3.027659e-15
1.139241 1.664037e-15
1.164557 8.619842e-16
1.189873 4.088038e-16
1.21519 1.764419e-16
1.240506 6.87142e-17
1.265823 2.391971e-17
1.291139 7.363544e-18
1.316456 1.980065e-18
1.341772 4.582279e-19
1.367089 8.955955e-20
1.392405 1.441765e-20
1.417722 1.846402e-21
1.443038 1.788773e-22
1.468354 1.21709e-23
1.493671 5.284089e-25
1.518987 1.534653e-26
1.544304 6.625732e-28
1.56962 4.949922e-29
1.594937 4.304955e-30
1.620253 4.51739e-31
1.64557 5.217471e-32
1.670886 6.028792e-33
1.696203 6.48549e-34
1.721519 6.248596e-35
1.746835 5.269575e-36
1.772152 3.82604e-37
1.797468 2.361853e-38
1.822785 1.228214e-39
1.848101 5.338341e-41
1.873418 1.916228e-42
1.898734 5.570568e-44
1.924051 1.287848e-45
1.949367 2.346756e-47
1.974684 3.240501e-49
2 2.736248e-51
