0.02531646 1.000001
0.05063291 0.9999983
0.07594937 0.9999052
0.1012658 0.9999052
0.1265823 0.9999922
0.1518987 0.9999993
0.1772152 0.9999999
0.2025316 1
0.2278481 0.9999952
0.2531646 0.9999545
0.278481 0.9995561
0.3037975 0.9996399
0.3291139 0.9994217
0.3544304 0.9990087
0.3797468 0.9999458
0.4050633 0.9999011
0.4303797 0.9977434
0.4556962 0.9730779
0.4810127 0.9471412
0.5063291 0.9494644
0.5316456 0.9968415
0.556962 0.9980903
0.5822785 0.9968949
0.6075949 0.9231196
0.6329114 0.285235
0.6582278 0.002755371
0.6835443 1.936137e-06
0.7088608 2.174052e-10
0.7341772 2.603125e-15
0.7594937 2.510043e-15
0.7848101 9.622891e-16
0.8101266 3.414948e-16
0.835443 1.304376e-16
0.8607595 4.711747e-17
0.8860759 1.749316e-17
0.9113924 7.613039e-18
0.9367089 4.191144e-18
0.9620253 2.653159e-18
0.9873418 1.674366e-18
1.012658 9.680131e-19
1.037975 4.918719e-19
1.063291 2.141773e-19
1.088608 7.833593e-20
1.113924 2.360122e-20
1.139241 5.718316e-21
1.164557 1.126708e-21
1.189873 2.536376e-22
1.21519 9.996416e-23
1.240506 3.895468e-23
1.265823 1.339615e-23
1.291139 3.996727e-24
1.316456 1.022096e-24
1.341772 2.214387e-25
1.367089 4.020058e-26
1.392405 6.056667e-27
1.417722 7.536779e-28
1.443038 7.829081e-29
1.468354 7.132669e-30
1.493671 6.452283e-31
1.518987 6.819813e-32
1.544304 8.673703e-33
1.56962 1.210483e-33
1.594937 1.749703e-34
1.620253 2.566653e-35
1.64557 3.730452e-36
1.670886 5.200609e-37
1.696203 6.696346e-38
1.721519 7.765729e-39
1.746835 8.238249e-40
1.772152 8.712849e-41
1.797468 1.05279e-41
1.822785 1.510132e-42
1.848101 2.357111e-43
1.873418 3.688987e-44
1.898734 5.41687e-45
1.924051 6.955533e-46
1.949367 7.206994e-47
1.974684 5.296616e-48
2 2.043614e-49
