0.1012658 0.9999999
0.1265823 0.9999999
0.1518987 1
0.1772152 1
0.2025316 1
0.2278481 1
0.2531646 1
0.278481 1
0.3037975 1
0.3291139 1
0.3544304 1
0.3797468 1
0.4050633 1
0.4303797 1
0.4556962 0.9999944
0.4810127 0.99976
0.5063291 0.9944859
0.5316456 0.9106883
0.556962 0.4089279
0.5822785 0.04256986
0.6075949 0.00379116
0.6329114 0.0004076222
0.6582278 3.03482e-05
0.6835443 1.870176e-06
0.7088608 7.618443e-08
0.7341772 1.14019e-09
0.7594937 3.223419e-10
0.7848101 3.748593e-09
0.8101266 2.650721e-08
0.835443 1.888054e-08
0.8607595 3.483555e-09
0.8860759 8.337305e-10
0.9113924 8.337305e-10
0.9367089 4.816578e-09
0.9620253 3.284928e-07
0.9873418 4.73699e-05
1.012658 3.213217e-05
1.037975 8.033736e-06
1.063291 3.338453e-07
1.088608 2.831314e-07
1.113924 4.262133e-06
1.139241 1.04634e-05
1.164557 2.561921e-06
1.189873 3.823497e-07
1.21519 3.422445e-07
1.240506 3.78509e-07
1.265823 2.105846e-06
1.291139 8.951074e-05
1.316456 0.0001087414
1.341772 5.816194e-05
1.367089 2.470747e-06
1.392405 2.044748e-07
1.417722 3.987065e-08
1.443038 2.481837e-07
1.468354 3.475811e-07
1.493671 8.274987e-08
1.518987 1.170951e-08
1.544304 3.645331e-08
1.56962 7.539013e-08
1.594937 1.236482e-07
1.620253 9.33445e-08
1.64557 4.766929e-09
1.670886 1.82704e-11
1.696203 5.896574e-12
1.721519 2.754468e-12
1.746835 1.301453e-13
1.772152 4.789827e-15
1.797468 2.933252e-16
1.822785 5.515648e-17
1.848101 2.15194e-17
1.873418 8.8771e-18
1.898734 3.40214e-18
1.924051 1.206666e-18
1.949367 3.925692e-19
1.974684 1.07246e-19
2 1.805332e-20
