0.1518987 1
0.1772152 1
0.2025316 1
0.2278481 1
0.2531646 1
0.278481 1
0.3037975 1
0.3291139 1
0.3544304 1
0.3797468 1
0.4050633 1
0.4303797 0.9999999
0.4556962 1
0.4810127 1
0.5063291 1
0.5316456 1
0.556962 0.9999991
0.5822785 0.9999677
0.6075949 0.9984717
0.6329114 0.8916382
0.6582278 0.2370282
0.6835443 0.01247842
0.7088608 0.000112754
0.7341772 1.361452e-07
0.7594937 3.597777e-10
0.7848101 5.112798e-10
0.8101266 6.739417e-10
0.835443 3.667906e-10
0.8607595 1.219483e-09
0.8860759 1.525336e-07
0.9113924 3.218193e-07
0.9367089 7.664947e-07
0.9620253 2.00293e-05
0.9873418 2.984402e-05
1.012658 1.420987e-05
1.037975 2.10923e-06
1.063291 1.149934e-05
1.088608 9.072899e-06
1.113924 1.071949e-06
1.139241 3.188675e-06
1.164557 1.158558e-06
1.189873 2.001173e-08
1.21519 3.467905e-07
1.240506 1.088863e-06
1.265823 1.014845e-06
1.291139 1.637926e-07
1.316456 1.265201e-07
1.341772 2.730238e-07
1.367089 1.487659e-07
1.392405 1.388305e-08
1.417722 9.847315e-11
1.443038 4.539423e-11
1.468354 7.258708e-11
1.493671 6.872877e-11
1.518987 4.122896e-11
1.544304 2.372104e-11
1.56962 1.106226e-11
1.594937 4.416527e-12
1.620253 1.475481e-12
1.64557 4.100578e-13
1.670886 9.462477e-14
1.696203 1.956306e-14
1.721519 4.336554e-15
1.746835 1.43437e-15
1.772152 5.047898e-16
1.797468 1.435249e-16
1.822785 3.226383e-17
1.848101 6.006465e-18
1.873418 1.216008e-18
1.898734 3.416276e-19
1.924051 9.629144e-20
1.949367 2.096845e-20
1.974684 3.066802e-21
2 2.254302e-22
