0.1772152 1
0.2025316 1
0.2278481 1
0.2531646 0.9999998
0.278481 0.9999999
0.3037975 1
0.3291139 1
0.3544304 0.9999999
0.3797468 1
0.4050633 1
0.4303797 1
0.4556962 0.9999999
0.4810127 0.999998
0.5063291 0.9998009
0.5316456 0.9823551
0.556962 0.5809273
0.5822785 0.07892826
0.6075949 0.002969733
0.6329114 2.964783e-05
0.6582278 6.170646e-08
0.6835443 1.444052e-10
0.7088608 1.69075e-10
0.7341772 2.525949e-09
0.7594937 2.620273e-09
0.7848101 1.600196e-09
0.8101266 9.235876e-09
0.835443 2.97376e-07
0.8607595 1.245885e-06
0.8860759 4.335364e-06
0.9113924 1.288905e-05
0.9367089 1.288905e-05
0.9620253 4.657385e-06
0.9873418 2.184666e-07
1.012658 2.773729e-08
1.037975 2.6665e-08
1.063291 2.666501e-08
1.088608 1.076991e-07
1.113924 5.207695e-07
1.139241 6.9364e-06
1.164557 3.224988e-06
1.189873 3.265586e-07
1.21519 3.294763e-07
1.240506 3.001807e-07
1.265823 2.16104e-07
1.291139 6.050933e-08
1.316456 5.693797e-09
1.341772 2.603995e-10
1.367089 1.124915e-11
1.392405 3.147014e-12
1.417722 1.350859e-12
1.443038 5.038771e-13
1.468354 3.332264e-13
1.493671 2.390434e-13
1.518987 1.369109e-13
1.544304 6.745445e-14
1.56962 3.198255e-14
1.594937 1.452493e-14
1.620253 6.656424e-15
1.64557 3.454141e-15
1.670886 1.969775e-15
1.696203 1.057894e-15
1.721519 5.088038e-16
1.746835 2.154279e-16
1.772152 7.885127e-17
1.797468 2.453842e-17
1.822785 6.457038e-18
1.848101 1.48356e-18
1.873418 3.312211e-19
1.898734 8.004095e-20
1.924051 1.921063e-20
1.949367 3.723644e-21
1.974684 4.895236e-22
2 3.276246e-23
