0.07594937 0.9999999
0.1012658 1
0.1265823 1
0.1518987 1
0.1772152 1
0.2025316 1
0.2278481 1
0.2531646 0.999998
0.278481 0.9996506
0.3037975 0.9830522
0.3291139 0.7549802
0.3544304 0.108791
0.3797468 0.006549906
0.4050633 0.007823411
0.4303797 0.03510403
0.4556962 0.07348333
0.4810127 0.2862839
0.5063291 0.2140712
0.5316456 0.04765692
0.556962 0.01079747
0.5822785 0.0217142
0.6075949 0.08496459
0.6329114 0.01118563
0.6582278 0.0105452
0.6835443 0.02010493
0.7088608 0.003837375
0.7341772 0.0005168831
0.7594937 0.0003398045
0.7848101 0.0001414105
0.8101266 2.487925e-05
0.835443 2.264605e-06
0.8607595 1.276899e-07
0.8860759 4.67183e-09
0.9113924 2.764634e-10
0.9367089 3.631499e-10
0.9620253 1.41886e-09
0.9873418 4.621923e-09
1.012658 4.26273e-09
1.037975 1.880086e-09
1.063291 7.355505e-10
1.088608 7.304425e-10
1.113924 3.922378e-09
1.139241 2.531895e-08
1.164557 1.314658e-08
1.189873 2.399545e-09
1.21519 8.499486e-10
1.240506 8.450946e-10
1.265823 8.449609e-10
1.291139 8.449609e-10
1.316456 9.924167e-10
1.341772 4.418846e-09
1.367089 9.963572e-09
1.392405 2.389424e-08
1.417722 1.395364e-07
1.443038 4.974086e-07
1.468354 8.63003e-07
1.493671 6.545482e-07
1.518987 1.587906e-07
1.544304 6.322142e-08
1.56962 6.425905e-08
1.594937 7.485202e-08
1.620253 1.221421e-07
1.64557 2.720482e-08
1.670886 6.036808e-10
1.696203 7.565554e-11
1.721519 1.119415e-11
1.746835 6.814845e-13
1.772152 1.839256e-14
1.797468 8.042692e-16
1.822785 3.956761e-17
1.848101 1.992382e-17
1.873418 1.58907e-17
1.898734 1.440637e-17
1.924051 1.271747e-17
1.949367 9.478771e-18
1.974684 5.201578e-18
2 1.57886e-18
