0.02531646 1
0.05063291 0.9999971
0.07594937 0.9999901
0.1012658 0.9999987
0.1265823 0.9999952
0.1518987 0.9994107
0.1772152 0.9996563
0.2025316 0.9999858
0.2278481 0.9999994
0.2531646 0.9999982
0.278481 0.999899
0.3037975 0.9989504
0.3291139 0.9736511
0.3544304 0.9697418
0.3797468 0.8186262
0.4050633 0.8451705
0.4303797 0.9807976
0.4556962 0.9955674
0.4810127 0.9807498
0.5063291 0.7419535
0.5316456 0.7220536
0.556962 0.8964674
0.5822785 0.9899594
0.6075949 0.9574355
0.6329114 0.4705394
0.6582278 0.0368841
0.6835443 0.000295691
0.7088608 1.360089e-06
0.7341772 7.343274e-06
0.7594937 0.0002406009
0.7848101 0.0004412112
0.8101266 6.578141e-05
0.835443 2.029842e-06
0.8607595 6.255703e-08
0.8860759 1.552205e-08
0.9113924 4.360123e-07
0.9367089 3.487908e-06
0.9620253 5.09032e-06
0.9873418 2.206533e-06
1.012658 1.65697e-07
1.037975 4.683173e-09
1.063291 6.042675e-09
1.088608 1.812717e-08
1.113924 2.049055e-08
1.139241 9.58856e-07
1.164557 1.492702e-06
1.189873 1.669197e-06
1.21519 1.909741e-05
1.240506 4.919478e-05
1.265823 0.000119241
1.291139 7.532467e-05
1.316456 2.123795e-05
1.341772 9.847135e-06
1.367089 3.58717e-06
1.392405 2.444212e-06
1.417722 3.357532e-06
1.443038 2.006039e-06
1.468354 4.742235e-07
1.493671 3.468241e-08
1.518987 6.26807e-10
1.544304 1.403555e-10
1.56962 1.302768e-10
1.594937 1.371101e-10
1.620253 3.248528e-10
1.64557 2.077766e-09
1.670886 6.324102e-09
1.696203 5.745218e-09
1.721519 3.448295e-09
1.746835 2.024774e-09
1.772152 1.065696e-09
1.797468 9.086594e-10
1.822785 8.180782e-10
1.848101 7.352234e-10
1.873418 5.852365e-10
1.898734 3.525423e-10
1.924051 1.304214e-10
1.949367 2.356924e-11
1.974684 2.33157e-12
2 1.237846e-12
