0.4556962 1
0.4810127 1
0.5063291 1
0.5316456 1
0.556962 1
0.5822785 1
0.6075949 1
0.6329114 1
0.6582278 1
0.6835443 1
0.7088608 1
0.7341772 1
0.7594937 1
0.7848101 1
0.8101266 1
0.835443 1
0.8607595 1
0.8860759 1
0.9113924 1
0.9367089 1
0.9620253 1
0.9873418 1
1.012658 1
1.037975 1
1.063291 1
1.088608 1
1.113924 0.9999991
1.139241 0.9997822
1.164557 0.9850143
1.189873 0.6977437
1.21519 0.1001158
1.240506 0.003046754
1.265823 3.295989e-05
1.291139 6.560639e-08
1.316456 1.634606e-11
1.341772 4.287362e-16
1.367089 2.392857e-23
1.392405 6.335563e-43
1.417722 4.035942e-44
1.443038 7.224361e-45
1.468354 8.97576e-53
1.493671 3.911177e-52
1.518987 1.307349e-51
1.544304 3.256172e-51
1.56962 5.874384e-51
1.594937 7.457213e-51
1.620253 6.449774e-51
1.64557 3.640254e-51
1.670886 1.250516e-51
1.696203 2.36166e-52
1.721519 2.329533e-53
1.746835 1.199288e-54
1.772152 3.926538e-56
1.797468 1.336121e-57
1.822785 5.839603e-59
1.848101 2.553297e-60
1.873418 9.692973e-62
1.898734 3.106465e-63
1.924051 8.246395e-65
1.949367 1.788065e-66
1.974684 3.084509e-68
2 3.608974e-70
