0.4303797 1
0.4556962 1
0.4810127 1
0.5063291 1
0.5316456 1
0.556962 1
0.5822785 1
0.6075949 1
0.6329114 1
0.6582278 1
0.6835443 1
0.7088608 1
0.7341772 1
0.7594937 1
0.7848101 1
0.8101266 1
0.835443 1
0.8607595 1
0.8860759 1
0.9113924 1
0.9367089 1
0.9620253 1
0.9873418 1
1.012658 1
1.037975 1
1.063291 1
1.088608 1
1.113924 0.9999989
1.139241 0.9997803
1.164557 0.9869196
1.189873 0.7758008
1.21519 0.1115401
1.240506 0.005252568
1.265823 5.89232e-05
1.291139 1.161886e-07
1.316456 2.170573e-11
1.341772 3.623378e-16
1.367089 2.247701e-23
1.392405 2.197032e-47
1.417722 1.444273e-47
1.443038 3.660319e-48
1.468354 2.176057e-55
1.493671 1.135375e-54
1.518987 4.404265e-54
1.544304 1.243318e-53
1.56962 2.498562e-53
1.594937 3.486051e-53
1.620253 3.276747e-53
1.64557 1.996682e-53
1.670886 7.468237e-54
1.696203 1.58228e-54
1.721519 1.842675e-55
1.746835 1.141055e-56
1.772152 4.229594e-58
1.797468 1.231496e-59
1.822785 3.926758e-61
1.848101 1.423669e-62
1.873418 5.36081e-64
1.898734 1.931743e-65
1.924051 6.275823e-67
1.949367 1.760514e-68
1.974684 4.005197e-70
2 5.871211e-72
