0.02531646 1
0.05063291 1
0.07594937 0.9999438
0.1012658 0.9996774
0.1265823 0.9998866
0.1518987 0.9973251
0.1772152 0.9998099
0.2025316 0.9996197
0.2278481 0.9833449
0.2531646 0.9787211
0.278481 0.9959583
0.3037975 0.9813198
0.3291139 0.9854332
0.3544304 0.9965421
0.3797468 0.9503315
0.4050633 0.9891542
0.4303797 0.9880383
0.4556962 0.7110744
0.4810127 0.9424095
0.5063291 0.9923009
0.5316456 0.9038621
0.556962 0.9480338
0.5822785 0.9194751
0.6075949 0.4135836
0.6329114 0.03048693
0.6582278 0.0003737974
0.6835443 1.775999e-06
0.7088608 4.438585e-09
0.7341772 2.635793e-09
0.7594937 1.295638e-08
0.7848101 5.556361e-08
0.8101266 4.237432e-07
0.835443 1.894812e-06
0.8607595 1.282151e-05
0.8860759 3.462879e-05
0.9113924 4.609943e-05
0.9367089 4.049402e-05
0.9620253 1.149879e-05
0.9873418 6.407877e-07
1.012658 5.012706e-08
1.037975 3.841e-08
1.063291 3.830906e-08
1.088608 3.820882e-08
1.113924 5.326767e-08
1.139241 2.657409e-07
1.164557 1.206075e-07
1.189873 9.638742e-08
1.21519 5.43545e-08
1.240506 2.049364e-08
1.265823 5.709081e-08
1.291139 4.543498e-07
1.316456 5.253505e-06
1.341772 5.354865e-05
1.367089 0.0001321801
1.392405 0.0001321956
1.417722 0.0001322111
1.443038 7.378331e-05
1.468354 1.600397e-05
1.493671 1.204063e-06
1.518987 2.36359e-08
1.544304 3.155898e-10
1.56962 3.021796e-10
1.594937 3.021796e-10
1.620253 3.092125e-10
1.64557 3.917085e-10
1.670886 5.335009e-10
1.696203 5.40129e-10
1.721519 4.696933e-10
1.746835 3.460368e-10
1.772152 1.949014e-10
1.797468 7.21604e-11
1.822785 1.58946e-11
1.848101 4.617499e-12
1.873418 3.959951e-12
1.898734 3.961978e-12
1.924051 3.931794e-12
1.949367 3.751232e-12
1.974684 3.340027e-12
2 2.165036e-12
