0.02531646 1
0.05063291 1
0.07594937 0.9998726
0.1012658 0.9999958
0.1265823 0.9999998
0.1518987 0.9999998
0.1772152 0.9999994
0.2025316 0.9999938
0.2278481 0.9999413
0.2531646 0.9945109
0.278481 0.9993439
0.3037975 0.9999348
0.3291139 0.9991677
0.3544304 0.999878
0.3797468 0.998936
0.4050633 0.9604116
0.4303797 0.9435467
0.4556962 0.9882709
0.4810127 0.9998518
0.5063291 0.9999508
0.5316456 0.9997785
0.556962 0.9996944
0.5822785 0.9968383
0.6075949 0.9071981
0.6329114 0.313197
0.6582278 0.01109575
0.6835443 1.615613e-05
0.7088608 1.576974e-09
0.7341772 2.47072e-15
0.7594937 2.279179e-15
0.7848101 1.12444e-15
0.8101266 4.371269e-16
0.835443 1.785438e-16
0.8607595 6.752081e-17
0.8860759 2.379264e-17
0.9113924 7.843749e-18
0.9367089 2.457686e-18
0.9620253 7.60822e-19
0.9873418 2.477506e-19
1.012658 8.862506e-20
1.037975 3.360731e-20
1.063291 1.233396e-20
1.088608 4.073182e-21
1.113924 1.213234e-21
1.139241 3.763399e-22
1.164557 1.481536e-22
1.189873 6.913736e-23
1.21519 3.199369e-23
1.240506 1.364146e-23
1.265823 5.206844e-24
1.291139 1.756783e-24
1.316456 5.182287e-25
1.341772 1.321773e-25
1.367089 2.882219e-26
1.392405 5.317763e-27
1.417722 8.247513e-28
1.443038 1.07909e-28
1.468354 1.226183e-29
1.493671 1.318738e-30
1.518987 1.562412e-31
1.544304 2.233928e-32
1.56962 3.560685e-33
1.594937 5.65595e-34
1.620253 8.537915e-35
1.64557 1.212829e-35
1.670886 1.620445e-36
1.696203 2.035663e-37
1.721519 2.347075e-38
1.746835 2.451425e-39
1.772152 2.363737e-40
1.797468 2.259083e-41
1.822785 2.392038e-42
1.848101 2.917225e-43
1.873418 3.845611e-44
1.898734 5.030711e-45
1.924051 6.010171e-46
1.949367 6.018522e-47
1.974684 4.453871e-48
2 1.80884e-49
