0.07594937 1
0.1012658 1
0.1265823 1
0.1518987 1
0.1772152 1
0.2025316 1
0.2278481 0.9999772
0.2531646 0.996467
0.278481 0.894414
0.3037975 0.3275902
0.3291139 0.01027148
0.3544304 0.01047585
0.3797468 0.08343819
0.4050633 0.0569983
0.4303797 0.02712752
0.4556962 0.04961025
0.4810127 0.412865
0.5063291 0.412865
0.5316456 0.307596
0.556962 0.07014771
0.5822785 0.03949107
0.6075949 0.08206936
0.6329114 0.04105564
0.6582278 0.0008436889
0.6835443 0.0001816028
0.7088608 0.0005161455
0.7341772 0.001351648
0.7594937 0.002034492
0.7848101 0.001946766
0.8101266 0.001938573
0.835443 0.001781006
0.8607595 0.0008423698
0.8860759 0.0001255863
0.9113924 1.019712e-05
0.9367089 5.178868e-07
0.9620253 1.723387e-08
0.9873418 7.691067e-10
1.012658 7.162014e-10
1.037975 8.01171e-10
1.063291 2.222942e-09
1.088608 5.077966e-09
1.113924 4.778093e-09
1.139241 2.81733e-09
1.164557 1.402483e-09
1.189873 1.525727e-09
1.21519 1.910312e-09
1.240506 1.829548e-09
1.265823 1.281347e-09
1.291139 8.474009e-10
1.316456 1.005939e-09
1.341772 5.435172e-09
1.367089 3.714929e-08
1.392405 5.190201e-07
1.417722 2.21122e-05
1.443038 5.587595e-05
1.468354 5.587595e-05
1.493671 2.358071e-05
1.518987 1.804333e-06
1.544304 1.71445e-07
1.56962 6.337623e-06
1.594937 4.103264e-05
1.620253 1.627933e-05
1.64557 2.628886e-06
1.670886 1.105483e-07
1.696203 8.213223e-10
1.721519 2.478014e-10
1.746835 6.507603e-11
1.772152 5.388218e-12
1.797468 1.739867e-13
1.822785 2.550403e-15
1.848101 8.154265e-17
1.873418 2.741217e-17
1.898734 3.103952e-17
1.924051 3.191341e-17
1.949367 2.722332e-17
1.974684 1.754878e-17
2 6.571976e-18
