0.1012658 1
0.1265823 1
0.1518987 0.9999999
0.1772152 1
0.2025316 1
0.2278481 1
0.2531646 1
0.278481 1
0.3037975 1
0.3291139 1
0.3544304 1
0.3797468 1
0.4050633 1
0.4303797 1
0.4556962 1
0.4810127 1
0.5063291 1
0.5316456 0.9999997
0.556962 0.9999806
0.5822785 0.9992827
0.6075949 0.9741936
0.6329114 0.6664616
0.6582278 0.07283785
0.6835443 0.001782626
0.7088608 3.375462e-05
0.7341772 3.950846e-07
0.7594937 8.229547e-10
0.7848101 2.517325e-10
0.8101266 4.992752e-10
0.835443 1.405408e-09
0.8607595 6.15215e-08
0.8860759 1.196078e-06
0.9113924 3.215306e-06
0.9367089 7.231288e-07
0.9620253 6.615316e-09
0.9873418 2.488446e-08
1.012658 2.074299e-06
1.037975 5.156596e-05
1.063291 6.718109e-05
1.088608 1.373217e-05
1.113924 2.950096e-07
1.139241 2.20743e-08
1.164557 3.282119e-07
1.189873 1.451002e-05
1.21519 9.67165e-05
1.240506 9.671701e-05
1.265823 9.67175e-05
1.291139 2.708623e-05
1.316456 4.983887e-07
1.341772 4.841184e-09
1.367089 2.546674e-09
1.392405 2.85022e-09
1.417722 1.695985e-09
1.443038 1.647313e-09
1.468354 1.621542e-09
1.493671 3.324261e-09
1.518987 9.389622e-09
1.544304 1.581416e-08
1.56962 3.702232e-09
1.594937 4.422702e-09
1.620253 5.646722e-09
1.64557 2.279861e-09
1.670886 1.096003e-10
1.696203 1.662946e-12
1.721519 1.878524e-13
1.746835 4.38693e-14
1.772152 5.666342e-15
1.797468 1.044527e-15
1.822785 2.256509e-16
1.848101 4.102905e-17
1.873418 1.012729e-17
1.898734 3.401793e-18
1.924051 9.90171e-19
1.949367 2.421378e-19
1.974684 4.629009e-20
2 5.273339e-21
