0.02531646 0.9999381
0.05063291 1
0.07594937 1
0.1012658 1
0.1265823 1
0.1518987 1
0.1772152 1
0.2025316 1
0.2278481 1
0.2531646 1
0.278481 1
0.3037975 1
0.3291139 0.9999999
0.3544304 1
0.3797468 0.9999999
0.4050633 0.9999998
0.4303797 1
0.4556962 1
0.4810127 1
0.5063291 1
0.5316456 1
0.556962 0.9999733
0.5822785 0.9905805
0.6075949 0.746299
0.6329114 0.1586302
0.6582278 0.001478485
0.6835443 2.210041e-06
0.7088608 2.06306e-09
0.7341772 7.325479e-09
0.7594937 8.070895e-07
0.7848101 1.104437e-05
0.8101266 1.75169e-05
0.835443 1.100617e-05
0.8607595 1.111401e-06
0.8860759 4.959311e-07
0.9113924 1.327378e-06
0.9367089 1.327378e-06
0.9620253 6.260431e-07
0.9873418 8.60932e-08
1.012658 2.277498e-11
1.037975 4.359244e-13
1.063291 3.959517e-17
1.088608 1.028027e-17
1.113924 9.608226e-19
1.139241 1.90486e-19
1.164557 3.473269e-20
1.189873 6.545629e-21
1.21519 1.475586e-21
1.240506 3.607094e-22
1.265823 8.070944e-23
1.291139 1.525627e-23
1.316456 2.431863e-24
1.341772 3.486934e-25
1.367089 5.172556e-26
1.392405 9.551231e-27
1.417722 2.462619e-27
1.443038 8.426173e-28
1.468354 3.317383e-28
1.493671 1.353977e-28
1.518987 5.443012e-29
1.544304 2.085025e-29
1.56962 7.383541e-30
1.594937 2.368604e-30
1.620253 7.018875e-31
1.64557 1.978195e-31
1.670886 5.359693e-32
1.696203 1.406282e-32
1.721519 3.585372e-33
1.746835 8.916618e-34
1.772152 2.176833e-34
1.797468 5.280371e-35
1.822785 1.29543e-35
1.848101 3.209462e-36
1.873418 7.531291e-37
1.898734 1.657723e-37
1.924051 3.369477e-38
1.949367 6.227346e-39
1.974684 1.031314e-39
2 1.285726e-40
