0.05063291 1
0.07594937 1
0.1012658 1
0.1265823 1
0.1518987 0.999999
0.1772152 0.9998592
0.2025316 0.9941946
0.2278481 0.9142395
0.2531646 0.4676168
0.278481 0.3084596
0.3037975 0.03905821
0.3291139 0.1549121
0.3544304 0.6300258
0.3797468 0.9612757
0.4050633 0.9932238
0.4303797 0.9959855
0.4556962 0.9959899
0.4810127 0.9886056
0.5063291 0.7910184
0.5316456 0.1787426
0.556962 0.008271944
0.5822785 0.003346048
0.6075949 0.0130771
0.6329114 0.01988009
0.6582278 0.01494212
0.6835443 0.001719958
0.7088608 0.0001164423
0.7341772 1.64707e-05
0.7594937 1.405965e-05
0.7848101 2.367258e-05
0.8101266 7.075598e-05
0.835443 1.104031e-05
0.8607595 7.175793e-06
0.8860759 6.657463e-06
0.9113924 2.470581e-06
0.9367089 2.165385e-06
0.9620253 1.994536e-06
0.9873418 9.857578e-07
1.012658 2.397509e-07
1.037975 4.518282e-08
1.063291 1.115933e-08
1.088608 2.328814e-09
1.113924 1.152793e-09
1.139241 3.409659e-09
1.164557 1.564079e-07
1.189873 8.473777e-07
1.21519 7.734756e-07
1.240506 1.789201e-07
1.265823 1.601891e-08
1.291139 1.538857e-08
1.316456 2.474317e-08
1.341772 1.074801e-08
1.367089 1.23792e-09
1.392405 3.641612e-10
1.417722 4.01897e-10
1.443038 5.780872e-10
1.468354 1.194394e-09
1.493671 2.547039e-09
1.518987 3.147866e-09
1.544304 2.640759e-09
1.56962 1.338991e-09
1.594937 1.705971e-09
1.620253 2.703735e-08
1.64557 1.898734e-06
1.670886 2.821466e-05
1.696203 3.228945e-05
1.721519 1.277103e-05
1.746835 1.771898e-06
1.772152 5.840009e-08
1.797468 1.260431e-08
1.822785 2.294159e-08
1.848101 2.311752e-07
1.873418 3.337716e-07
1.898734 7.888493e-08
1.924051 3.490309e-09
1.949367 5.479296e-09
1.974684 5.093517e-09
2 1.144607e-09
