0.02531646 0.9999996
0.05063291 0.9999863
0.07594937 0.9999998
0.1012658 1
0.1265823 1
0.1518987 0.9999985
0.1772152 0.9992029
0.2025316 0.9996856
0.2278481 0.999576
0.2531646 0.9780323
0.278481 0.8236273
0.3037975 0.8639625
0.3291139 0.9722972
0.3544304 0.9565472
0.3797468 0.9498349
0.4050633 0.9623325
0.4303797 0.760159
0.4556962 0.8626116
0.4810127 0.9763916
0.5063291 0.9895291
0.5316456 0.9680435
0.556962 0.6606008
0.5822785 0.1379064
0.6075949 0.009148197
0.6329114 0.0004523766
0.6582278 4.184809e-05
0.6835443 0.0001213972
0.7088608 0.0008287225
0.7341772 0.0008485695
0.7594937 0.000615791
0.7848101 0.0001083912
0.8101266 6.180635e-06
0.835443 5.6937e-06
0.8607595 3.180328e-05
0.8860759 3.582877e-05
0.9113924 1.722417e-05
0.9367089 2.084073e-06
0.9620253 1.326518e-06
0.9873418 1.575794e-06
1.012658 1.423148e-06
1.037975 1.09497e-06
1.063291 2.062122e-06
1.088608 7.072632e-06
1.113924 3.420492e-05
1.139241 1.779296e-05
1.164557 1.444719e-05
1.189873 7.408373e-06
1.21519 2.039027e-06
1.240506 5.843501e-07
1.265823 1.241213e-07
1.291139 4.494968e-07
1.316456 1.262336e-06
1.341772 6.006163e-06
1.367089 3.102629e-05
1.392405 8.224182e-05
1.417722 8.706849e-05
1.443038 4.476931e-05
1.468354 1.164517e-05
1.493671 5.021109e-06
1.518987 2.036554e-05
1.544304 7.850925e-05
1.56962 8.836691e-05
1.594937 7.821597e-05
1.620253 3.415769e-05
1.64557 8.655948e-06
1.670886 6.361509e-07
1.696203 6.336414e-09
1.721519 9.336779e-10
1.746835 9.336779e-10
1.772152 9.336778e-10
1.797468 9.336778e-10
1.822785 9.336778e-10
1.848101 9.336778e-10
1.873418 9.336778e-10
1.898734 9.336778e-10
1.924051 1.078172e-09
1.949367 8.937219e-09
1.974684 5.7769e-07
2 6.008147e-07
