0.07594937 0.9999999
0.1012658 1
0.1265823 1
0.1518987 1
0.1772152 1
0.2025316 1
0.2278481 0.9999959
0.2531646 0.9989987
0.278481 0.9543021
0.3037975 0.551554
0.3291139 0.03395454
0.3544304 0.0216427
0.3797468 0.5301021
0.4050633 0.5215956
0.4303797 0.3723415
0.4556962 0.4043022
0.4810127 0.2911521
0.5063291 0.2310037
0.5316456 0.08614982
0.556962 0.02620587
0.5822785 0.01622087
0.6075949 0.03745225
0.6329114 0.05638216
0.6582278 0.001960303
0.6835443 0.0009795324
0.7088608 0.00440373
0.7341772 0.005901109
0.7594937 0.004394699
0.7848101 0.002204245
0.8101266 0.0009218265
0.835443 0.0002816939
0.8607595 3.203109e-05
0.8860759 2.222572e-06
0.9113924 1.147274e-07
0.9367089 5.078811e-09
0.9620253 7.162573e-10
0.9873418 7.162014e-10
1.012658 7.162014e-10
1.037975 7.752862e-10
1.063291 9.411702e-10
1.088608 1.31367e-09
1.113924 1.80345e-09
1.139241 1.390994e-09
1.164557 9.722869e-10
1.189873 1.001423e-09
1.21519 1.230855e-09
1.240506 1.294509e-09
1.265823 1.087011e-09
1.291139 8.449609e-10
1.316456 1.203971e-09
1.341772 9.527845e-09
1.367089 6.10754e-08
1.392405 5.427251e-07
1.417722 1.451961e-05
1.443038 5.539313e-05
1.468354 5.587595e-05
1.493671 2.92854e-05
1.518987 2.634976e-06
1.544304 1.109445e-07
1.56962 1.135209e-06
1.594937 5.952871e-06
1.620253 4.811705e-06
1.64557 9.324045e-07
1.670886 2.363971e-08
1.696203 2.157325e-10
1.721519 1.070754e-10
1.746835 2.169109e-11
1.772152 1.398453e-12
1.797468 3.312496e-14
1.822785 8.754068e-16
1.848101 3.054376e-17
1.873418 2.388111e-17
1.898734 2.562728e-17
1.924051 2.502764e-17
1.949367 2.013178e-17
1.974684 1.203779e-17
2 4.103443e-18
