0.4050633 1
0.4303797 1
0.4556962 1
0.4810127 1
0.5063291 1
0.5316456 1
0.556962 1
0.5822785 1
0.6075949 1
0.6329114 1
0.6582278 1
0.6835443 1
0.7088608 1
0.7341772 1
0.7594937 1
0.7848101 1
0.8101266 1
0.835443 1
0.8607595 1
0.8860759 1
0.9113924 1
0.9367089 1
0.9620253 1
0.9873418 1
1.012658 1
1.037975 1
1.063291 1
1.088608 1
1.113924 0.9999988
1.139241 0.9998038
1.164557 0.9898844
1.189873 0.8065445
1.21519 0.1610412
1.240506 0.007295942
1.265823 9.319269e-05
1.291139 2.392167e-07
1.316456 5.476413e-11
1.341772 4.442043e-16
1.367089 1.344853e-23
1.392405 3.490333e-56
1.417722 8.801148e-56
1.443038 2.397749e-56
1.468354 6.207522e-62
1.493671 3.403261e-61
1.518987 1.332063e-60
1.544304 3.687922e-60
1.56962 7.102832e-60
1.594937 9.25009e-60
1.620253 7.775594e-60
1.64557 3.917333e-60
1.670886 1.062676e-60
1.696203 1.455873e-61
1.721519 1.17627e-62
1.746835 5.51673e-64
1.772152 1.110853e-65
1.797468 1.469107e-67
1.822785 2.005679e-69
1.848101 2.846097e-71
1.873418 4.509666e-73
1.898734 7.438551e-75
1.924051 1.099383e-76
1.949367 1.315268e-78
1.974684 1.045956e-80
2 3.550461e-83
