0.07594937 1
0.1012658 1
0.1265823 1
0.1518987 0.9999995
0.1772152 0.9997257
0.2025316 0.9755247
0.2278481 0.6762332
0.2531646 0.5211092
0.278481 0.8485167
0.3037975 0.1066147
0.3291139 0.07670019
0.3544304 0.3801684
0.3797468 0.6708684
0.4050633 0.88578
0.4303797 0.9871
0.4556962 0.9911956
0.4810127 0.8906738
0.5063291 0.2691184
0.5316456 0.05665536
0.556962 0.0831619
0.5822785 0.01618304
0.6075949 0.009148963
0.6329114 0.03459042
0.6582278 0.02828134
0.6835443 0.003874333
0.7088608 0.002819294
0.7341772 0.002690189
0.7594937 0.005526839
0.7848101 0.006916829
0.8101266 0.004136805
0.835443 0.003249918
0.8607595 0.0005784117
0.8860759 9.977431e-05
0.9113924 8.693953e-05
0.9367089 0.000204194
0.9620253 5.593004e-05
0.9873418 3.454917e-06
1.012658 2.939215e-07
1.037975 6.516565e-09
1.063291 1.052123e-09
1.088608 1.1243e-09
1.113924 8.259233e-10
1.139241 3.58807e-10
1.164557 2.033242e-10
1.189873 1.883882e-10
1.21519 1.983203e-10
1.240506 4.341656e-10
1.265823 1.535542e-09
1.291139 1.524623e-08
1.316456 3.252844e-08
1.341772 1.043177e-08
1.367089 4.635361e-09
1.392405 4.635361e-09
1.417722 5.701736e-09
1.443038 2.562079e-08
1.468354 5.35406e-08
1.493671 9.688835e-08
1.518987 2.608389e-07
1.544304 9.434461e-07
1.56962 8.451517e-07
1.594937 9.585208e-08
1.620253 4.84265e-08
1.64557 1.526847e-06
1.670886 3.478474e-05
1.696203 6.838057e-05
1.721519 3.78427e-05
1.746835 6.326461e-06
1.772152 2.575806e-07
1.797468 6.055779e-09
1.822785 1.056386e-08
1.848101 1.972499e-08
1.873418 9.273976e-09
1.898734 2.166569e-09
1.924051 3.529542e-10
1.949367 4.055697e-11
1.974684 5.236253e-12
2 7.959565e-12
