0.278481 1
0.3037975 1
0.3291139 0.9999911
0.3544304 0.9968681
0.3797468 0.869424
0.4050633 0.2026039
0.4303797 0.01085924
0.4556962 0.001643832
0.4810127 6.940413e-05
0.5063291 2.194016e-06
0.5316456 2.753858e-07
0.556962 7.824384e-09
0.5822785 3.075259e-10
0.6075949 1.536177e-11
0.6329114 1.226672e-12
0.6582278 2.313318e-13
0.6835443 1.42374e-12
0.7088608 1.29269e-10
0.7341772 3.283803e-09
0.7594937 4.00909e-08
0.7848101 2.03708e-07
0.8101266 1.470859e-07
0.835443 6.580445e-09
0.8607595 2.015542e-09
0.8860759 7.264772e-10
0.9113924 1.678881e-10
0.9367089 6.540523e-11
0.9620253 1.600579e-11
0.9873418 2.420667e-13
1.012658 3.34274e-15
1.037975 1.217395e-15
1.063291 6.982287e-16
1.088608 4.125797e-16
1.113924 2.343254e-16
1.139241 1.227647e-16
1.164557 5.809116e-17
1.189873 2.452589e-17
1.21519 9.17146e-18
1.240506 3.032862e-18
1.265823 8.922116e-19
1.291139 2.367939e-19
1.316456 5.76616e-20
1.341772 1.301292e-20
1.367089 2.72266e-21
1.392405 5.356002e-22
1.417722 1.099882e-22
1.443038 3.031324e-23
1.468354 1.236164e-23
1.493671 6.038333e-24
1.518987 3.023519e-24
1.544304 1.486557e-24
1.56962 7.110129e-25
1.594937 3.290943e-25
1.620253 1.464626e-25
1.64557 6.219248e-26
1.670886 2.498173e-26
1.696203 9.40681e-27
1.721519 3.289439e-27
1.746835 1.057836e-27
1.772152 3.096053e-28
1.797468 8.15258e-29
1.822785 1.905934e-29
1.848101 3.892201e-30
1.873418 6.79703e-31
1.898734 9.851229e-32
1.924051 1.133718e-32
1.949367 9.678253e-34
1.974684 5.43271e-35
2 1.500165e-36
