0.556962 1
0.5822785 1
0.6075949 1
0.6329114 1
0.6582278 1
0.6835443 1
0.7088608 1
0.7341772 1
0.7594937 1
0.7848101 1
0.8101266 1
0.835443 1
0.8607595 1
0.8860759 1
0.9113924 1
0.9367089 1
0.9620253 1
0.9873418 1
1.012658 1
1.037975 1
1.063291 1
1.088608 1
1.113924 0.9999965
1.139241 0.9971115
1.164557 0.8552635
1.189873 0.3591288
1.21519 0.006476549
1.240506 0.0002035095
1.265823 1.452384e-06
1.291139 1.213865e-09
1.316456 4.074171e-14
1.341772 2.672069e-17
1.367089 6.91985e-23
1.392405 9.697749e-31
1.417722 7.909124e-33
1.443038 5.695827e-34
1.468354 1.039789e-41
1.493671 1.221105e-41
1.518987 1.296672e-41
1.544304 1.145446e-41
1.56962 7.59225e-42
1.594937 3.400714e-42
1.620253 9.322929e-43
1.64557 1.898468e-43
1.670886 8.892e-44
1.696203 6.931678e-44
1.721519 4.345213e-44
1.746835 1.949003e-44
1.772152 5.673651e-45
1.797468 8.617514e-46
1.822785 5.558813e-47
1.848101 1.720783e-48
1.873418 2.891815e-50
1.898734 2.909483e-52
1.924051 2.083833e-54
1.949367 1.153207e-56
1.974684 5.091123e-59
2 1.936202e-61
