0.2531646 1
0.278481 1
0.3037975 0.9999992
0.3291139 0.9999071
0.3544304 0.9980631
0.3797468 0.9770342
0.4050633 0.5478351
0.4303797 0.06823889
0.4556962 0.002161346
0.4810127 2.276667e-05
0.5063291 6.619933e-07
0.5316456 4.809034e-08
0.556962 2.580538e-09
0.5822785 1.665049e-10
0.6075949 2.027911e-11
0.6329114 4.803056e-12
0.6582278 2.659667e-11
0.6835443 5.585179e-09
0.7088608 1.017616e-06
0.7341772 3.249828e-06
0.7594937 3.249828e-06
0.7848101 3.249828e-06
0.8101266 1.19732e-06
0.835443 5.413375e-08
0.8607595 7.452906e-09
0.8860759 1.20829e-08
0.9113924 8.632653e-08
0.9367089 7.018413e-08
0.9620253 1.398552e-08
0.9873418 1.939537e-09
1.012658 5.315433e-09
1.037975 1.668175e-08
1.063291 3.42721e-08
1.088608 3.066752e-09
1.113924 9.764887e-11
1.139241 3.13388e-11
1.164557 1.804126e-11
1.189873 7.136469e-12
1.21519 2.235245e-12
1.240506 5.383928e-13
1.265823 6.2804e-14
1.291139 8.409028e-15
1.316456 2.958204e-15
1.341772 1.638113e-15
1.367089 1.010349e-15
1.392405 7.129659e-16
1.417722 5.465823e-16
1.443038 4.299749e-16
1.468354 3.377454e-16
1.493671 2.586382e-16
1.518987 1.893332e-16
1.544304 1.309144e-16
1.56962 8.497471e-17
1.594937 5.160383e-17
1.620253 2.926522e-17
1.64557 1.550721e-17
1.670886 7.718135e-18
1.696203 3.65245e-18
1.721519 1.674335e-18
1.746835 7.571119e-19
1.772152 3.393234e-19
1.797468 1.482222e-19
1.822785 6.105098e-20
1.848101 2.283017e-20
1.873418 7.472313e-21
1.898734 2.062388e-21
1.924051 4.589092e-22
1.949367 7.706468e-23
1.974684 8.678795e-24
2 4.915169e-25
