0.02531646 0.9999325
0.05063291 0.999962
0.07594937 0.9999547
0.1012658 0.9999965
0.1265823 0.9999998
0.1518987 0.9999999
0.1772152 1
0.2025316 1
0.2278481 1
0.2531646 1
0.278481 1
0.3037975 1
0.3291139 1
0.3544304 1
0.3797468 1
0.4050633 1
0.4303797 1
0.4556962 1
0.4810127 1
0.5063291 0.9999993
0.5316456 0.9998964
0.556962 0.9971166
0.5822785 0.9685753
0.6075949 0.2501318
0.6329114 0.07441371
0.6582278 0.05676843
0.6835443 0.003901261
0.7088608 0.0002152202
0.7341772 1.673389e-05
0.7594937 2.48942e-06
0.7848101 3.118606e-07
0.8101266 1.128701e-07
0.835443 4.251847e-07
0.8607595 1.255134e-08
0.8860759 1.113322e-10
0.9113924 2.542039e-13
0.9367089 2.56628e-16
0.9620253 7.827309e-17
0.9873418 4.557992e-17
1.012658 2.325623e-17
1.037975 9.818256e-18
1.063291 3.37276e-18
1.088608 9.446361e-19
1.113924 2.175015e-19
1.139241 4.158162e-20
1.164557 6.670988e-21
1.189873 9.099234e-22
1.21519 1.085533e-22
1.240506 1.289792e-23
1.265823 2.648029e-24
1.291139 1.415713e-24
1.316456 1.057285e-24
1.341772 7.863512e-25
1.367089 5.398626e-25
1.392405 3.326637e-25
1.417722 1.821429e-25
1.443038 8.914393e-26
1.468354 3.931642e-26
1.493671 1.567065e-26
1.518987 5.673249e-27
1.544304 1.889949e-27
1.56962 5.908423e-28
1.594937 1.774852e-28
1.620253 5.248501e-29
1.64557 1.556189e-29
1.670886 4.651537e-30
1.696203 1.389777e-30
1.721519 4.087024e-31
1.746835 1.167209e-31
1.772152 3.217273e-32
1.797468 8.574504e-33
1.822785 2.223529e-33
1.848101 5.621886e-34
1.873418 1.365294e-34
1.898734 3.064809e-35
1.924051 6.059665e-36
1.949367 1.054537e-36
1.974684 1.820499e-37
2 3.926059e-38
