0.556962 1
0.5822785 1
0.6075949 1
0.6329114 1
0.6582278 1
0.6835443 1
0.7088608 1
0.7341772 1
0.7594937 1
0.7848101 1
0.8101266 1
0.835443 1
0.8607595 1
0.8860759 1
0.9113924 1
0.9367089 1
0.9620253 1
0.9873418 1
1.012658 1
1.037975 1
1.063291 1
1.088608 1
1.113924 0.9999988
1.139241 0.9991626
1.164557 0.9447107
1.189873 0.3386705
1.21519 0.02091321
1.240506 0.000349253
1.265823 2.611952e-06
1.291139 3.193545e-09
1.316456 1.673234e-13
1.341772 1.489617e-17
1.367089 3.115452e-23
1.392405 2.966496e-32
1.417722 8.149156e-35
1.443038 6.953054e-36
1.468354 1.331824e-43
1.493671 1.93381e-43
1.518987 2.455215e-43
1.544304 2.57968e-43
1.56962 2.075548e-43
1.594937 1.1745e-43
1.620253 4.191193e-44
1.64557 8.176376e-45
1.670886 7.400737e-46
1.696203 2.76847e-47
1.721519 5.467347e-49
1.746835 2.121854e-50
1.772152 2.321261e-51
1.797468 2.775174e-52
1.822785 2.055975e-53
1.848101 6.790898e-55
1.873418 6.72459e-57
1.898734 1.649599e-59
1.924051 4.061293e-62
1.949367 4.97073e-65
1.974684 1.768869e-68
2 1.327556e-72
