0.02531646 1
0.05063291 0.9999947
0.07594937 0.9999942
0.1012658 0.9999988
0.1265823 0.9999623
0.1518987 0.9992688
0.1772152 0.9999623
0.2025316 0.9999956
0.2278481 0.9998803
0.2531646 0.9994697
0.278481 0.99957
0.3037975 0.9568391
0.3291139 0.9608415
0.3544304 0.9813243
0.3797468 0.9650458
0.4050633 0.9914012
0.4303797 0.9940781
0.4556962 0.9610983
0.4810127 0.9870603
0.5063291 0.9607358
0.5316456 0.653749
0.556962 0.8164693
0.5822785 0.953493
0.6075949 0.4873008
0.6329114 0.01363064
0.6582278 6.339626e-05
0.6835443 1.209696e-07
0.7088608 7.219321e-09
0.7341772 2.708268e-09
0.7594937 5.575772e-10
0.7848101 3.501423e-10
0.8101266 3.580628e-10
0.835443 4.984768e-09
0.8607595 5.354381e-09
0.8860759 9.568581e-08
0.9113924 1.651935e-06
0.9367089 4.8357e-06
0.9620253 6.620285e-06
0.9873418 1.610278e-05
1.012658 4.459346e-06
1.037975 1.219187e-06
1.063291 2.307973e-07
1.088608 3.94177e-08
1.113924 1.766225e-08
1.139241 9.7316e-09
1.164557 7.556916e-09
1.189873 6.570319e-09
1.21519 1.818842e-08
1.240506 3.034187e-08
1.265823 3.669425e-07
1.291139 1.104052e-06
1.316456 2.502152e-06
1.341772 1.574674e-06
1.367089 5.35508e-07
1.392405 1.265151e-07
1.417722 8.713537e-08
1.443038 5.016759e-08
1.468354 1.165855e-08
1.493671 1.199723e-09
1.518987 2.728373e-10
1.544304 1.2413e-10
1.56962 9.548697e-11
1.594937 9.245092e-11
1.620253 1.030606e-10
1.64557 3.648883e-10
1.670886 2.207819e-09
1.696203 6.696994e-09
1.721519 1.194145e-08
1.746835 1.149669e-08
1.772152 7.569205e-09
1.797468 3.398004e-09
1.822785 1.302437e-09
1.848101 9.629649e-10
1.873418 1.04486e-09
1.898734 1.224489e-09
1.924051 1.00354e-09
1.949367 7.662883e-10
1.974684 6.590979e-10
2 4.586552e-10
