0.07594937 1
0.1012658 1
0.1265823 1
0.1518987 0.9999997
0.1772152 0.9998391
0.2025316 0.9853302
0.2278481 0.759325
0.2531646 0.2209726
0.278481 0.7100269
0.3037975 0.8875878
0.3291139 0.2412402
0.3544304 0.1184667
0.3797468 0.108287
0.4050633 0.4067734
0.4303797 0.9037328
0.4556962 0.9822685
0.4810127 0.6760016
0.5063291 0.1200525
0.5316456 0.0943776
0.556962 0.08018174
0.5822785 0.04487959
0.6075949 0.01376225
0.6329114 0.006517525
0.6582278 0.00771505
0.6835443 0.008853017
0.7088608 0.02024918
0.7341772 0.01665717
0.7594937 0.002185434
0.7848101 0.0004266394
0.8101266 0.0004266394
0.835443 0.0005200244
0.8607595 0.0002004424
0.8860759 5.652013e-05
0.9113924 8.64721e-05
0.9367089 2.610392e-05
0.9620253 4.409662e-06
0.9873418 1.9611e-07
1.012658 6.366257e-09
1.037975 1.461792e-09
1.063291 5.311891e-09
1.088608 2.996702e-09
1.113924 3.689747e-10
1.139241 1.892691e-10
1.164557 1.883882e-10
1.189873 2.299339e-10
1.21519 1.888292e-10
1.240506 1.883882e-10
1.265823 2.560623e-10
1.291139 7.319983e-09
1.316456 2.735091e-07
1.341772 2.390007e-06
1.367089 1.776173e-06
1.392405 9.253289e-07
1.417722 2.780543e-07
1.443038 1.603797e-08
1.468354 4.635697e-09
1.493671 1.328738e-07
1.518987 7.270727e-08
1.544304 1.10149e-08
1.56962 4.086236e-09
1.594937 3.668993e-09
1.620253 5.844285e-09
1.64557 4.661593e-08
1.670886 5.462569e-07
1.696203 1.350722e-05
1.721519 6.26424e-05
1.746835 3.887521e-05
1.772152 6.165702e-06
1.797468 1.485363e-07
1.822785 1.595771e-09
1.848101 1.719984e-09
1.873418 1.971053e-09
1.898734 9.482903e-10
1.924051 1.011648e-10
1.949367 1.561166e-12
1.974684 8.109892e-13
2 2.736841e-12
