0.4556962 1
0.4810127 1
0.5063291 1
0.5316456 1
0.556962 0.9999849
0.5822785 0.9954429
0.6075949 0.8367085
0.6329114 0.1507867
0.6582278 0.009931501
0.6835443 0.0006829252
0.7088608 8.486543e-05
0.7341772 2.306626e-06
0.7594937 7.30962e-08
0.7848101 1.48939e-09
0.8101266 1.650298e-11
0.835443 2.952431e-13
0.8607595 6.776505e-15
0.8860759 5.784482e-16
0.9113924 4.970217e-17
0.9367089 2.097023e-18
0.9620253 3.360454e-20
0.9873418 1.320674e-22
1.012658 5.961006e-26
1.037975 9.663002e-31
1.063291 3.058898e-35
1.088608 1.001444e-38
1.113924 1.374968e-41
1.139241 3.49093e-44
1.164557 1.829967e-46
1.189873 5.457515e-48
1.21519 2.520133e-49
1.240506 1.065318e-50
1.265823 4.116126e-52
1.291139 1.55952e-53
1.316456 6.290228e-55
1.341772 2.967479e-56
1.367089 1.723108e-57
1.392405 1.349101e-58
1.417722 1.918766e-59
1.443038 4.99313e-60
1.468354 1.576148e-60
1.493671 4.875573e-61
1.518987 1.399555e-61
1.544304 3.659209e-62
1.56962 8.592629e-63
1.594937 1.792701e-63
1.620253 3.266013e-64
1.64557 5.098199e-65
1.670886 6.672258e-66
1.696203 7.07819e-67
1.721519 5.806342e-68
1.746835 3.4603e-69
1.772152 1.373599e-70
1.797468 3.284436e-72
1.822785 4.67836e-74
1.848101 4.794767e-76
1.873418 4.561456e-78
1.898734 4.792449e-80
1.924051 1.321779e-81
1.949367 5.039432e-83
1.974684 1.383204e-84
2 1.948865e-86
