0.02531646 0.9999998
0.05063291 0.9999995
0.07594937 1
0.1012658 1
0.1265823 1
0.1518987 1
0.1772152 1
0.2025316 1
0.2278481 1
0.2531646 1
0.278481 1
0.3037975 1
0.3291139 1
0.3544304 1
0.3797468 1
0.4050633 1
0.4303797 1
0.4556962 1
0.4810127 1
0.5063291 1
0.5316456 1
0.556962 0.9999746
0.5822785 0.991154
0.6075949 0.7620914
0.6329114 0.1272197
0.6582278 0.001589824
0.6835443 2.461714e-06
0.7088608 2.237859e-09
0.7341772 5.903595e-10
0.7594937 3.808974e-10
0.7848101 1.572309e-08
0.8101266 6.428462e-07
0.835443 3.710267e-06
0.8607595 5.068904e-06
0.8860759 1.912317e-06
0.9113924 1.075502e-07
0.9367089 9.742577e-08
0.9620253 3.607877e-07
0.9873418 3.279694e-07
1.012658 1.775777e-08
1.037975 5.22474e-12
1.063291 7.680291e-15
1.088608 5.155571e-17
1.113924 1.84124e-18
1.139241 3.485848e-19
1.164557 6.544216e-20
1.189873 1.015158e-20
1.21519 1.483652e-21
1.240506 2.42146e-22
1.265823 4.568074e-23
1.291139 8.550323e-24
1.316456 1.42061e-24
1.341772 2.135758e-25
1.367089 3.307266e-26
1.392405 6.088897e-27
1.417722 1.408526e-27
1.443038 4.099218e-28
1.468354 1.423794e-28
1.493671 5.352219e-29
1.518987 2.020934e-29
1.544304 7.336265e-30
1.56962 2.482095e-30
1.594937 7.72032e-31
1.620253 2.24854e-31
1.64557 6.255579e-32
1.670886 1.669108e-32
1.696203 4.293396e-33
1.721519 1.069036e-33
1.746835 2.593692e-34
1.772152 6.20477e-35
1.797468 1.491115e-35
1.822785 3.645592e-36
1.848101 8.809184e-37
1.873418 1.992545e-37
1.898734 4.240025e-38
1.924051 8.568867e-39
1.949367 1.631772e-39
1.974684 2.789145e-40
2 3.387138e-41
