0.3797468 1
0.4050633 1
0.4303797 0.9999999
0.4556962 0.9999104
0.4810127 0.9865206
0.5063291 0.7278766
0.5316456 0.07865072
0.556962 0.007520629
0.5822785 0.0002068389
0.6075949 8.527418e-06
0.6329114 1.205562e-06
0.6582278 5.285359e-08
0.6835443 1.771503e-09
0.7088608 4.197024e-11
0.7341772 1.784367e-12
0.7594937 8.163564e-14
0.7848101 2.948202e-15
0.8101266 4.372759e-16
0.835443 1.770585e-16
0.8607595 3.311878e-16
0.8860759 7.266467e-16
0.9113924 1.374204e-15
0.9367089 2.185097e-15
0.9620253 2.913689e-15
0.9873418 3.2705e-15
1.012658 3.118597e-15
1.037975 2.56481e-15
1.063291 1.866552e-15
1.088608 1.227408e-15
1.113924 7.440689e-16
1.139241 4.189706e-16
1.164557 2.190746e-16
1.189873 1.058628e-16
1.21519 4.696197e-17
1.240506 1.897533e-17
1.265823 6.919824e-18
1.291139 2.253569e-18
1.316456 6.474415e-19
1.341772 1.617867e-19
1.367089 3.459016e-20
1.392405 6.203517e-21
1.417722 9.10123e-22
1.443038 1.056305e-22
1.468354 9.263976e-24
1.493671 5.78271e-25
1.518987 2.464244e-26
1.544304 8.67146e-28
1.56962 4.121816e-29
1.594937 3.036333e-30
1.620253 3.133954e-31
1.64557 3.689174e-32
1.670886 4.61184e-33
1.696203 5.654538e-34
1.721519 6.500191e-35
1.746835 6.860118e-36
1.772152 6.571024e-37
1.797468 5.67386e-38
1.822785 4.402214e-39
1.848101 3.069498e-40
1.873418 1.927692e-41
1.898734 1.09085e-42
1.924051 5.498096e-44
1.949367 2.356534e-45
1.974684 7.612234e-47
2 1.360435e-48
