0.02531646 1
0.05063291 1
0.07594937 0.9999877
0.1012658 0.9994166
0.1265823 0.9999786
0.1518987 0.9999989
0.1772152 0.9999941
0.2025316 0.9999987
0.2278481 0.9999959
0.2531646 0.9998578
0.278481 0.9883314
0.3037975 0.9933083
0.3291139 0.996941
0.3544304 0.9842988
0.3797468 0.9632368
0.4050633 0.9956899
0.4303797 0.991319
0.4556962 0.9437624
0.4810127 0.9619443
0.5063291 0.9983194
0.5316456 0.9999762
0.556962 0.9999645
0.5822785 0.9982461
0.6075949 0.9095427
0.6329114 0.3356906
0.6582278 0.01295414
0.6835443 2.420637e-05
0.7088608 3.647079e-09
0.7341772 2.428775e-15
0.7594937 2.149831e-15
0.7848101 1.201267e-15
0.8101266 4.811862e-16
0.835443 2.031839e-16
0.8607595 8.001501e-17
0.8860759 2.952347e-17
0.9113924 1.018714e-17
0.9367089 3.282855e-18
0.9620253 9.906164e-19
0.9873418 2.832217e-19
1.012658 7.865067e-20
1.037975 2.189315e-20
1.063291 6.2098e-21
1.088608 1.786105e-21
1.113924 5.365714e-22
1.139241 1.903709e-22
1.164557 8.536018e-23
1.189873 4.22634e-23
1.21519 2.020795e-23
1.240506 8.907093e-24
1.265823 3.546671e-24
1.291139 1.260416e-24
1.316456 3.955486e-25
1.341772 1.084516e-25
1.367089 2.569016e-26
1.392405 5.200219e-27
1.417722 8.919318e-28
1.443038 1.29589e-28
1.468354 1.628335e-29
1.493671 1.894129e-30
1.518987 2.335973e-31
1.544304 3.44895e-32
1.56962 5.867239e-33
1.594937 1.018139e-33
1.620253 1.676893e-34
1.64557 2.563488e-35
1.670886 3.636805e-36
1.696203 4.795484e-37
1.721519 5.826056e-38
1.746835 6.48388e-39
1.772152 6.713919e-40
1.797468 6.77921e-41
1.822785 7.186002e-42
1.848101 8.307062e-43
1.873418 1.037901e-43
1.898734 1.336886e-44
1.924051 1.627499e-45
1.949367 1.696376e-46
1.974684 1.319254e-47
2 5.634223e-49
