0.02531646 0.9999999
0.05063291 1
0.07594937 1
0.1012658 0.9999995
0.1265823 0.9999982
0.1518987 0.9999997
0.1772152 1
0.2025316 1
0.2278481 1
0.2531646 1
0.278481 1
0.3037975 1
0.3291139 1
0.3544304 0.9999999
0.3797468 0.9999374
0.4050633 0.9999792
0.4303797 0.9999966
0.4556962 0.9999998
0.4810127 0.9999942
0.5063291 0.9988676
0.5316456 0.9949617
0.556962 0.9983324
0.5822785 0.9979268
0.6075949 0.8448732
0.6329114 0.1798157
0.6582278 0.001133777
0.6835443 1.145828e-07
0.7088608 6.169064e-12
0.7341772 4.23722e-14
0.7594937 8.892828e-14
0.7848101 2.71498e-13
0.8101266 2.340838e-12
0.835443 9.264574e-12
0.8607595 2.282184e-11
0.8860759 3.927668e-11
0.9113924 5.104543e-11
0.9367089 5.476919e-11
0.9620253 4.197942e-11
0.9873418 2.269067e-11
1.012658 1.16355e-11
1.037975 4.44517e-12
1.063291 1.287087e-12
1.088608 2.404793e-13
1.113924 1.362874e-14
1.139241 2.181726e-16
1.164557 2.966025e-18
1.189873 7.410602e-20
1.21519 1.493612e-20
1.240506 3.680088e-21
1.265823 7.60291e-22
1.291139 1.306526e-22
1.316456 1.864211e-23
1.341772 2.201174e-24
1.367089 2.125252e-25
1.392405 1.650061e-26
1.417722 1.094009e-27
1.443038 9.040714e-29
1.468354 1.415586e-29
1.493671 3.259014e-30
1.518987 7.919936e-31
1.544304 1.826449e-31
1.56962 3.95446e-32
1.594937 8.1554e-33
1.620253 1.621253e-33
1.64557 3.113603e-34
1.670886 5.803092e-35
1.696203 1.068984e-35
1.721519 1.984636e-36
1.746835 3.788557e-37
1.772152 7.527979e-38
1.797468 1.550102e-38
1.822785 3.241399e-39
1.848101 6.689722e-40
1.873418 1.334365e-40
1.898734 2.536155e-41
1.924051 4.479488e-42
1.949367 6.976786e-43
1.974684 8.543816e-44
2 6.129609e-45
