0.556962 1
0.5822785 1
0.6075949 1
0.6329114 1
0.6582278 1
0.6835443 1
0.7088608 1
0.7341772 1
0.7594937 1
0.7848101 1
0.8101266 1
0.835443 1
0.8607595 1
0.8860759 1
0.9113924 1
0.9367089 1
0.9620253 1
0.9873418 1
1.012658 1
1.037975 1
1.063291 1
1.088608 1
1.113924 0.9999952
1.139241 0.9976185
1.164557 0.9227157
1.189873 0.2216548
1.21519 0.01172637
1.240506 0.0002076979
1.265823 1.151735e-06
1.291139 7.453096e-10
1.316456 3.916274e-14
1.341772 5.156305e-17
1.367089 8.484859e-23
1.392405 1.908924e-29
1.417722 6.632963e-31
1.443038 2.880376e-32
1.468354 5.741304e-40
1.493671 5.910239e-40
1.518987 6.783633e-40
1.544304 8.938738e-40
1.56962 1.306905e-39
1.594937 1.869835e-39
1.620253 2.34201e-39
1.64557 2.39441e-39
1.670886 1.882719e-39
1.696203 1.044302e-39
1.721519 3.742232e-40
1.746835 8.490093e-41
1.772152 1.198953e-41
1.797468 9.794801e-43
1.822785 4.545646e-44
1.848101 1.363025e-45
1.873418 3.0257e-47
1.898734 5.066405e-49
1.924051 6.533451e-51
1.949367 6.995376e-53
1.974684 6.481229e-55
2 5.287815e-57
