0.02531646 0.9999993
0.05063291 0.9998415
0.07594937 0.999974
0.1012658 0.999996
0.1265823 1
0.1518987 1
0.1772152 1
0.2025316 1
0.2278481 1
0.2531646 1
0.278481 0.9999979
0.3037975 0.9999965
0.3291139 0.9999995
0.3544304 0.9999996
0.3797468 1
0.4050633 0.9999999
0.4303797 0.9999997
0.4556962 0.9999993
0.4810127 0.9999995
0.5063291 0.9999999
0.5316456 0.9999995
0.556962 0.9998375
0.5822785 0.9848432
0.6075949 0.7101318
0.6329114 0.1460322
0.6582278 0.004731785
0.6835443 9.288497e-05
0.7088608 3.482503e-06
0.7341772 5.83637e-07
0.7594937 5.378605e-07
0.7848101 5.55256e-07
0.8101266 1.468615e-06
0.835443 2.191344e-08
0.8607595 9.032162e-10
0.8860759 2.193775e-09
0.9113924 2.597075e-08
0.9367089 3.554674e-11
0.9620253 3.123154e-14
0.9873418 9.167225e-17
1.012658 2.720946e-17
1.037975 1.251709e-17
1.063291 4.078431e-18
1.088608 1.997219e-18
1.113924 1.017502e-18
1.139241 4.589614e-19
1.164557 1.752032e-19
1.189873 5.598121e-20
1.21519 1.491361e-20
1.240506 3.302588e-21
1.265823 6.0635e-22
1.291139 9.227926e-23
1.316456 1.175634e-23
1.341772 1.321308e-24
1.367089 1.635012e-25
1.392405 3.582488e-26
1.417722 1.409316e-26
1.443038 6.532664e-27
1.468354 2.922449e-27
1.493671 1.197657e-27
1.518987 4.462199e-28
1.544304 1.467625e-28
1.56962 4.272369e-29
1.594937 1.240629e-29
1.620253 3.730786e-30
1.64557 1.074823e-30
1.670886 2.738702e-31
1.696203 5.850747e-32
1.721519 1.015037e-32
1.746835 1.425776e-33
1.772152 1.732668e-34
1.797468 2.332879e-35
1.822785 4.640022e-36
1.848101 1.201043e-36
1.873418 3.19945e-37
1.898734 8.106697e-38
1.924051 1.898189e-38
1.949367 3.884845e-39
1.974684 6.16408e-40
2 5.825242e-41
