0.02531646 1
0.05063291 1
0.07594937 0.9999959
0.1012658 0.9998934
0.1265823 0.9993649
0.1518987 0.9989725
0.1772152 0.9839392
0.2025316 0.5475511
0.2278481 0.2397656
0.2531646 0.05196588
0.278481 0.5027663
0.3037975 0.9666497
0.3291139 0.9914826
0.3544304 0.9749707
0.3797468 0.905365
0.4050633 0.905575
0.4303797 0.9902667
0.4556962 0.994893
0.4810127 0.9596092
0.5063291 0.6242401
0.5316456 0.07775749
0.556962 0.003599545
0.5822785 0.001205039
0.6075949 0.004074864
0.6329114 0.00855294
0.6582278 0.00855294
0.6835443 0.003480921
0.7088608 0.0002660751
0.7341772 8.65063e-05
0.7594937 3.802686e-05
0.7848101 7.180674e-05
0.8101266 0.0001710088
0.835443 0.0001344674
0.8607595 6.076452e-05
0.8860759 1.541087e-05
0.9113924 6.364542e-06
0.9367089 6.221215e-06
0.9620253 6.538904e-06
0.9873418 5.519653e-06
1.012658 4.725049e-06
1.037975 4.989178e-06
1.063291 7.808021e-06
1.088608 1.187009e-05
1.113924 6.266562e-06
1.139241 1.567404e-06
1.164557 2.822833e-07
1.189873 8.129703e-08
1.21519 9.252409e-09
1.240506 9.396598e-10
1.265823 2.974153e-09
1.291139 1.225069e-08
1.316456 4.882082e-09
1.341772 1.99838e-08
1.367089 3.132383e-09
1.392405 1.167401e-09
1.417722 1.229741e-09
1.443038 3.090052e-09
1.468354 7.630154e-07
1.493671 0.0001366059
1.518987 0.0007526206
1.544304 0.0007526206
1.56962 0.0003859709
1.594937 5.203833e-05
1.620253 4.552506e-06
1.64557 7.798345e-08
1.670886 8.91744e-10
1.696203 1.169335e-09
1.721519 2.142695e-08
1.746835 4.494336e-07
1.772152 1.236977e-06
1.797468 7.269743e-07
1.822785 8.175716e-08
1.848101 3.814684e-09
1.873418 7.646974e-10
1.898734 9.277523e-10
1.924051 4.014787e-09
1.949367 6.428251e-09
1.974684 4.975454e-09
2 2.233974e-09
