0.6329114 1
0.6582278 1
0.6835443 1
0.7088608 1
0.7341772 1
0.7594937 0.9999999
0.7848101 0.9998861
0.8101266 0.9869208
0.835443 0.758306
0.8607595 0.1148292
0.8860759 0.002683525
0.9113924 8.957861e-05
0.9367089 2.113749e-06
0.9620253 1.749065e-08
0.9873418 9.377897e-11
1.012658 2.505444e-13
1.037975 4.253289e-15
1.063291 5.400636e-16
1.088608 1.091433e-16
1.113924 1.522597e-17
1.139241 1.086714e-18
1.164557 4.951456e-20
1.189873 2.602757e-21
1.21519 1.773147e-22
1.240506 1.214084e-23
1.265823 6.84663e-25
1.291139 2.337076e-26
1.316456 5.407841e-28
1.341772 4.318231e-30
1.367089 1.6798e-33
1.392405 7.050294e-36
1.417722 4.635437e-38
1.443038 1.507093e-40
1.468354 1.972823e-42
1.493671 1.949011e-43
1.518987 1.910097e-44
1.544304 1.544524e-45
1.56962 9.721558e-47
1.594937 4.591814e-48
1.620253 1.633806e-49
1.64557 3.880674e-51
1.670886 6.563299e-53
1.696203 6.508222e-55
1.721519 4.09055e-57
1.746835 1.425765e-59
1.772152 2.992415e-62
1.797468 4.90993e-65
1.822785 1.228469e-67
1.848101 8.187128e-70
1.873418 7.880751e-72
1.898734 1.111419e-73
1.924051 2.281887e-75
1.949367 5.632215e-77
1.974684 1.218018e-78
2 1.481909e-80
