0.02531646 1
0.05063291 1
0.07594937 0.9999597
0.1012658 0.9999978
0.1265823 0.9999998
0.1518987 0.9999997
0.1772152 0.999991
0.2025316 0.999911
0.2278481 0.9997338
0.2531646 0.9975758
0.278481 0.9998973
0.3037975 0.9999263
0.3291139 0.9998325
0.3544304 0.9998767
0.3797468 0.9966766
0.4050633 0.9528979
0.4303797 0.9663648
0.4556962 0.9987388
0.4810127 0.9999398
0.5063291 0.9998274
0.5316456 0.9962505
0.556962 0.9975295
0.5822785 0.9967663
0.6075949 0.9092115
0.6329114 0.3099114
0.6582278 0.008753147
0.6835443 1.017439e-05
0.7088608 1.026412e-09
0.7341772 2.475091e-15
0.7594937 2.310911e-15
0.7848101 1.096284e-15
0.8101266 4.216453e-16
0.835443 1.703337e-16
0.8607595 6.358686e-17
0.8860759 2.212261e-17
0.9113924 7.24391e-18
0.9367089 2.299626e-18
0.9620253 7.524766e-19
0.9873418 2.727244e-19
1.012658 1.102813e-19
1.037975 4.5775e-20
1.063291 1.762444e-20
1.088608 5.905415e-21
1.113924 1.725839e-21
1.139241 5.028581e-22
1.164557 1.834559e-22
1.189873 8.22508e-23
1.21519 3.747586e-23
1.240506 1.578387e-23
1.265823 5.936562e-24
1.291139 1.96806e-24
1.316456 5.686775e-25
1.341772 1.416166e-25
1.367089 3.005189e-26
1.392405 5.379194e-27
1.417722 8.073745e-28
1.443038 1.021129e-28
1.468354 1.123592e-29
1.493671 1.178813e-30
1.518987 1.37672e-31
1.544304 1.93899e-32
1.56962 3.015981e-33
1.594937 4.660541e-34
1.620253 6.876354e-35
1.64557 9.622781e-36
1.670886 1.275151e-36
1.696203 1.591815e-37
1.721519 1.818259e-38
1.746835 1.870895e-39
1.772152 1.769822e-40
1.797468 1.666888e-41
1.822785 1.772481e-42
1.848101 2.214432e-43
1.873418 3.000528e-44
1.898734 4.001903e-45
1.924051 4.842505e-46
1.949367 4.89159e-47
1.974684 3.64289e-48
2 1.486556e-49
