0.6075949 1
0.6329114 1
0.6582278 1
0.6835443 1
0.7088608 1
0.7341772 1
0.7594937 1
0.7848101 1
0.8101266 1
0.835443 1
0.8607595 1
0.8860759 1
0.9113924 1
0.9367089 1
0.9620253 1
0.9873418 1
1.012658 1
1.037975 1
1.063291 1
1.088608 0.9999982
1.113924 0.9981576
1.139241 0.885364
1.164557 0.2425817
1.189873 0.02183238
1.21519 9.799355e-05
1.240506 1.025974e-06
1.265823 7.418866e-08
1.291139 4.284009e-11
1.316456 4.946911e-16
1.341772 1.584856e-18
1.367089 1.268769e-23
1.392405 1.271286e-25
1.417722 6.832045e-27
1.443038 7.118e-28
1.468354 6.988092e-28
1.493671 5.557905e-28
1.518987 3.502045e-28
1.544304 1.720797e-28
1.56962 6.54357e-29
1.594937 1.943013e-29
1.620253 4.599907e-30
1.64557 8.671416e-31
1.670886 1.222684e-31
1.696203 1.152264e-32
1.721519 6.70807e-34
1.746835 3.042203e-35
1.772152 2.571916e-36
1.797468 3.48839e-37
1.822785 5.277745e-38
1.848101 7.654625e-39
1.873418 9.660657e-40
1.898734 1.055996e-40
1.924051 1.006466e-41
1.949367 8.485705e-43
1.974684 6.449803e-44
2 3.829081e-45
