0.02531646 1
0.05063291 1
0.07594937 1
0.1012658 1
0.1265823 1
0.1518987 1
0.1772152 1
0.2025316 1
0.2278481 0.9999999
0.2531646 0.9999999
0.278481 0.9999986
0.3037975 0.9999942
0.3291139 0.9999777
0.3544304 0.9999359
0.3797468 0.9998901
0.4050633 0.9998623
0.4303797 0.9999279
0.4556962 0.9999984
0.4810127 0.9999984
0.5063291 0.9999979
0.5316456 0.9999898
0.556962 0.9997887
0.5822785 0.9875628
0.6075949 0.7568898
0.6329114 0.1129837
0.6582278 0.001806414
0.6835443 3.1061e-06
0.7088608 1.411884e-09
0.7341772 1.226611e-10
0.7594937 1.734182e-09
0.7848101 1.037732e-08
0.8101266 9.698488e-09
0.835443 3.33555e-09
0.8607595 4.524467e-09
0.8860759 1.880779e-08
0.9113924 1.581042e-07
0.9367089 1.237245e-06
0.9620253 3.205947e-07
0.9873418 2.782747e-09
1.012658 1.144761e-09
1.037975 2.53603e-09
1.063291 1.452444e-10
1.088608 9.339356e-13
1.113924 4.301366e-17
1.139241 1.452046e-17
1.164557 5.5023e-19
1.189873 4.963794e-20
1.21519 7.899391e-21
1.240506 1.057851e-21
1.265823 1.154618e-22
1.291139 1.08377e-23
1.316456 1.006816e-24
1.341772 1.131823e-25
1.367089 1.720338e-26
1.392405 3.421144e-27
1.417722 7.901209e-28
1.443038 1.920991e-28
1.468354 4.86705e-29
1.493671 1.33001e-29
1.518987 3.930921e-30
1.544304 1.196444e-30
1.56962 3.534453e-31
1.594937 9.848827e-32
1.620253 2.615432e-32
1.64557 6.69968e-33
1.670886 1.663932e-33
1.696203 4.018777e-34
1.721519 9.459357e-35
1.746835 2.183281e-35
1.772152 5.007562e-36
1.797468 1.144373e-36
1.822785 2.599991e-37
1.848101 5.802266e-38
1.873418 1.25772e-38
1.898734 2.642542e-39
1.924051 5.286992e-40
1.949367 9.736253e-41
1.974684 1.511704e-41
2 1.500188e-42
