0.4556962 1
0.4810127 1
0.5063291 1
0.5316456 1
0.556962 1
0.5822785 1
0.6075949 1
0.6329114 1
0.6582278 1
0.6835443 1
0.7088608 1
0.7341772 1
0.7594937 1
0.7848101 1
0.8101266 1
0.835443 1
0.8607595 1
0.8860759 1
0.9113924 1
0.9367089 1
0.9620253 1
0.9873418 1
1.012658 1
1.037975 1
1.063291 1
1.088608 1
1.113924 0.9999992
1.139241 0.9997672
1.164557 0.9815905
1.189873 0.6557209
1.21519 0.07960211
1.240506 0.002215383
1.265823 2.317292e-05
1.291139 4.646112e-08
1.316456 1.27463e-11
1.341772 3.4922e-16
1.367089 1.530646e-23
1.392405 2.417316e-40
1.417722 4.197243e-42
1.443038 5.723323e-43
1.468354 4.67811e-51
1.493671 1.65295e-50
1.518987 4.568142e-50
1.544304 9.603289e-50
1.56962 1.489885e-49
1.594937 1.65138e-49
1.620253 1.259853e-49
1.64557 6.272291e-50
1.670886 1.87075e-50
1.696203 3.011127e-51
1.721519 2.474466e-52
1.746835 1.061051e-53
1.772152 3.400529e-55
1.797468 1.466004e-56
1.822785 7.407624e-58
1.848101 3.112649e-59
1.873418 1.006779e-60
1.898734 2.533695e-62
1.924051 4.939837e-64
1.949367 7.626328e-66
1.974684 9.350331e-68
2 7.990375e-70
