0.02531646 1
0.05063291 0.9999959
0.07594937 0.9999992
0.1012658 0.9999987
0.1265823 0.9999642
0.1518987 0.9994014
0.1772152 0.9999125
0.2025316 0.9999981
0.2278481 0.9999994
0.2531646 0.9999969
0.278481 0.9998547
0.3037975 0.9948219
0.3291139 0.9876551
0.3544304 0.9451818
0.3797468 0.8369747
0.4050633 0.9476342
0.4303797 0.9951379
0.4556962 0.9908856
0.4810127 0.8903716
0.5063291 0.8748353
0.5316456 0.9395998
0.556962 0.9912835
0.5822785 0.9944506
0.6075949 0.9410224
0.6329114 0.3751618
0.6582278 0.02962131
0.6835443 0.0003839424
0.7088608 1.643331e-06
0.7341772 1.246534e-06
0.7594937 0.0001030642
0.7848101 0.000453503
0.8101266 0.0003666106
0.835443 1.490274e-05
0.8607595 7.056286e-07
0.8860759 2.338458e-08
0.9113924 1.558005e-08
0.9367089 3.970014e-07
0.9620253 1.356337e-06
0.9873418 1.64165e-06
1.012658 3.917522e-07
1.037975 1.507685e-08
1.063291 2.401079e-09
1.088608 2.401079e-09
1.113924 2.401079e-09
1.139241 1.216984e-08
1.164557 6.600515e-08
1.189873 2.544833e-06
1.21519 5.485001e-05
1.240506 0.0002163892
1.265823 0.0002336669
1.291139 0.0002327017
1.316456 0.0001576993
1.341772 5.697988e-05
1.367089 1.108193e-05
1.392405 3.870377e-06
1.417722 1.980208e-06
1.443038 9.954917e-07
1.468354 2.974795e-07
1.493671 3.078079e-08
1.518987 1.283899e-09
1.544304 3.615929e-10
1.56962 3.864508e-10
1.594937 4.146825e-10
1.620253 1.787083e-09
1.64557 1.777934e-08
1.670886 1.115746e-07
1.696203 7.151367e-08
1.721519 3.080497e-08
1.746835 7.610002e-09
1.772152 9.478713e-10
1.797468 5.582385e-10
1.822785 6.201658e-10
1.848101 6.020885e-10
1.873418 4.868063e-10
1.898734 2.877208e-10
1.924051 1.098726e-10
1.949367 2.235569e-11
1.974684 2.385886e-12
2 1.287717e-12
