0.5822785 1
0.6075949 1
0.6329114 1
0.6582278 1
0.6835443 1
0.7088608 0.9999998
0.7341772 0.9998168
0.7594937 0.9823898
0.7848101 0.716437
0.8101266 0.09033292
0.835443 0.002516742
0.8607595 0.0001071331
0.8860759 2.541185e-06
0.9113924 3.550606e-08
0.9367089 2.595884e-10
0.9620253 9.900903e-13
0.9873418 5.919932e-15
1.012658 2.697703e-16
1.037975 1.207128e-17
1.063291 1.737153e-19
1.088608 2.279269e-22
1.113924 3.800062e-27
1.139241 7.784212e-30
1.164557 6.005791e-31
1.189873 5.231071e-32
1.21519 4.021365e-33
1.240506 2.425756e-34
1.265823 1.168006e-35
1.291139 3.954207e-37
1.316456 8.918101e-39
1.341772 1.012717e-40
1.367089 1.855055e-43
1.392405 3.2772e-47
1.417722 7.530551e-49
1.443038 2.329343e-50
1.468354 8.023855e-52
1.493671 2.481635e-53
1.518987 5.914487e-55
1.544304 1.090258e-56
1.56962 1.474821e-58
1.594937 1.66736e-60
1.620253 2.843113e-62
1.64557 1.161481e-63
1.670886 5.627238e-65
1.696203 2.388637e-66
1.721519 8.449815e-68
1.746835 2.437755e-69
1.772152 5.647826e-71
1.797468 1.048529e-72
1.822785 1.685057e-74
1.848101 3.25759e-76
1.873418 1.035253e-77
1.898734 3.976572e-79
1.924051 1.406733e-80
1.949367 4.106631e-82
1.974684 8.623749e-84
2 9.620407e-86
