0.02531646 0.9999976
0.05063291 0.9999567
0.07594937 0.999998
0.1012658 1
0.1265823 1
0.1518987 1
0.1772152 1
0.2025316 1
0.2278481 1
0.2531646 1
0.278481 1
0.3037975 1
0.3291139 1
0.3544304 1
0.3797468 1
0.4050633 1
0.4303797 1
0.4556962 1
0.4810127 1
0.5063291 1
0.5316456 0.9999983
0.556962 0.9996382
0.5822785 0.980804
0.6075949 0.7787416
0.6329114 0.09226831
0.6582278 0.01056273
0.6835443 0.0006038497
0.7088608 2.478143e-05
0.7341772 2.474171e-06
0.7594937 1.380394e-05
0.7848101 5.173309e-06
0.8101266 3.78786e-06
0.835443 1.571738e-06
0.8607595 2.750321e-07
0.8860759 5.175889e-08
0.9113924 1.728336e-09
0.9367089 1.956855e-11
0.9620253 2.5668e-14
0.9873418 7.312907e-17
1.012658 2.039322e-17
1.037975 1.126531e-17
1.063291 6.470739e-18
1.088608 3.450341e-18
1.113924 1.573459e-18
1.139241 5.990096e-19
1.164557 1.894912e-19
1.189873 4.979131e-20
1.21519 1.086152e-20
1.240506 1.964196e-21
1.265823 2.94153e-22
1.291139 3.665349e-23
1.316456 3.946121e-24
1.341772 4.529575e-25
1.367089 1.002793e-25
1.392405 4.527451e-26
1.417722 2.428954e-26
1.443038 1.266306e-26
1.468354 6.111888e-27
1.493671 2.693037e-27
1.518987 1.076301e-27
1.544304 3.799061e-28
1.56962 1.157848e-28
1.594937 3.02516e-29
1.620253 6.674988e-30
1.64557 1.220253e-30
1.670886 1.840232e-31
1.696203 2.407188e-32
1.721519 3.32894e-33
1.746835 6.349168e-34
1.772152 1.583383e-34
1.797468 4.177763e-35
1.822785 1.091374e-35
1.848101 2.857118e-36
1.873418 7.682664e-37
1.898734 2.148197e-37
1.924051 5.931609e-38
1.949367 1.440984e-38
1.974684 2.596e-39
2 2.507373e-40
