0.02531646 1
0.05063291 1
0.07594937 1
0.1012658 1
0.1265823 1
0.1518987 0.9999935
0.1772152 0.9991034
0.2025316 0.9944384
0.2278481 0.998518
0.2531646 0.9926808
0.278481 0.6964464
0.3037975 0.1826083
0.3291139 0.9831288
0.3544304 0.9908241
0.3797468 0.9908241
0.4050633 0.9773788
0.4303797 0.8887003
0.4556962 0.8793305
0.4810127 0.9801845
0.5063291 0.9808445
0.5316456 0.9909133
0.556962 0.942115
0.5822785 0.5234479
0.6075949 0.04538459
0.6329114 0.002446039
0.6582278 0.0003666827
0.6835443 0.000269796
0.7088608 0.0003790677
0.7341772 7.49124e-05
0.7594937 4.296236e-05
0.7848101 0.0005599187
0.8101266 0.002698619
0.835443 0.003951432
0.8607595 0.003952942
0.8860759 0.002168555
0.9113924 0.0002742968
0.9367089 5.092e-05
0.9620253 3.792677e-05
0.9873418 0.0001780527
1.012658 0.0003501818
1.037975 0.000347809
1.063291 0.0001677296
1.088608 1.79275e-05
1.113924 3.453104e-06
1.139241 5.189653e-06
1.164557 1.320449e-05
1.189873 1.541423e-05
1.21519 1.846557e-05
1.240506 1.340048e-05
1.265823 8.276649e-06
1.291139 2.049969e-06
1.316456 2.135582e-07
1.341772 7.333282e-08
1.367089 2.139674e-06
1.392405 1.421655e-05
1.417722 3.9619e-05
1.443038 8.014067e-05
1.468354 0.0001038063
1.493671 5.944125e-05
1.518987 3.04557e-05
1.544304 1.660274e-05
1.56962 3.545108e-06
1.594937 4.667483e-07
1.620253 1.823696e-06
1.64557 1.776712e-05
1.670886 2.065206e-05
1.696203 8.686238e-06
1.721519 4.150903e-06
1.746835 4.526639e-07
1.772152 7.742567e-09
1.797468 8.654731e-10
1.822785 8.654731e-10
1.848101 8.655241e-10
1.873418 9.004784e-10
1.898734 1.136382e-09
1.924051 1.226444e-09
1.949367 1.231262e-09
1.974684 1.23068e-09
2 1.881099e-09
