0.4810127 1
0.5063291 1
0.5316456 1
0.556962 1
0.5822785 1
0.6075949 1
0.6329114 1
0.6582278 1
0.6835443 1
0.7088608 1
0.7341772 1
0.7594937 1
0.7848101 1
0.8101266 1
0.835443 1
0.8607595 1
0.8860759 1
0.9113924 1
0.9367089 1
0.9620253 1
0.9873418 1
1.012658 1
1.037975 1
1.063291 1
1.088608 1
1.113924 0.9999993
1.139241 0.9997475
1.164557 0.9778103
1.189873 0.6272395
1.21519 0.06260392
1.240506 0.001657026
1.265823 1.628576e-05
1.291139 3.091882e-08
1.316456 8.842919e-12
1.341772 2.530523e-16
1.367089 8.595662e-24
1.392405 1.19168e-38
1.417722 9.387066e-41
1.443038 1.058994e-41
1.468354 8.481672e-50
1.493671 2.498842e-49
1.518987 5.855423e-49
1.544304 1.063364e-48
1.56962 1.449015e-48
1.594937 1.42866e-48
1.620253 9.75603e-49
1.64557 4.327438e-49
1.670886 1.130004e-49
1.696203 1.558523e-50
1.721519 1.065627e-51
1.746835 3.953811e-53
1.772152 1.345076e-54
1.797468 6.986059e-56
1.822785 3.566571e-57
1.848101 1.328621e-58
1.873418 3.516612e-60
1.898734 6.808713e-62
1.924051 9.753161e-64
1.949367 1.045538e-65
1.974684 8.529476e-68
2 4.977926e-70
