0.4050633 1
0.4303797 1
0.4556962 1
0.4810127 1
0.5063291 1
0.5316456 1
0.556962 1
0.5822785 1
0.6075949 1
0.6329114 1
0.6582278 1
0.6835443 1
0.7088608 1
0.7341772 1
0.7594937 1
0.7848101 1
0.8101266 1
0.835443 1
0.8607595 1
0.8860759 1
0.9113924 1
0.9367089 1
0.9620253 1
0.9873418 1
1.012658 1
1.037975 1
1.063291 1
1.088608 1
1.113924 0.9999989
1.139241 0.9998119
1.164557 0.9904727
1.189873 0.8187909
1.21519 0.1743759
1.240506 0.008195722
1.265823 0.0001055969
1.291139 2.902717e-07
1.316456 7.867581e-11
1.341772 7.074529e-16
1.367089 3.550898e-23
1.392405 4.970276e-59
1.417722 1.296514e-58
1.443038 2.616279e-59
1.468354 1.322347e-64
1.493671 6.790123e-64
1.518987 2.472397e-63
1.544304 6.329197e-63
1.56962 1.121023e-62
1.594937 1.33506e-62
1.620253 1.019566e-62
1.64557 4.6387e-63
1.670886 1.141614e-63
1.696203 1.432485e-64
1.721519 1.035906e-65
1.746835 1.843761e-67
1.772152 1.606985e-69
1.797468 1.347027e-71
1.822785 9.718129e-74
1.848101 7.69037e-76
1.873418 6.124215e-78
1.898734 4.653779e-80
1.924051 2.771565e-82
1.949367 9.096159e-85
1.974684 1.131077e-87
2 8.995256e-92
