0.02531646 0.9999963
0.05063291 0.9999978
0.07594937 0.9999998
0.1012658 1
0.1265823 1
0.1518987 1
0.1772152 0.9999992
0.2025316 0.9999991
0.2278481 0.9999995
0.2531646 0.9999999
0.278481 1
0.3037975 1
0.3291139 0.9999993
0.3544304 0.9999997
0.3797468 0.9999999
0.4050633 1
0.4303797 1
0.4556962 0.9999891
0.4810127 0.9999989
0.5063291 1
0.5316456 1
0.556962 0.9999998
0.5822785 0.9969564
0.6075949 0.8271278
0.6329114 0.1641113
0.6582278 0.001068482
0.6835443 1.311069e-07
0.7088608 8.758437e-12
0.7341772 1.066252e-13
0.7594937 5.987367e-13
0.7848101 4.16829e-12
0.8101266 3.062338e-11
0.835443 1.231057e-10
0.8607595 3.237488e-10
0.8860759 5.828319e-10
0.9113924 7.291502e-10
0.9367089 6.06168e-10
0.9620253 4.78626e-10
0.9873418 4.613246e-10
1.012658 3.831157e-10
1.037975 8.421581e-11
1.063291 1.683231e-11
1.088608 9.620234e-13
1.113924 2.101347e-14
1.139241 1.622817e-16
1.164557 6.660482e-18
1.189873 1.10006e-19
1.21519 2.004492e-20
1.240506 4.396323e-21
1.265823 8.087853e-22
1.291139 1.231845e-22
1.316456 1.541074e-23
1.341772 1.5693e-24
1.367089 1.2854e-25
1.392405 8.658965e-27
1.417722 6.243418e-28
1.443038 8.420077e-29
1.468354 1.894608e-29
1.493671 4.743771e-30
1.518987 1.150124e-30
1.544304 2.65703e-31
1.56962 5.939277e-32
1.594937 1.297967e-32
1.620253 2.756189e-33
1.64557 5.638356e-34
1.670886 1.118013e-34
1.696203 2.194357e-35
1.721519 4.357232e-36
1.746835 8.826739e-37
1.772152 1.829352e-37
1.797468 3.856626e-38
1.822785 8.155696e-39
1.848101 1.697003e-39
1.873418 3.414711e-40
1.898734 6.573257e-41
1.924051 1.184238e-41
1.949367 1.904028e-42
1.974684 2.443828e-43
2 1.8686e-44
