0.4810127 1
0.5063291 1
0.5316456 1
0.556962 1
0.5822785 0.9999988
0.6075949 0.9992583
0.6329114 0.947388
0.6582278 0.4758472
0.6835443 0.04101635
0.7088608 0.001235941
0.7341772 0.0001486097
0.7594937 6.56496e-06
0.7848101 2.416753e-07
0.8101266 1.932521e-09
0.835443 1.867719e-11
0.8607595 3.570646e-13
0.8860759 6.603816e-15
0.9113924 4.594954e-16
0.9367089 3.089273e-17
0.9620253 9.028406e-19
0.9873418 7.876654e-21
1.012658 1.101632e-23
1.037975 7.510412e-28
1.063291 5.987363e-33
1.088608 9.122688e-37
1.113924 1.210687e-39
1.139241 4.85155e-42
1.164557 2.881826e-44
1.189873 1.832659e-46
1.21519 4.035537e-48
1.240506 2.146605e-49
1.265823 1.102187e-50
1.291139 5.132958e-52
1.316456 2.246536e-53
1.341772 9.592923e-55
1.367089 4.094012e-56
1.392405 1.807948e-57
1.417722 8.760484e-59
1.443038 4.77097e-60
1.468354 2.771569e-61
1.493671 1.608823e-62
1.518987 9.039573e-64
1.544304 4.910172e-65
1.56962 2.620196e-66
1.594937 1.406143e-67
1.620253 7.722043e-69
1.64557 4.335313e-70
1.670886 2.445148e-71
1.696203 1.358545e-72
1.721519 7.378892e-74
1.746835 3.958951e-75
1.772152 2.147752e-76
1.797468 1.200579e-77
1.822785 6.891851e-79
1.848101 3.950962e-80
1.873418 2.16696e-81
1.898734 1.079967e-82
1.924051 4.603564e-84
1.949367 1.549799e-85
1.974684 3.620579e-87
2 4.360321e-89
