0.3291139 1
0.3544304 1
0.3797468 1
0.4050633 0.9999864
0.4303797 0.997479
0.4556962 0.9326968
0.4810127 0.506506
0.5063291 0.01178458
0.5316456 0.001628871
0.556962 0.0002706551
0.5822785 1.331771e-05
0.6075949 2.675291e-07
0.6329114 1.077992e-08
0.6582278 3.159912e-10
0.6835443 1.233367e-11
0.7088608 7.99346e-13
0.7341772 4.057922e-14
0.7594937 2.420785e-15
0.7848101 1.043343e-15
0.8101266 8.508341e-15
0.835443 3.699156e-13
0.8607595 5.105319e-12
0.8860759 2.342247e-11
0.9113924 4.731192e-11
0.9367089 5.63201e-11
0.9620253 3.15792e-11
0.9873418 5.730125e-12
1.012658 1.300181e-12
1.037975 2.8742e-13
1.063291 5.840741e-14
1.088608 1.263421e-14
1.113924 3.390195e-15
1.139241 1.443075e-15
1.164557 6.332126e-16
1.189873 2.522873e-16
1.21519 9.078704e-17
1.240506 2.93421e-17
1.265823 8.456788e-18
1.291139 2.15221e-18
1.316456 4.779179e-19
1.341772 9.133215e-20
1.367089 1.478058e-20
1.392405 1.987069e-21
1.417722 2.168238e-22
1.443038 1.866085e-23
1.468354 1.23038e-24
1.493671 6.382849e-26
1.518987 3.45423e-27
1.544304 2.826704e-28
1.56962 2.80583e-29
1.594937 2.955174e-30
1.620253 3.264056e-31
1.64557 3.619875e-32
1.670886 3.911873e-33
1.696203 4.117128e-34
1.721519 4.329666e-35
1.746835 4.694033e-36
1.772152 5.271637e-37
1.797468 5.927259e-38
1.822785 6.353128e-39
1.848101 6.244705e-40
1.873418 5.480719e-41
1.898734 4.188481e-42
1.924051 2.688963e-43
1.949367 1.363585e-44
1.974684 4.8545e-46
2 9.07744e-48
