0.02531646 1
0.05063291 1
0.07594937 1
0.1012658 1
0.1265823 0.9999999
0.1518987 0.9999942
0.1772152 0.9996318
0.2025316 0.9943902
0.2278481 0.9961655
0.2531646 0.9993144
0.278481 0.9883514
0.3037975 0.9827466
0.3291139 0.9935635
0.3544304 0.9984902
0.3797468 0.9992482
0.4050633 0.9928207
0.4303797 0.9993048
0.4556962 0.9993048
0.4810127 0.9991307
0.5063291 0.9992888
0.5316456 0.9992728
0.556962 0.9966141
0.5822785 0.9533416
0.6075949 0.7783221
0.6329114 0.1690848
0.6582278 0.004957504
0.6835443 3.396671e-05
0.7088608 1.211195e-08
0.7341772 1.226288e-10
0.7594937 4.509631e-10
0.7848101 1.214972e-09
0.8101266 1.682765e-09
0.835443 1.783943e-09
0.8607595 1.48551e-09
0.8860759 9.45657e-10
0.9113924 4.367919e-10
0.9367089 2.299214e-10
0.9620253 2.191715e-10
0.9873418 2.24808e-10
1.012658 1.794138e-10
1.037975 1.133767e-10
1.063291 4.890648e-11
1.088608 1.061984e-11
1.113924 2.153373e-12
1.139241 3.932636e-12
1.164557 1.046042e-12
1.189873 1.083799e-13
1.21519 5.591697e-15
1.240506 1.564251e-16
1.265823 1.377551e-17
1.291139 8.619406e-18
1.316456 6.428705e-18
1.341772 4.550182e-18
1.367089 3.10306e-18
1.392405 1.778383e-18
1.417722 1.133496e-18
1.443038 7.716731e-19
1.468354 5.278794e-19
1.493671 3.552631e-19
1.518987 2.343907e-19
1.544304 1.516807e-19
1.56962 9.614328e-20
1.594937 5.951265e-20
1.620253 3.590504e-20
1.64557 2.110256e-20
1.670886 1.208271e-20
1.696203 6.744215e-21
1.721519 3.679611e-21
1.746835 1.975072e-21
1.772152 1.049102e-21
1.797468 5.46789e-22
1.822785 2.811746e-22
1.848101 1.398235e-22
1.873418 6.886173e-23
1.898734 3.14793e-23
1.924051 1.42827e-23
1.949367 5.850211e-24
1.974684 2.304886e-24
2 7.642074e-25
