0.6582278 1
0.6835443 1
0.7088608 1
0.7341772 1
0.7594937 1
0.7848101 1
0.8101266 1
0.835443 0.999955
0.8607595 0.9930648
0.8860759 0.8310853
0.9113924 0.1861947
0.9367089 0.0037926
0.9620253 0.0001076012
0.9873418 2.058064e-06
1.012658 1.787465e-08
1.037975 8.120904e-11
1.063291 6.15944e-13
1.088608 3.009979e-13
1.113924 1.094867e-13
1.139241 1.331291e-14
1.164557 2.234718e-15
1.189873 8.19059e-16
1.21519 2.886393e-16
1.240506 8.384427e-17
1.265823 1.835751e-17
1.291139 2.691318e-18
1.316456 2.251267e-19
1.341772 8.071347e-21
1.367089 4.988576e-23
1.392405 7.193157e-25
1.417722 2.0886e-26
1.443038 2.109808e-28
1.468354 6.964668e-31
1.493671 8.43607e-34
1.518987 4.361405e-37
1.544304 1.103799e-39
1.56962 5.664732e-42
1.594937 5.969188e-43
1.620253 6.790281e-44
1.64557 6.109925e-45
1.670886 3.930177e-46
1.696203 1.790326e-47
1.721519 5.648822e-49
1.746835 1.051541e-50
1.772152 1.173271e-52
1.797468 6.907902e-55
1.822785 2.26129e-57
1.848101 5.261459e-60
1.873418 9.944121e-63
1.898734 1.941003e-65
1.924051 1.24634e-67
1.949367 1.612715e-69
1.974684 1.396206e-71
2 5.391309e-74
