0.02531646 0.9999929
0.05063291 0.9974426
0.07594937 0.9970727
0.1012658 0.9985175
0.1265823 0.9995693
0.1518987 0.9999919
0.1772152 0.9999999
0.2025316 1
0.2278481 1
0.2531646 1
0.278481 1
0.3037975 1
0.3291139 1
0.3544304 1
0.3797468 1
0.4050633 0.9999996
0.4303797 0.9999958
0.4556962 0.9999734
0.4810127 0.9999135
0.5063291 0.9998726
0.5316456 0.9998881
0.556962 0.9926924
0.5822785 0.9482191
0.6075949 0.8381072
0.6329114 0.05871858
0.6582278 0.002819469
0.6835443 0.0009996118
0.7088608 0.001059057
0.7341772 0.0003505834
0.7594937 1.605846e-05
0.7848101 3.027071e-07
0.8101266 1.473827e-06
0.835443 3.997441e-08
0.8607595 3.024941e-09
0.8860759 4.851846e-11
0.9113924 9.333146e-14
0.9367089 1.732272e-16
0.9620253 6.908737e-17
0.9873418 4.260349e-17
1.012658 2.050423e-17
1.037975 7.878669e-18
1.063291 2.431106e-18
1.088608 6.079957e-19
1.113924 1.246908e-19
1.139241 2.123545e-20
1.164557 3.044379e-21
1.189873 3.749893e-22
1.21519 4.247965e-23
1.240506 6.298847e-24
1.265823 2.476751e-24
1.291139 1.807447e-24
1.316456 1.417135e-24
1.341772 1.04606e-24
1.367089 7.00249e-25
1.392405 4.179558e-25
1.417722 2.223019e-25
1.443038 1.065275e-25
1.468354 4.638176e-26
1.493671 1.84289e-26
1.518987 6.73831e-27
1.544304 2.302732e-27
1.56962 7.504073e-28
1.594937 2.380791e-28
1.620253 7.479794e-29
1.64557 2.347378e-29
1.670886 7.348662e-30
1.696203 2.275327e-30
1.721519 6.896913e-31
1.746835 2.031882e-31
1.772152 5.804446e-32
1.797468 1.610868e-32
1.822785 4.356992e-33
1.848101 1.148099e-33
1.873418 2.920547e-34
1.898734 7.042382e-35
1.924051 1.582656e-35
1.949367 3.330877e-36
1.974684 6.926124e-37
2 1.65538e-37
