0.02531646 1
0.05063291 1
0.07594937 1
0.1012658 1
0.1265823 1
0.1518987 1
0.1772152 1
0.2025316 1
0.2278481 1
0.2531646 0.9999999
0.278481 0.9999999
0.3037975 0.9999994
0.3291139 0.9999994
0.3544304 0.9999995
0.3797468 0.9999998
0.4050633 1
0.4303797 1
0.4556962 1
0.4810127 1
0.5063291 0.9999999
0.5316456 0.9999734
0.556962 0.9981588
0.5822785 0.9571122
0.6075949 0.3755716
0.6329114 0.1070523
0.6582278 0.006360892
0.6835443 0.004720531
0.7088608 0.001360528
0.7341772 0.0004018605
0.7594937 6.070172e-06
0.7848101 4.123983e-07
0.8101266 2.292719e-06
0.835443 2.34427e-08
0.8607595 1.145661e-09
0.8860759 1.853404e-10
0.9113924 6.315408e-12
0.9367089 1.531635e-14
0.9620253 1.835431e-16
0.9873418 4.667954e-17
1.012658 2.610902e-17
1.037975 1.295366e-17
1.063291 5.384821e-18
1.088608 1.846591e-18
1.113924 5.231422e-19
1.139241 1.231485e-19
1.164557 2.424358e-20
1.189873 4.018271e-21
1.21519 5.657421e-22
1.240506 6.914229e-23
1.265823 8.117295e-24
1.291139 1.447292e-24
1.316456 6.520188e-25
1.341772 4.442943e-25
1.367089 3.088292e-25
1.392405 1.989978e-25
1.417722 1.148779e-25
1.443038 5.871229e-26
1.468354 2.661058e-26
1.493671 1.065691e-26
1.518987 3.751815e-27
1.544304 1.167796e-27
1.56962 3.265242e-28
1.594937 8.395835e-29
1.620253 2.053568e-29
1.64557 4.998657e-30
1.670886 1.261543e-30
1.696203 3.330007e-31
1.721519 8.933224e-32
1.746835 2.346659e-32
1.772152 5.950231e-33
1.797468 1.46601e-33
1.822785 3.601873e-34
1.848101 9.031096e-35
1.873418 2.244747e-35
1.898734 5.038313e-36
1.924051 9.197269e-37
1.949367 1.3404e-37
1.974684 1.873302e-38
2 2.780047e-39
