0.4810127 1
0.5063291 1
0.5316456 1
0.556962 1
0.5822785 0.9999924
0.6075949 0.9994602
0.6329114 0.9878719
0.6582278 0.8120772
0.6835443 0.08473237
0.7088608 0.001598217
0.7341772 9.945681e-05
0.7594937 6.127835e-06
0.7848101 7.462775e-08
0.8101266 5.694549e-10
0.835443 7.884236e-12
0.8607595 1.457326e-13
0.8860759 3.174695e-15
0.9113924 2.891657e-16
0.9367089 1.754623e-17
0.9620253 4.519185e-19
0.9873418 3.327002e-21
1.012658 3.664055e-24
1.037975 1.718143e-28
1.063291 1.661849e-33
1.088608 3.568402e-37
1.113924 4.449969e-40
1.139241 1.76991e-42
1.164557 9.177457e-45
1.189873 6.734598e-47
1.21519 2.249887e-48
1.240506 1.195139e-49
1.265823 5.821131e-51
1.291139 2.595224e-52
1.316456 1.100627e-53
1.341772 4.610291e-55
1.367089 1.977187e-56
1.392405 9.192031e-58
1.417722 4.82313e-59
1.443038 2.762767e-60
1.468354 1.613233e-61
1.493671 9.253649e-63
1.518987 5.214797e-64
1.544304 2.94338e-65
1.56962 1.693575e-66
1.594937 9.943158e-68
1.620253 5.851197e-69
1.64557 3.370486e-70
1.670886 1.871517e-71
1.696203 1.004542e-72
1.721519 5.355656e-74
1.746835 2.982707e-75
1.772152 1.82102e-76
1.797468 1.226243e-77
1.822785 8.711728e-79
1.848101 6.125403e-80
1.873418 4.015727e-81
1.898734 2.326038e-82
1.924051 1.124269e-83
1.949367 4.209491e-85
1.974684 1.078343e-86
2 1.40877e-88
