0.02531646 0.9999999
0.05063291 1
0.07594937 1
0.1012658 1
0.1265823 1
0.1518987 1
0.1772152 1
0.2025316 1
0.2278481 1
0.2531646 1
0.278481 0.9999996
0.3037975 0.9999936
0.3291139 0.999989
0.3544304 0.9999999
0.3797468 1
0.4050633 1
0.4303797 1
0.4556962 1
0.4810127 1
0.5063291 1
0.5316456 1
0.556962 0.9999342
0.5822785 0.990249
0.6075949 0.8028617
0.6329114 0.1198404
0.6582278 0.003878734
0.6835443 2.231146e-05
0.7088608 2.705047e-07
0.7341772 5.202416e-08
0.7594937 5.992097e-08
0.7848101 1.189911e-07
0.8101266 2.026066e-08
0.835443 7.667194e-09
0.8607595 5.22765e-10
0.8860759 5.22765e-10
0.9113924 5.359306e-10
0.9367089 1.430249e-09
0.9620253 3.301124e-09
0.9873418 1.713021e-11
1.012658 9.757336e-17
1.037975 9.543412e-17
1.063291 5.413626e-18
1.088608 1.365659e-18
1.113924 5.621037e-19
1.139241 2.504799e-19
1.164557 1.015428e-19
1.189873 3.50405e-20
1.21519 1.013456e-20
1.240506 2.449325e-21
1.265823 4.942957e-22
1.291139 8.346898e-23
1.316456 1.192791e-23
1.341772 1.503349e-24
1.367089 1.925097e-25
1.392405 3.505131e-26
1.417722 1.106307e-26
1.443038 4.682915e-27
1.468354 2.093233e-27
1.493671 8.916125e-28
1.518987 3.495049e-28
1.544304 1.244348e-28
1.56962 3.879251e-29
1.594937 1.049544e-29
1.620253 2.583874e-30
1.64557 6.219928e-31
1.670886 1.573722e-31
1.696203 4.298078e-32
1.721519 1.194007e-32
1.746835 3.06595e-33
1.772152 6.748529e-34
1.797468 1.220222e-34
1.822785 1.806837e-35
1.848101 2.359127e-36
1.873418 3.374589e-37
1.898734 6.546173e-38
1.924051 1.526858e-38
1.949367 3.403766e-39
1.974684 6.312086e-40
2 8.312204e-41
