0.02531646 1
0.05063291 1
0.07594937 1
0.1012658 0.9999999
0.1265823 0.9999999
0.1518987 1
0.1772152 1
0.2025316 1
0.2278481 1
0.2531646 1
0.278481 1
0.3037975 0.9999998
0.3291139 0.9999996
0.3544304 0.9999992
0.3797468 0.9999973
0.4050633 0.9999988
0.4303797 0.9999989
0.4556962 0.9999994
0.4810127 0.9999998
0.5063291 0.9999996
0.5316456 0.9999942
0.556962 0.9992216
0.5822785 0.9730613
0.6075949 0.5232015
0.6329114 0.1104894
0.6582278 0.0319535
0.6835443 0.001025215
0.7088608 0.0001330979
0.7341772 0.0005408823
0.7594937 7.407646e-05
0.7848101 8.221297e-06
0.8101266 1.726081e-06
0.835443 1.036674e-07
0.8607595 2.887049e-08
0.8860759 7.197771e-10
0.9113924 3.161236e-11
0.9367089 2.930534e-13
0.9620253 9.937012e-16
0.9873418 3.995699e-17
1.012658 2.29663e-17
1.037975 1.39981e-17
1.063291 7.484119e-18
1.088608 3.350826e-18
1.113924 1.241912e-18
1.139241 3.814023e-19
1.164557 9.741104e-20
1.189873 2.075643e-20
1.21519 3.698459e-21
1.240506 5.524865e-22
1.265823 6.975255e-23
1.291139 7.770992e-24
1.316456 9.731635e-25
1.341772 2.600039e-25
1.367089 1.401858e-25
1.392405 8.70065e-26
1.417722 5.175077e-26
1.443038 2.794262e-26
1.468354 1.343408e-26
1.493671 5.719506e-27
1.518987 2.094424e-27
1.544304 6.434747e-28
1.56962 1.665575e-28
1.594937 3.671572e-29
1.620253 6.978183e-30
1.64557 1.187447e-30
1.670886 1.999544e-31
1.696203 3.876985e-32
1.721519 9.081963e-33
1.746835 2.300923e-33
1.772152 5.764586e-34
1.797468 1.422791e-34
1.822785 3.629571e-35
1.848101 1.008041e-35
1.873418 2.992392e-36
1.898734 8.859677e-37
1.924051 2.338335e-37
1.949367 4.830739e-38
1.974684 6.635014e-39
2 4.389603e-40
