0.02531646 1
0.05063291 0.9999987
0.07594937 0.9994311
0.1012658 0.9979213
0.1265823 0.9988562
0.1518987 0.9871429
0.1772152 0.9938937
0.2025316 0.9997005
0.2278481 0.9999524
0.2531646 0.9999126
0.278481 0.999744
0.3037975 0.9986093
0.3291139 0.9997637
0.3544304 0.9989541
0.3797468 0.9288651
0.4050633 0.9950707
0.4303797 0.9942222
0.4556962 0.9915034
0.4810127 0.981557
0.5063291 0.9979519
0.5316456 0.997952
0.556962 0.9921438
0.5822785 0.8721304
0.6075949 0.3645729
0.6329114 0.03586045
0.6582278 0.002905594
0.6835443 7.808216e-05
0.7088608 2.827668e-05
0.7341772 0.0002411773
0.7594937 0.0004995468
0.7848101 0.0003508766
0.8101266 4.031041e-05
0.835443 1.323349e-06
0.8607595 1.778014e-07
0.8860759 1.477812e-07
0.9113924 3.831443e-07
0.9367089 4.750209e-06
0.9620253 5.906341e-06
0.9873418 1.901449e-06
1.012658 1.732567e-07
1.037975 3.190176e-08
1.063291 3.127351e-08
1.088608 3.127351e-08
1.113924 3.127351e-08
1.139241 3.127351e-08
1.164557 3.31396e-08
1.189873 3.156278e-07
1.21519 2.125327e-06
1.240506 1.882083e-05
1.265823 6.203941e-05
1.291139 4.937896e-05
1.316456 4.259847e-05
1.341772 1.69656e-05
1.367089 3.137782e-06
1.392405 3.491213e-07
1.417722 1.946372e-07
1.443038 1.538763e-07
1.468354 1.538763e-07
1.493671 2.042481e-07
1.518987 1.616727e-07
1.544304 4.854449e-07
1.56962 1.259039e-05
1.594937 6.038567e-06
1.620253 1.240807e-06
1.64557 3.238912e-07
1.670886 8.207704e-08
1.696203 1.471592e-08
1.721519 2.082162e-09
1.746835 4.272693e-10
1.772152 1.430907e-10
1.797468 8.859219e-11
1.822785 8.961303e-11
1.848101 9.617835e-11
1.873418 1.035095e-10
1.898734 1.026602e-10
1.924051 8.94071e-11
1.949367 5.588852e-11
1.974684 1.900609e-11
2 2.477885e-12
