0.4556962 1
0.4810127 1
0.5063291 1
0.5316456 0.9999995
0.556962 0.9998781
0.5822785 0.9954561
0.6075949 0.9178256
0.6329114 0.2035757
0.6582278 0.005624672
0.6835443 0.0007535763
0.7088608 3.792723e-05
0.7341772 6.971969e-07
0.7594937 1.993346e-08
0.7848101 2.837177e-10
0.8101266 2.969721e-12
0.835443 6.200023e-14
0.8607595 2.118414e-15
0.8860759 2.532872e-16
0.9113924 1.849914e-17
0.9367089 6.325226e-19
0.9620253 7.699634e-21
0.9873418 2.143311e-23
1.012658 5.617528e-27
1.037975 8.313904e-32
1.063291 4.51835e-36
1.088608 1.474231e-39
1.113924 1.88712e-42
1.139241 5.106253e-44
1.164557 2.186117e-44
1.189873 1.051785e-44
1.21519 5.207469e-45
1.240506 2.569567e-45
1.265823 1.240137e-45
1.291139 5.738252e-46
1.316456 2.520455e-46
1.341772 1.035982e-46
1.367089 3.953311e-47
1.392405 1.398936e-47
1.417722 4.577761e-48
1.443038 1.373099e-48
1.468354 3.73153e-49
1.493671 9.109682e-50
1.518987 1.972073e-50
1.544304 3.739345e-51
1.56962 6.11218e-52
1.594937 8.394612e-53
1.620253 9.359442e-54
1.64557 8.143278e-55
1.670886 5.242438e-56
1.696203 2.337931e-57
1.721519 6.989948e-59
1.746835 1.681732e-60
1.772152 4.219497e-62
1.797468 9.972412e-64
1.822785 2.020148e-65
1.848101 3.574292e-67
1.873418 4.973261e-69
1.898734 4.554197e-71
1.924051 2.540725e-73
1.949367 6.832898e-76
1.974684 4.598177e-79
2 2.237151e-83
