0.05063291 1
0.07594937 1
0.1012658 1
0.1265823 1
0.1518987 0.9999969
0.1772152 0.999702
0.2025316 0.9929915
0.2278481 0.7186542
0.2531646 0.845302
0.278481 0.06786579
0.3037975 0.03905821
0.3291139 0.03905821
0.3544304 0.04685725
0.3797468 0.5672606
0.4050633 0.9795079
0.4303797 0.9959887
0.4556962 0.9960039
0.4810127 0.9960087
0.5063291 0.9802538
0.5316456 0.700664
0.556962 0.1039623
0.5822785 0.009016997
0.6075949 0.001830194
0.6329114 0.001099687
0.6582278 0.001664898
0.6835443 0.002150378
0.7088608 0.002191744
0.7341772 0.002017396
0.7594937 0.001182668
0.7848101 9.564996e-05
0.8101266 1.628158e-05
0.835443 8.185132e-06
0.8607595 3.694797e-05
0.8860759 5.223502e-05
0.9113924 3.530129e-05
0.9367089 6.748607e-05
0.9620253 0.0003129222
0.9873418 0.0006076795
1.012658 0.000255604
1.037975 1.896061e-05
1.063291 2.084675e-06
1.088608 2.888828e-07
1.113924 3.578785e-08
1.139241 3.982738e-09
1.164557 7.77985e-10
1.189873 5.989132e-10
1.21519 1.207355e-08
1.240506 5.074033e-08
1.265823 6.442104e-08
1.291139 3.491776e-08
1.316456 1.857083e-08
1.341772 9.775016e-09
1.367089 2.288162e-09
1.392405 4.900277e-10
1.417722 4.206022e-10
1.443038 5.598577e-10
1.468354 6.766341e-10
1.493671 9.308567e-10
1.518987 1.009044e-09
1.544304 9.878093e-10
1.56962 3.049894e-09
1.594937 1.594275e-07
1.620253 2.389392e-06
1.64557 2.415773e-06
1.670886 3.763086e-07
1.696203 8.283501e-09
1.721519 7.591968e-09
1.746835 8.624222e-08
1.772152 1.299705e-06
1.797468 3.629217e-06
1.822785 3.277922e-06
1.848101 6.349069e-07
1.873418 2.443395e-08
1.898734 1.280282e-10
1.924051 5.1655e-10
1.949367 5.551273e-10
1.974684 3.650343e-10
2 3.179517e-10
