0.2278481 1
0.2531646 1
0.278481 1
0.3037975 0.9999976
0.3291139 0.9997943
0.3544304 0.9970044
0.3797468 0.9107215
0.4050633 0.2947965
0.4303797 0.02497607
0.4556962 0.0006437895
0.4810127 8.847652e-06
0.5063291 6.157262e-07
0.5316456 6.61883e-08
0.556962 3.089072e-09
0.5822785 9.31013e-11
0.6075949 9.367104e-12
0.6329114 4.610112e-12
0.6582278 5.918502e-11
0.6835443 3.066521e-09
0.7088608 1.817552e-07
0.7341772 2.300028e-06
0.7594937 3.249828e-06
0.7848101 2.311105e-06
0.8101266 4.702734e-07
0.835443 1.993205e-08
0.8607595 1.954906e-09
0.8860759 6.373655e-09
0.9113924 2.453975e-07
0.9367089 1.546908e-07
0.9620253 1.65238e-08
0.9873418 8.981525e-10
1.012658 1.547239e-09
1.037975 4.311758e-09
1.063291 9.028145e-09
1.088608 1.769775e-09
1.113924 7.246224e-11
1.139241 1.517703e-11
1.164557 6.368465e-12
1.189873 2.149867e-12
1.21519 5.506855e-13
1.240506 1.117491e-13
1.265823 1.658614e-14
1.291139 3.846175e-15
1.316456 1.937617e-15
1.341772 1.067285e-15
1.367089 6.412282e-16
1.392405 4.436497e-16
1.417722 3.356321e-16
1.443038 2.610125e-16
1.468354 2.022322e-16
1.493671 1.524583e-16
1.518987 1.098193e-16
1.544304 7.477208e-17
1.56962 4.786878e-17
1.594937 2.875474e-17
1.620253 1.62103e-17
1.64557 8.606466e-18
1.670886 4.34102e-18
1.696203 2.110287e-18
1.721519 1.004968e-18
1.746835 4.731014e-19
1.772152 2.185817e-19
1.797468 9.67999e-20
1.822785 3.980446e-20
1.848101 1.47129e-20
1.873418 4.736953e-21
1.898734 1.284047e-21
1.924051 2.805956e-22
1.949367 4.629421e-23
1.974684 5.12378e-24
2 2.852397e-25
