0.02531646 1
0.05063291 1
0.07594937 1
0.1012658 1
0.1265823 1
0.1518987 0.9999937
0.1772152 0.9997096
0.2025316 0.9996979
0.2278481 0.9977823
0.2531646 0.9736866
0.278481 0.9963547
0.3037975 0.9783501
0.3291139 0.97833
0.3544304 0.8926955
0.3797468 0.8782757
0.4050633 0.9890169
0.4303797 0.8502767
0.4556962 0.4583958
0.4810127 0.3956174
0.5063291 0.3956174
0.5316456 0.6966499
0.556962 0.9701742
0.5822785 0.8359038
0.6075949 0.2257396
0.6329114 0.007817568
0.6582278 0.001038934
0.6835443 0.0008412394
0.7088608 0.001690576
0.7341772 0.001580691
0.7594937 0.0003317726
0.7848101 0.0002168353
0.8101266 0.0005224913
0.835443 0.0009885665
0.8607595 0.002197954
0.8860759 0.002857471
0.9113924 0.001780962
0.9367089 0.0004297466
0.9620253 9.326518e-05
0.9873418 2.304831e-05
1.012658 1.815209e-05
1.037975 3.580629e-05
1.063291 3.813454e-05
1.088608 2.850684e-05
1.113924 3.924169e-06
1.139241 6.60194e-07
1.164557 6.60194e-07
1.189873 7.155562e-06
1.21519 0.0001595549
1.240506 0.0006394609
1.265823 0.0007481487
1.291139 9.22318e-05
1.316456 3.517141e-06
1.341772 2.88805e-07
1.367089 3.22678e-06
1.392405 4.488278e-05
1.417722 0.0002043138
1.443038 0.0003853036
1.468354 0.0003853036
1.493671 0.0003853036
1.518987 0.0003157679
1.544304 0.0001267464
1.56962 4.238169e-05
1.594937 1.155386e-05
1.620253 5.531949e-06
1.64557 4.288675e-07
1.670886 1.440707e-07
1.696203 1.583281e-08
1.721519 3.757428e-08
1.746835 4.668797e-08
1.772152 3.326905e-09
1.797468 8.654731e-10
1.822785 8.654731e-10
1.848101 8.665559e-10
1.873418 1.073446e-09
1.898734 1.30899e-09
1.924051 1.228083e-09
1.949367 1.388398e-09
1.974684 5.087509e-09
2 8.741721e-09
