0.05063291 1
0.07594937 1
0.1012658 1
0.1265823 0.9999999
0.1518987 0.9999915
0.1772152 0.9994342
0.2025316 0.9534994
0.2278481 0.6648522
0.2531646 0.7240381
0.278481 0.121175
0.3037975 0.03905821
0.3291139 0.03905821
0.3544304 0.04714098
0.3797468 0.5824836
0.4050633 0.9805499
0.4303797 0.9960039
0.4556962 0.9960087
0.4810127 0.9960135
0.5063291 0.990872
0.5316456 0.8192176
0.556962 0.1951869
0.5822785 0.01692446
0.6075949 0.007392855
0.6329114 0.002665299
0.6582278 0.001035181
0.6835443 0.001033837
0.7088608 0.001103731
0.7341772 0.001215925
0.7594937 0.0009177498
0.7848101 0.0002587768
0.8101266 2.755835e-05
0.835443 1.016965e-05
0.8607595 1.056211e-05
0.8860759 1.323914e-05
0.9113924 1.557394e-05
0.9367089 8.17525e-05
0.9620253 0.0005095092
0.9873418 0.001065718
1.012658 0.0009293642
1.037975 8.441769e-05
1.063291 3.980677e-06
1.088608 3.712067e-07
1.113924 4.269413e-08
1.139241 6.139539e-09
1.164557 9.433e-10
1.189873 5.201885e-10
1.21519 5.54128e-10
1.240506 4.551292e-09
1.265823 2.997449e-08
1.291139 1.210334e-07
1.316456 2.049904e-07
1.341772 1.377369e-07
1.367089 2.518204e-08
1.392405 5.027094e-09
1.417722 1.437807e-09
1.443038 5.850603e-10
1.468354 6.207434e-10
1.493671 9.188278e-10
1.518987 8.5362e-10
1.544304 1.097024e-09
1.56962 1.85514e-08
1.594937 6.532076e-07
1.620253 1.523405e-06
1.64557 4.287329e-07
1.670886 1.639589e-08
1.696203 4.954491e-09
1.721519 2.925997e-08
1.746835 9.424965e-07
1.772152 9.039694e-06
1.797468 9.282508e-06
1.822785 2.519101e-06
1.848101 1.758329e-07
1.873418 1.373494e-09
1.898734 3.281472e-11
1.924051 3.33305e-10
1.949367 3.530335e-10
1.974684 2.961267e-10
2 3.202331e-10
