0.3544304 0.9999999
0.3797468 1
0.4050633 1
0.4303797 0.9999485
0.4556962 0.9901831
0.4810127 0.7586415
0.5063291 0.08522405
0.5316456 0.008582972
0.556962 0.0004809692
0.5822785 1.249116e-05
0.6075949 1.279531e-06
0.6329114 1.222525e-07
0.6582278 3.091482e-09
0.6835443 8.546551e-11
0.7088608 3.965768e-12
0.7341772 2.24921e-13
0.7594937 8.616954e-15
0.7848101 1.045024e-15
0.8101266 6.517912e-16
0.835443 1.719277e-15
0.8607595 8.745177e-15
0.8860759 6.730676e-14
0.9113924 3.46171e-13
0.9367089 9.200066e-13
0.9620253 1.400329e-12
0.9873418 1.476039e-12
1.012658 5.955152e-13
1.037975 1.921166e-13
1.063291 4.573093e-14
1.088608 1.254768e-14
1.113924 4.377605e-15
1.139241 2.030057e-15
1.164557 1.017094e-15
1.189873 4.692527e-16
1.21519 1.969739e-16
1.240506 7.452738e-17
1.265823 2.516844e-17
1.291139 7.504084e-18
1.316456 1.950628e-18
1.341772 4.353908e-19
1.367089 8.186005e-20
1.392405 1.264077e-20
1.417722 1.548277e-21
1.443038 1.430455e-22
1.468354 9.261519e-24
1.493671 3.842137e-25
1.518987 1.131129e-26
1.544304 5.614926e-28
1.56962 4.520299e-29
1.594937 4.088875e-30
1.620253 4.291759e-31
1.64557 4.8333e-32
1.670886 5.340971e-33
1.696203 5.423053e-34
1.721519 4.871076e-35
1.746835 3.774765e-36
1.772152 2.477302e-37
1.797468 1.360766e-38
1.822785 6.242254e-40
1.848101 2.416892e-41
1.873418 8.065509e-43
1.898734 2.376485e-44
1.924051 6.288694e-46
1.949367 1.451071e-47
1.974684 2.591502e-49
2 2.590157e-51
