0.5822785 1
0.6075949 1
0.6329114 1
0.6582278 1
0.6835443 1
0.7088608 1
0.7341772 1
0.7594937 1
0.7848101 1
0.8101266 1
0.835443 1
0.8607595 1
0.8860759 1
0.9113924 1
0.9367089 1
0.9620253 1
0.9873418 1
1.012658 1
1.037975 1
1.063291 1
1.088608 0.9999998
1.113924 0.9998838
1.139241 0.9887564
1.164557 0.776118
1.189873 0.03696273
1.21519 0.003311017
1.240506 0.0008334978
1.265823 2.843598e-05
1.291139 1.606266e-08
1.316456 2.608926e-13
1.341772 7.573756e-18
1.367089 1.944758e-23
1.392405 9.149445e-26
1.417722 9.167667e-27
1.443038 2.126898e-29
1.468354 1.508614e-29
1.493671 1.780222e-29
1.518987 1.619194e-29
1.544304 1.121558e-29
1.56962 5.820015e-30
1.594937 2.217538e-30
1.620253 6.197569e-31
1.64557 1.331232e-31
1.670886 2.327252e-32
1.696203 3.358632e-33
1.721519 3.893767e-34
1.746835 3.694497e-35
1.772152 3.161193e-36
1.797468 3.07725e-37
1.822785 3.993486e-38
1.848101 5.961947e-39
1.873418 7.793245e-40
1.898734 8.307318e-41
1.924051 7.285178e-42
1.949367 5.404198e-43
1.974684 3.400471e-44
2 1.591925e-45
