0.02531646 0.9999958
0.05063291 0.9998415
0.07594937 0.9999968
0.1012658 0.9999996
0.1265823 1
0.1518987 1
0.1772152 1
0.2025316 1
0.2278481 1
0.2531646 0.9999998
0.278481 0.9999967
0.3037975 0.9999992
0.3291139 0.9999996
0.3544304 0.9999964
0.3797468 0.9999995
0.4050633 0.9999999
0.4303797 1
0.4556962 1
0.4810127 1
0.5063291 1
0.5316456 0.9999997
0.556962 0.9998468
0.5822785 0.9869342
0.6075949 0.7771535
0.6329114 0.1215922
0.6582278 0.004869743
0.6835443 8.393381e-05
0.7088608 3.671789e-06
0.7341772 7.448765e-06
0.7594937 1.219983e-05
0.7848101 1.14803e-05
0.8101266 4.088264e-06
0.835443 2.971131e-08
0.8607595 1.021082e-09
0.8860759 7.632833e-10
0.9113924 3.468133e-09
0.9367089 9.771042e-10
0.9620253 3.178572e-14
0.9873418 9.23407e-17
1.012658 2.933311e-17
1.037975 1.416971e-17
1.063291 4.013736e-18
1.088608 1.875417e-18
1.113924 9.499063e-19
1.139241 4.316655e-19
1.164557 1.666256e-19
1.189873 5.391285e-20
1.21519 1.455851e-20
1.240506 3.27072e-21
1.265823 6.097028e-22
1.291139 9.428963e-23
1.316456 1.22128e-23
1.341772 1.391584e-24
1.367089 1.711407e-25
1.392405 3.591203e-26
1.417722 1.365477e-26
1.443038 6.262487e-27
1.468354 2.798665e-27
1.493671 1.146876e-27
1.518987 4.268202e-28
1.544304 1.400989e-28
1.56962 3.996896e-29
1.594937 1.115646e-29
1.620253 3.294474e-30
1.64557 9.686324e-31
1.670886 2.58796e-31
1.696203 5.8887e-32
1.721519 1.097088e-32
1.746835 1.65004e-33
1.772152 2.076005e-34
1.797468 2.62209e-35
1.822785 4.598043e-36
1.848101 1.132087e-36
1.873418 3.022511e-37
1.898734 7.727991e-38
1.924051 1.815659e-38
1.949367 3.713962e-39
1.974684 5.918118e-40
2 5.760954e-41
