0.1772152 1
0.2025316 0.9999999
0.2278481 1
0.2531646 0.9999999
0.278481 0.9999999
0.3037975 0.9999999
0.3291139 1
0.3544304 1
0.3797468 1
0.4050633 1
0.4303797 1
0.4556962 0.9999999
0.4810127 0.9999994
0.5063291 0.9999918
0.5316456 0.9997442
0.556962 0.9838868
0.5822785 0.533629
0.6075949 0.06406544
0.6329114 0.001600393
0.6582278 7.091503e-06
0.6835443 5.092604e-09
0.7088608 2.149715e-10
0.7341772 9.78523e-10
0.7594937 4.861711e-10
0.7848101 1.223828e-09
0.8101266 1.826897e-07
0.835443 8.61934e-07
0.8607595 1.268133e-06
0.8860759 3.125515e-06
0.9113924 6.805816e-06
0.9367089 2.989685e-06
0.9620253 3.834321e-07
0.9873418 2.796835e-08
1.012658 2.6665e-08
1.037975 2.6665e-08
1.063291 3.17153e-08
1.088608 1.673351e-08
1.113924 1.13237e-08
1.139241 2.51209e-08
1.164557 7.753838e-09
1.189873 5.646239e-09
1.21519 5.635225e-09
1.240506 5.732123e-09
1.265823 7.224545e-09
1.291139 1.146011e-08
1.316456 5.063396e-09
1.341772 4.960058e-10
1.367089 4.126478e-11
1.392405 1.924448e-11
1.417722 7.324731e-12
1.443038 2.27112e-12
1.468354 1.498767e-12
1.493671 1.134673e-12
1.518987 6.573455e-13
1.544304 3.202992e-13
1.56962 1.497936e-13
1.594937 6.374244e-14
1.620253 2.405329e-14
1.64557 8.81259e-15
1.670886 3.704871e-15
1.696203 1.881399e-15
1.721519 9.257353e-16
1.746835 3.991464e-16
1.772152 1.474005e-16
1.797468 4.559002e-17
1.822785 1.161721e-17
1.848101 2.48007e-18
1.873418 4.998159e-19
1.898734 1.145177e-19
1.924051 2.794153e-20
1.949367 5.589364e-21
1.974684 7.61685e-22
2 5.301747e-23
