0.3797468 0.9999999
0.4050633 1
0.4303797 1
0.4556962 0.9999998
0.4810127 0.9997505
0.5063291 0.9697581
0.5316456 0.5425815
0.556962 0.02292374
0.5822785 0.004577387
0.6075949 0.0002609116
0.6329114 2.549845e-05
0.6582278 1.112474e-06
0.6835443 4.607894e-08
0.7088608 1.084539e-09
0.7341772 2.523436e-11
0.7594937 9.207324e-13
0.7848101 2.893138e-14
0.8101266 1.368645e-15
0.835443 2.020381e-16
0.8607595 2.277031e-17
0.8860759 9.410909e-18
0.9113924 2.22069e-17
0.9367089 4.958314e-17
0.9620253 9.103967e-17
0.9873418 1.348938e-16
1.012658 1.592839e-16
1.037975 1.497495e-16
1.063291 1.143359e-16
1.088608 7.419936e-17
1.113924 4.333101e-17
1.139241 2.348866e-17
1.164557 1.188215e-17
1.189873 5.590055e-18
1.21519 2.435084e-18
1.240506 9.777901e-19
1.265823 3.601653e-19
1.291139 1.2098e-19
1.316456 3.677771e-20
1.341772 1.002112e-20
1.367089 2.418098e-21
1.392405 5.08974e-22
1.417722 9.16317e-23
1.443038 1.374207e-23
1.468354 1.653771e-24
1.493671 1.511521e-25
1.518987 9.633199e-27
1.544304 3.737109e-28
1.56962 8.291015e-30
1.594937 3.866752e-31
1.620253 3.770797e-32
1.64557 3.767193e-33
1.670886 4.050656e-34
1.696203 4.627028e-35
1.721519 5.342217e-36
1.746835 5.968963e-37
1.772152 6.291025e-38
1.797468 6.177672e-39
1.822785 5.617589e-40
1.848101 4.707902e-41
1.873418 3.60839e-42
1.898734 2.487828e-43
1.924051 1.492069e-44
1.949367 7.303504e-46
1.974684 2.579857e-47
2 4.878796e-49
