0.556962 1
0.5822785 1
0.6075949 1
0.6329114 1
0.6582278 1
0.6835443 1
0.7088608 1
0.7341772 1
0.7594937 1
0.7848101 1
0.8101266 1
0.835443 1
0.8607595 1
0.8860759 1
0.9113924 1
0.9367089 1
0.9620253 1
0.9873418 1
1.012658 1
1.037975 1
1.063291 1
1.088608 1
1.113924 0.9999988
1.139241 0.9992299
1.164557 0.9469151
1.189873 0.3366344
1.21519 0.02189657
1.240506 0.0003521425
1.265823 2.579025e-06
1.291139 3.329494e-09
1.316456 1.911547e-13
1.341772 1.499417e-17
1.367089 2.816035e-23
1.392405 2.112121e-32
1.417722 5.42006e-35
1.443038 4.636e-36
1.468354 8.867806e-44
1.493671 1.310193e-43
1.518987 1.687797e-43
1.544304 1.797413e-43
1.56962 1.467709e-43
1.594937 8.458859e-44
1.620253 3.093543e-44
1.64557 6.238512e-45
1.670886 5.899132e-46
1.696203 2.320492e-47
1.721519 4.662268e-49
1.746835 1.48175e-50
1.772152 8.898267e-52
1.797468 4.726837e-53
1.822785 2.362749e-54
1.848101 7.522507e-56
1.873418 6.888803e-58
1.898734 1.347116e-60
1.924051 3.098082e-63
1.949367 3.196124e-66
1.974684 7.657074e-70
2 2.659376e-74
