0.4050633 1
0.4303797 1
0.4556962 1
0.4810127 0.9999819
0.5063291 0.9989793
0.5316456 0.9808121
0.556962 0.7084949
0.5822785 0.04610772
0.6075949 0.001711046
0.6329114 0.0001062448
0.6582278 6.003285e-06
0.6835443 1.48726e-07
0.7088608 3.570186e-09
0.7341772 6.873249e-11
0.7594937 2.102105e-12
0.7848101 6.726232e-14
0.8101266 2.154073e-15
0.835443 3.123691e-16
0.8607595 3.372001e-17
0.8860759 3.065056e-18
0.9113924 3.31975e-18
0.9367089 8.3131e-18
0.9620253 1.739794e-17
0.9873418 2.927674e-17
1.012658 3.885566e-17
1.037975 4.022595e-17
1.063291 3.275277e-17
1.088608 2.185321e-17
1.113924 1.286198e-17
1.139241 6.981807e-18
1.164557 3.54001e-18
1.189873 1.670712e-18
1.21519 7.308558e-19
1.240506 2.948438e-19
1.265823 1.090503e-19
1.291139 3.671951e-20
1.316456 1.116561e-20
1.341772 3.037598e-21
1.367089 7.312947e-22
1.392405 1.536909e-22
1.417722 2.769886e-23
1.443038 4.177752e-24
1.468354 5.095484e-25
1.493671 4.775598e-26
1.518987 3.173983e-27
1.544304 1.315603e-28
1.56962 3.169548e-30
1.594937 1.435859e-31
1.620253 1.377549e-32
1.64557 1.26223e-33
1.670886 1.172336e-34
1.696203 1.139714e-35
1.721519 1.144806e-36
1.746835 1.1451e-37
1.772152 1.101725e-38
1.797468 9.954653e-40
1.822785 8.316399e-41
1.848101 6.347573e-42
1.873418 4.36964e-43
1.898734 2.662478e-44
1.924051 1.388999e-45
1.949367 5.843101e-47
1.974684 1.76413e-48
2 2.849329e-50
