0.2531646 1
0.278481 1
0.3037975 0.9999997
0.3291139 0.9999708
0.3544304 0.9991483
0.3797468 0.9655634
0.4050633 0.5381353
0.4303797 0.01871988
0.4556962 0.0007466484
0.4810127 4.394496e-05
0.5063291 1.989084e-06
0.5316456 5.563573e-08
0.556962 1.813508e-09
0.5822785 6.942762e-11
0.6075949 4.700101e-12
0.6329114 1.467474e-12
0.6582278 1.89307e-10
0.6835443 7.603667e-09
0.7088608 3.792515e-08
0.7341772 3.199661e-08
0.7594937 1.961575e-08
0.7848101 3.631111e-08
0.8101266 8.113157e-08
0.835443 4.147282e-09
0.8607595 1.016797e-09
0.8860759 1.113698e-09
0.9113924 7.505008e-10
0.9367089 1.491632e-10
0.9620253 9.74906e-13
0.9873418 5.403764e-14
1.012658 1.810268e-14
1.037975 8.421545e-15
1.063291 5.075255e-15
1.088608 2.909113e-15
1.113924 1.658751e-15
1.139241 8.555459e-16
1.164557 3.879767e-16
1.189873 1.542227e-16
1.21519 5.40601e-17
1.240506 1.702176e-17
1.265823 4.932895e-18
1.291139 1.335901e-18
1.316456 3.390568e-19
1.341772 8.056203e-20
1.367089 1.823546e-20
1.392405 4.39391e-21
1.417722 1.465428e-21
1.443038 7.458807e-22
1.468354 4.617141e-22
1.493671 2.946596e-22
1.518987 1.845923e-22
1.544304 1.119391e-22
1.56962 6.519343e-23
1.594937 3.621293e-23
1.620253 1.905863e-23
1.64557 9.442807e-24
1.670886 4.376305e-24
1.696203 1.884637e-24
1.721519 7.487997e-25
1.746835 2.72324e-25
1.772152 8.983805e-26
1.797468 2.659949e-26
1.822785 6.978344e-27
1.848101 1.59646e-27
1.873418 3.119617e-28
1.898734 5.061633e-29
1.924051 6.541391e-30
1.949367 6.298922e-31
1.974684 4.005175e-32
2 1.259014e-33
