0.02531646 1
0.05063291 1
0.07594937 1
0.1012658 1
0.1265823 1
0.1518987 0.9999999
0.1772152 0.9999991
0.2025316 0.9999965
0.2278481 0.9999963
0.2531646 0.9999982
0.278481 1
0.3037975 1
0.3291139 1
0.3544304 1
0.3797468 0.9999998
0.4050633 1
0.4303797 1
0.4556962 1
0.4810127 0.9999982
0.5063291 0.9998712
0.5316456 0.9979549
0.556962 0.995832
0.5822785 0.9871854
0.6075949 0.7615446
0.6329114 0.1285856
0.6582278 0.000979754
0.6835443 4.412831e-07
0.7088608 1.805188e-10
0.7341772 1.302288e-12
0.7594937 1.988329e-10
0.7848101 1.522709e-08
0.8101266 1.994229e-07
0.835443 3.042028e-07
0.8607595 1.314344e-07
0.8860759 1.113668e-08
0.9113924 4.894062e-09
0.9367089 5.014702e-09
0.9620253 1.182042e-08
0.9873418 1.236373e-08
1.012658 3.482039e-09
1.037975 1.685893e-09
1.063291 9.067184e-12
1.088608 3.364006e-12
1.113924 2.293256e-13
1.139241 2.784462e-16
1.164557 4.257899e-18
1.189873 9.993093e-20
1.21519 1.675336e-20
1.240506 2.758997e-21
1.265823 3.720927e-22
1.291139 4.033657e-23
1.316456 3.525949e-24
1.341772 2.603521e-25
1.367089 1.986194e-26
1.392405 2.459634e-27
1.417722 5.236599e-28
1.443038 1.323439e-28
1.468354 3.383699e-29
1.493671 8.621366e-30
1.518987 2.241475e-30
1.544304 6.005678e-31
1.56962 1.613606e-31
1.594937 4.172419e-32
1.620253 1.021468e-32
1.64557 2.390611e-33
1.670886 5.410351e-34
1.696203 1.198972e-34
1.721519 2.628649e-35
1.746835 5.764852e-36
1.772152 1.264893e-36
1.797468 2.77103e-37
1.822785 6.011276e-38
1.848101 1.277584e-38
1.873418 2.644381e-39
1.898734 5.302448e-40
1.924051 1.01177e-40
1.949367 1.762709e-41
1.974684 2.530575e-42
2 2.245147e-43
