0.02531646 1
0.05063291 1
0.07594937 0.9999977
0.1012658 0.9999999
0.1265823 1
0.1518987 1
0.1772152 1
0.2025316 1
0.2278481 1
0.2531646 1
0.278481 1
0.3037975 0.9999994
0.3291139 0.9999955
0.3544304 0.9999901
0.3797468 0.9999901
0.4050633 0.9999929
0.4303797 0.9999991
0.4556962 0.9999999
0.4810127 0.9999997
0.5063291 1
0.5316456 0.9999964
0.556962 0.9993601
0.5822785 0.9758077
0.6075949 0.580624
0.6329114 0.1541314
0.6582278 0.01167168
0.6835443 0.001163234
0.7088608 7.788205e-05
0.7341772 5.403969e-06
0.7594937 2.436801e-06
0.7848101 1.00911e-06
0.8101266 1.750193e-06
0.835443 2.23775e-08
0.8607595 7.376829e-10
0.8860759 3.120491e-10
0.9113924 2.743701e-11
0.9367089 3.230105e-13
0.9620253 4.398089e-15
0.9873418 4.640217e-17
1.012658 2.185565e-17
1.037975 1.352034e-17
1.063291 7.51179e-18
1.088608 3.534622e-18
1.113924 1.381242e-18
1.139241 4.473412e-19
1.164557 1.203685e-19
1.189873 2.697518e-20
1.21519 5.042352e-21
1.240506 7.870202e-22
1.265823 1.029946e-22
1.291139 1.159338e-23
1.316456 1.311161e-24
1.341772 2.642052e-25
1.367089 1.225798e-25
1.392405 7.322606e-26
1.417722 4.31143e-26
1.443038 2.336184e-26
1.468354 1.134009e-26
1.493671 4.907883e-27
1.518987 1.843427e-27
1.544304 5.809059e-28
1.56962 1.534426e-28
1.594937 3.424595e-29
1.620253 6.501644e-30
1.64557 1.070256e-30
1.670886 1.653138e-31
1.696203 2.86396e-32
1.721519 6.284247e-33
1.746835 1.58352e-33
1.772152 4.03579e-34
1.797468 1.011693e-34
1.822785 2.608112e-35
1.848101 7.143483e-36
1.873418 2.093627e-36
1.898734 6.276026e-37
1.924051 1.731617e-37
1.949367 3.855875e-38
1.974684 5.875023e-39
2 4.452115e-40
