0.4050633 1
0.4303797 1
0.4556962 1
0.4810127 1
0.5063291 1
0.5316456 1
0.556962 1
0.5822785 1
0.6075949 1
0.6329114 1
0.6582278 1
0.6835443 1
0.7088608 1
0.7341772 1
0.7594937 1
0.7848101 1
0.8101266 1
0.835443 1
0.8607595 1
0.8860759 1
0.9113924 1
0.9367089 1
0.9620253 1
0.9873418 1
1.012658 1
1.037975 1
1.063291 1
1.088608 1
1.113924 0.9999989
1.139241 0.9998124
1.164557 0.9905099
1.189873 0.8202589
1.21519 0.1763885
1.240506 0.008387135
1.265823 0.0001087399
1.291139 3.039518e-07
1.316456 8.61772e-11
1.341772 7.957107e-16
1.367089 4.464435e-23
1.392405 6.799275e-60
1.417722 1.788178e-59
1.443038 3.10963e-60
1.468354 2.013407e-65
1.493671 9.990324e-65
1.518987 3.507734e-64
1.544304 8.653159e-64
1.56962 1.478985e-63
1.594937 1.707141e-63
1.620253 1.275013e-63
1.64557 5.770059e-64
1.670886 1.45788e-64
1.696203 2.006826e-65
1.721519 1.001065e-66
1.746835 1.281432e-68
1.772152 9.004342e-71
1.797468 6.313161e-73
1.822785 3.735984e-75
1.848101 2.334156e-77
1.873418 1.553489e-79
1.898734 8.849867e-82
1.924051 3.833014e-84
1.949367 7.875755e-87
1.974684 4.920626e-90
2 8.660929e-95
