0.6329114 1
0.6582278 1
0.6835443 1
0.7088608 1
0.7341772 1
0.7594937 1
0.7848101 0.9999712
0.8101266 0.9946115
0.835443 0.8541287
0.8607595 0.2437675
0.8860759 0.006146233
0.9113924 0.000188313
0.9367089 4.797691e-06
0.9620253 5.644202e-08
0.9873418 3.180735e-10
1.012658 8.508117e-13
1.037975 2.175577e-14
1.063291 1.364448e-15
1.088608 2.396342e-16
1.113924 4.660399e-17
1.139241 5.977847e-18
1.164557 4.911492e-19
1.189873 3.530362e-20
1.21519 2.677587e-21
1.240506 1.974042e-22
1.265823 1.212615e-23
1.291139 4.840852e-25
1.316456 1.291877e-26
1.341772 1.247248e-28
1.367089 6.054707e-32
1.392405 3.251679e-34
1.417722 2.439061e-36
1.443038 7.996489e-39
1.468354 1.91882e-41
1.493671 8.046265e-43
1.518987 8.778478e-44
1.544304 8.175812e-45
1.56962 5.859084e-46
1.594937 3.234474e-47
1.620253 1.325395e-48
1.64557 3.777202e-50
1.670886 7.539803e-52
1.696203 9.109073e-54
1.721519 6.920917e-56
1.746835 2.922213e-58
1.772152 7.265838e-61
1.797468 1.249514e-63
1.822785 2.364982e-66
1.848101 1.127581e-68
1.873418 9.812116e-71
1.898734 1.00483e-72
1.924051 1.318438e-74
1.949367 1.862944e-76
1.974684 2.313753e-78
2 2.160082e-80
