0.02531646 1.000001
0.05063291 0.9999999
0.07594937 0.9999944
0.1012658 0.9999994
0.1265823 0.9999994
0.1518987 0.9999998
0.1772152 1
0.2025316 0.9999999
0.2278481 0.9986016
0.2531646 0.9678379
0.278481 0.9676756
0.3037975 0.9813673
0.3291139 0.994314
0.3544304 0.9996766
0.3797468 0.9996599
0.4050633 0.9810693
0.4303797 0.9774666
0.4556962 0.9716018
0.4810127 0.9671851
0.5063291 0.9951082
0.5316456 0.9737043
0.556962 0.9874669
0.5822785 0.9969345
0.6075949 0.9167488
0.6329114 0.272931
0.6582278 0.002497756
0.6835443 1.841581e-06
0.7088608 1.805781e-10
0.7341772 3.039818e-15
0.7594937 2.758517e-15
0.7848101 9.518644e-16
0.8101266 3.208713e-16
0.835443 1.227135e-16
0.8607595 4.827675e-17
0.8860759 2.308911e-17
0.9113924 1.454805e-17
0.9367089 1.070459e-17
0.9620253 7.89043e-18
0.9873418 5.380007e-18
1.012658 3.281651e-18
1.037975 1.760438e-18
1.063291 8.194519e-19
1.088608 3.249601e-19
1.113924 1.057035e-19
1.139241 2.596053e-20
1.164557 4.141224e-21
1.189873 4.700688e-22
1.21519 1.657927e-22
1.240506 6.217343e-23
1.265823 2.04852e-23
1.291139 5.815554e-24
1.316456 1.40539e-24
1.341772 2.858521e-25
1.367089 4.845685e-26
1.392405 6.790798e-27
1.417722 7.837491e-28
1.443038 7.542355e-29
1.468354 6.409933e-30
1.493671 5.537424e-31
1.518987 5.729005e-32
1.544304 7.230663e-33
1.56962 1.034532e-33
1.594937 1.607609e-34
1.620253 2.611366e-35
1.64557 4.218182e-36
1.670886 6.526479e-37
1.696203 9.517638e-38
1.721519 1.322404e-38
1.746835 1.79736e-39
1.772152 2.430835e-40
1.797468 3.221827e-41
1.822785 4.132425e-42
1.848101 5.400395e-43
1.873418 7.634638e-44
1.898734 1.088078e-44
1.924051 1.394534e-45
1.949367 1.454316e-46
1.974684 1.079248e-47
2 4.211607e-49
