0.02531646 1
0.05063291 1
0.07594937 1
0.1012658 1
0.1265823 1
0.1518987 1
0.1772152 1
0.2025316 1
0.2278481 1
0.2531646 1
0.278481 0.9999999
0.3037975 0.9999996
0.3291139 0.9999878
0.3544304 0.9999863
0.3797468 0.9999985
0.4050633 0.9999999
0.4303797 1
0.4556962 1
0.4810127 1
0.5063291 1
0.5316456 1
0.556962 0.9999599
0.5822785 0.991004
0.6075949 0.7677585
0.6329114 0.1512903
0.6582278 0.003020475
0.6835443 1.379211e-05
0.7088608 6.648325e-08
0.7341772 4.376339e-07
0.7594937 7.400373e-06
0.7848101 2.683065e-05
0.8101266 5.688131e-07
0.835443 1.230821e-07
0.8607595 1.691122e-07
0.8860759 4.685777e-07
0.9113924 1.743642e-06
0.9367089 1.394811e-07
0.9620253 1.741925e-10
0.9873418 1.321086e-10
1.012658 1.37999e-12
1.037975 3.610254e-15
1.063291 1.339214e-17
1.088608 1.661654e-18
1.113924 4.252193e-19
1.139241 1.311071e-19
1.164557 4.748712e-20
1.189873 1.673528e-20
1.21519 5.11737e-21
1.240506 1.30857e-21
1.265823 2.779209e-22
1.291139 4.935023e-23
1.316456 7.480091e-24
1.341772 1.017742e-24
1.367089 1.411358e-25
1.392405 2.582619e-26
1.417722 7.489596e-27
1.443038 2.943339e-27
1.468354 1.28118e-27
1.493671 5.598913e-28
1.518987 2.339195e-28
1.544304 9.107039e-29
1.56962 3.233507e-29
1.594937 1.035647e-29
1.620253 3.093251e-30
1.64557 8.915366e-31
1.670886 2.506117e-31
1.696203 6.897241e-32
1.721519 1.877932e-32
1.746835 5.198171e-33
1.772152 1.506836e-33
1.797468 4.598043e-34
1.822785 1.376193e-34
1.848101 3.611239e-35
1.873418 7.778404e-36
1.898734 1.342642e-36
1.924051 1.881007e-37
1.949367 2.250669e-38
1.974684 2.508099e-39
2 2.641353e-40
