0.02531646 0.9999429
0.05063291 0.9999971
0.07594937 1
0.1012658 1
0.1265823 1
0.1518987 1
0.1772152 1
0.2025316 1
0.2278481 1
0.2531646 1
0.278481 1
0.3037975 0.9999997
0.3291139 0.9999998
0.3544304 0.9999999
0.3797468 1
0.4050633 1
0.4303797 1
0.4556962 1
0.4810127 1
0.5063291 1
0.5316456 1
0.556962 0.999972
0.5822785 0.9902344
0.6075949 0.7480356
0.6329114 0.1580971
0.6582278 0.001223958
0.6835443 2.058007e-06
0.7088608 1.664216e-09
0.7341772 4.221691e-10
0.7594937 3.839967e-10
0.7848101 1.686827e-08
0.8101266 4.04612e-07
0.835443 9.815522e-07
0.8607595 1.01435e-06
0.8860759 2.824963e-07
0.9113924 9.285339e-08
0.9367089 1.742249e-07
0.9620253 3.723789e-07
0.9873418 2.392469e-07
1.012658 1.624527e-08
1.037975 5.608911e-12
1.063291 3.290846e-16
1.088608 4.192603e-17
1.113924 1.670182e-18
1.139241 3.190984e-19
1.164557 5.917031e-20
1.189873 9.214596e-21
1.21519 1.402414e-21
1.240506 2.458677e-22
1.265823 4.865868e-23
1.291139 9.212471e-24
1.316456 1.523154e-24
1.341772 2.270515e-25
1.367089 3.488546e-26
1.392405 6.41373e-27
1.417722 1.504891e-27
1.443038 4.496009e-28
1.468354 1.597895e-28
1.493671 6.096836e-29
1.518987 2.326294e-29
1.544304 8.517209e-30
1.56962 2.902144e-30
1.594937 9.067721e-31
1.620253 2.646736e-31
1.64557 7.371596e-32
1.670886 1.968881e-32
1.696203 5.070907e-33
1.721519 1.264407e-33
1.746835 3.072334e-34
1.772152 7.357782e-35
1.797468 1.76769e-35
1.822785 4.318638e-36
1.848101 1.042722e-36
1.873418 2.351846e-37
1.898734 4.992871e-38
1.924051 1.009316e-38
1.949367 1.925993e-39
1.974684 3.308566e-40
2 4.067953e-41
