0.5822785 1
0.6075949 1
0.6329114 1
0.6582278 1
0.6835443 1
0.7088608 1
0.7341772 1
0.7594937 1
0.7848101 1
0.8101266 1
0.835443 1
0.8607595 1
0.8860759 1
0.9113924 1
0.9367089 1
0.9620253 1
0.9873418 1
1.012658 1
1.037975 1
1.063291 1
1.088608 1
1.113924 0.9999832
1.139241 0.9942061
1.164557 0.6989346
1.189873 0.3125965
1.21519 0.002010275
1.240506 0.0001336002
1.265823 7.77132e-07
1.291139 4.318161e-10
1.316456 7.852396e-14
1.341772 5.280028e-17
1.367089 2.230246e-23
1.392405 2.237456e-27
1.417722 5.404176e-28
1.443038 4.18854e-30
1.468354 3.653909e-34
1.493671 8.316212e-34
1.518987 1.453428e-33
1.544304 1.95716e-33
1.56962 2.05181e-33
1.594937 1.671926e-33
1.620253 1.020262e-33
1.64557 4.370095e-34
1.670886 1.236714e-34
1.696203 2.302071e-35
1.721519 3.040456e-36
1.746835 3.348892e-37
1.772152 3.317743e-38
1.797468 2.695709e-39
1.822785 1.790011e-40
1.848101 1.081367e-41
1.873418 5.833979e-43
1.898734 2.425867e-44
1.924051 8.139594e-46
1.949367 2.283229e-47
1.974684 5.577341e-49
2 1.120252e-50
