0.5063291 1
0.5316456 1
0.556962 1
0.5822785 1
0.6075949 0.999998
0.6329114 0.9997541
0.6582278 0.99245
0.6835443 0.8731715
0.7088608 0.1841435
0.7341772 0.002957133
0.7594937 0.0001271136
0.7848101 7.29979e-06
0.8101266 1.45592e-07
0.835443 1.645e-09
0.8607595 1.279436e-11
0.8860759 1.66345e-13
0.9113924 2.817003e-15
0.9367089 2.313268e-16
0.9620253 1.070103e-17
0.9873418 1.726888e-19
1.012658 5.728858e-22
1.037975 1.429344e-25
1.063291 8.512983e-31
1.088608 3.189694e-35
1.113924 5.840829e-38
1.139241 3.074781e-40
1.164557 2.574676e-42
1.189873 2.114902e-44
1.21519 1.555564e-46
1.240506 3.052026e-48
1.265823 1.741751e-49
1.291139 9.844296e-51
1.316456 4.840971e-52
1.341772 2.106045e-53
1.367089 8.493035e-55
1.392405 3.369235e-56
1.417722 1.357099e-57
1.443038 5.523658e-59
1.468354 2.293017e-60
1.493671 1.024781e-61
1.518987 5.148927e-63
1.544304 2.837932e-64
1.56962 1.616585e-65
1.594937 9.125757e-67
1.620253 4.992279e-68
1.64557 2.60973e-69
1.670886 1.289183e-70
1.696203 5.986285e-72
1.721519 2.627836e-73
1.746835 1.116454e-74
1.772152 4.763983e-76
1.797468 2.106863e-77
1.822785 9.694302e-79
1.848101 4.549197e-80
1.873418 2.103508e-81
1.898734 9.138225e-83
1.924051 3.499978e-84
1.949367 1.085629e-85
1.974684 2.383395e-87
2 2.741753e-89
