0.3037975 1
0.3291139 1
0.3544304 0.9999968
0.3797468 0.9994744
0.4050633 0.9866034
0.4303797 0.8510004
0.4556962 0.07826849
0.4810127 0.002552588
0.5063291 0.0004296082
0.5316456 2.436031e-05
0.556962 4.293858e-07
0.5822785 2.776624e-08
0.6075949 8.349864e-10
0.6329114 2.568759e-11
0.6582278 1.824465e-12
0.6835443 1.32365e-13
0.7088608 4.870041e-14
0.7341772 3.866725e-12
0.7594937 1.293121e-10
0.7848101 1.004598e-09
0.8101266 2.674846e-09
0.835443 3.63363e-09
0.8607595 3.551185e-09
0.8860759 1.546415e-09
0.9113924 2.512388e-10
0.9367089 1.040673e-10
0.9620253 4.24563e-11
0.9873418 5.301823e-13
1.012658 7.434269e-14
1.037975 1.058369e-14
1.063291 2.070862e-15
1.088608 8.852435e-16
1.113924 3.374597e-16
1.139241 1.118689e-16
1.164557 3.26213e-17
1.189873 8.44948e-18
1.21519 1.954555e-18
1.240506 4.086253e-19
1.265823 7.850174e-20
1.291139 1.406585e-20
1.316456 2.365543e-21
1.341772 3.737523e-22
1.367089 5.609708e-23
1.392405 8.307166e-24
1.417722 1.304101e-24
1.443038 2.397926e-25
1.468354 5.589124e-26
1.493671 1.623316e-26
1.518987 5.366679e-27
1.544304 1.858417e-27
1.56962 6.404125e-28
1.594937 2.133872e-28
1.620253 6.76653e-29
1.64557 2.024033e-29
1.670886 5.68098e-30
1.696203 1.49034e-30
1.721519 3.640253e-31
1.746835 8.239783e-32
1.772152 1.717462e-32
1.797468 3.267967e-33
1.822785 5.610113e-34
1.848101 8.552511e-35
1.873418 1.133405e-35
1.898734 1.267906e-36
1.924051 1.14741e-37
1.949367 7.857334e-39
1.974684 3.612296e-40
2 8.346848e-42
