0.02531646 0.9999994
0.05063291 1
0.07594937 1
0.1012658 1
0.1265823 1
0.1518987 1
0.1772152 1
0.2025316 1
0.2278481 1
0.2531646 1
0.278481 1
0.3037975 1
0.3291139 1
0.3544304 1
0.3797468 1
0.4050633 1
0.4303797 1
0.4556962 1
0.4810127 1
0.5063291 0.9999997
0.5316456 0.9999331
0.556962 0.9959449
0.5822785 0.9448624
0.6075949 0.747986
0.6329114 0.06785444
0.6582278 0.003874744
0.6835443 0.004748384
0.7088608 0.001514406
0.7341772 0.0004399367
0.7594937 1.281851e-05
0.7848101 1.287018e-06
0.8101266 8.828396e-07
0.835443 1.254513e-08
0.8607595 5.619751e-09
0.8860759 1.278575e-10
0.9113924 2.575176e-13
0.9367089 5.101751e-16
0.9620253 1.263564e-16
0.9873418 4.851407e-17
1.012658 2.565219e-17
1.037975 1.205706e-17
1.063291 4.712519e-18
1.088608 1.514677e-18
1.113924 4.017114e-19
1.139241 8.85167e-20
1.164557 1.632788e-20
1.189873 2.542245e-21
1.21519 3.382608e-22
1.240506 3.990578e-23
1.265823 5.040306e-24
1.291139 1.276429e-24
1.316456 7.437756e-25
1.341772 5.35095e-25
1.367089 3.732483e-25
1.392405 2.378172e-25
1.417722 1.350439e-25
1.443038 6.799168e-26
1.468354 3.048628e-26
1.493671 1.216214e-26
1.518987 4.313947e-27
1.544304 1.372578e-27
1.56962 3.987241e-28
1.594937 1.083903e-28
1.620253 2.847561e-29
1.64557 7.493689e-30
1.670886 2.025273e-30
1.696203 5.613627e-31
1.721519 1.558101e-31
1.746835 4.2159e-32
1.772152 1.09635e-32
1.797468 2.746831e-33
1.822785 6.780245e-34
1.848101 1.673814e-34
1.873418 4.023428e-35
1.898734 8.736149e-36
1.924051 1.555885e-36
1.949367 2.231372e-37
1.974684 3.237369e-38
2 5.882271e-39
