0.1265823 1
0.1518987 1
0.1772152 1
0.2025316 1
0.2278481 1
0.2531646 1
0.278481 1
0.3037975 1
0.3291139 1
0.3544304 1
0.3797468 1
0.4050633 1
0.4303797 1
0.4556962 1
0.4810127 1
0.5063291 1
0.5316456 1
0.556962 0.9999999
0.5822785 0.9999985
0.6075949 0.9999503
0.6329114 0.9984609
0.6582278 0.9090179
0.6835443 0.3034376
0.7088608 0.020194
0.7341772 0.0001722785
0.7594937 1.533102e-07
0.7848101 1.841274e-10
0.8101266 1.851578e-10
0.835443 5.187462e-10
0.8607595 1.477123e-09
0.8860759 1.154091e-08
0.9113924 4.776958e-09
0.9367089 4.874134e-09
0.9620253 4.776958e-09
0.9873418 4.776958e-09
1.012658 1.302727e-08
1.037975 1.330037e-06
1.063291 2.128504e-05
1.088608 0.0001047619
1.113924 2.707572e-05
1.139241 2.058925e-07
1.164557 1.434599e-08
1.189873 2.306228e-08
1.21519 3.1644e-07
1.240506 2.338944e-06
1.265823 2.672596e-07
1.291139 2.336408e-09
1.316456 2.336408e-09
1.341772 2.336409e-09
1.367089 2.403722e-09
1.392405 3.42391e-09
1.417722 3.109761e-09
1.443038 1.819788e-09
1.468354 1.475065e-09
1.493671 4.694756e-10
1.518987 2.10655e-10
1.544304 1.708758e-10
1.56962 1.18451e-10
1.594937 5.715778e-11
1.620253 2.416522e-11
1.64557 8.332733e-12
1.670886 2.053682e-12
1.696203 3.336531e-13
1.721519 3.261922e-14
1.746835 2.4895e-15
1.772152 5.685737e-16
1.797468 1.622017e-16
1.822785 4.299052e-17
1.848101 1.08439e-17
1.873418 2.857863e-18
1.898734 7.973607e-19
1.924051 1.996698e-19
1.949367 3.798732e-20
1.974684 4.860774e-21
2 3.172007e-22
