0.02531646 1
0.05063291 0.9997165
0.07594937 0.9999507
0.1012658 0.9994443
0.1265823 0.9990512
0.1518987 0.9999173
0.1772152 0.9999636
0.2025316 0.999467
0.2278481 0.9852452
0.2531646 0.9837327
0.278481 0.9954087
0.3037975 0.9997185
0.3291139 0.999921
0.3544304 0.9996143
0.3797468 0.9996458
0.4050633 0.9975759
0.4303797 0.928117
0.4556962 0.8367709
0.4810127 0.9749596
0.5063291 0.9839884
0.5316456 0.9171593
0.556962 0.9415477
0.5822785 0.974049
0.6075949 0.8568791
0.6329114 0.2220051
0.6582278 0.008838342
0.6835443 0.0003983633
0.7088608 0.0003566562
0.7341772 0.000176867
0.7594937 2.667492e-05
0.7848101 9.388622e-06
0.8101266 9.937919e-06
0.835443 2.667203e-05
0.8607595 3.417139e-05
0.8860759 1.175374e-05
0.9113924 6.571882e-07
0.9367089 4.826848e-08
0.9620253 9.108961e-08
0.9873418 6.944014e-07
1.012658 1.566726e-06
1.037975 1.535617e-06
1.063291 9.137192e-07
1.088608 2.035793e-06
1.113924 3.189452e-06
1.139241 1.695779e-05
1.164557 1.889868e-05
1.189873 5.472592e-06
1.21519 2.133938e-06
1.240506 4.682607e-07
1.265823 3.638843e-08
1.291139 3.125838e-08
1.316456 3.125851e-08
1.341772 3.125866e-08
1.367089 3.125881e-08
1.392405 3.45109e-08
1.417722 2.471584e-07
1.443038 6.305974e-06
1.468354 6.371419e-05
1.493671 8.167628e-05
1.518987 8.051227e-05
1.544304 3.375295e-05
1.56962 3.365412e-06
1.594937 4.874922e-08
1.620253 1.740057e-09
1.64557 4.198744e-10
1.670886 5.628609e-10
1.696203 1.291279e-09
1.721519 2.238521e-09
1.746835 2.045983e-09
1.772152 1.366141e-09
1.797468 7.564845e-10
1.822785 5.511261e-10
1.848101 5.590623e-10
1.873418 5.702413e-10
1.898734 5.284319e-10
1.924051 3.69766e-10
1.949367 1.581496e-10
1.974684 3.442882e-11
2 3.026276e-12
