0.4050633 1
0.4303797 1
0.4556962 1
0.4810127 1
0.5063291 1
0.5316456 1
0.556962 1
0.5822785 1
0.6075949 1
0.6329114 1
0.6582278 1
0.6835443 1
0.7088608 1
0.7341772 1
0.7594937 1
0.7848101 1
0.8101266 1
0.835443 1
0.8607595 1
0.8860759 1
0.9113924 1
0.9367089 1
0.9620253 1
0.9873418 1
1.012658 1
1.037975 1
1.063291 1
1.088608 1
1.113924 0.9999999
1.139241 0.9998915
1.164557 0.9831967
1.189873 0.6871579
1.21519 0.05250859
1.240506 0.0001615714
1.265823 1.384196e-41
1.291139 1.947534e-41
1.316456 2.732485e-41
1.341772 1.087985e-41
1.367089 1.186904e-42
1.392405 1.735027e-76
1.417722 3.120037e-82
1.443038 9.224614e-83
1.468354 2.466732e-83
1.493671 4.309204e-84
1.518987 4.83634e-85
1.544304 3.519097e-86
1.56962 1.692334e-87
1.594937 4.999008e-89
1.620253 7.201682e-91
1.64557 2.793271e-93
1.670886 1.131785e-96
1.696203 7.165827e-101
1.721519 3.227221e-105
1.746835 8.642475e-110
1.772152 1.442053e-114
1.797468 1.330576e-119
1.822785 1.153374e-124
1.848101 7.027599e-130
1.873418 7.264734e-136
1.898734 1.557121e-152
1.924051 2.776234e-170
1.949367 5.081066e-184
1.974684 1.403997e-197
2 3.265432e-226
