0.7594937 1
0.7848101 1
0.8101266 1
0.835443 1
0.8607595 1
0.8860759 1
0.9113924 1
0.9367089 1
0.9620253 1
0.9873418 1
1.012658 1
1.037975 0.9999638
1.063291 0.9935636
1.088608 0.832182
1.113924 0.1672479
1.139241 0.003091862
1.164557 0.0001254971
1.189873 4.492873e-06
1.21519 3.537382e-07
1.240506 1.525646e-09
1.265823 6.488848e-13
1.291139 7.360126e-16
1.316456 1.409887e-17
1.341772 1.080191e-19
1.367089 7.845916e-23
1.392405 5.179332e-26
1.417722 2.742083e-26
1.443038 2.079032e-26
1.468354 1.388025e-26
1.493671 7.901836e-27
1.518987 3.781329e-27
1.544304 1.500266e-27
1.56962 4.81331e-28
1.594937 1.164141e-28
1.620253 1.804312e-29
1.64557 1.268748e-30
1.670886 2.044692e-32
1.696203 1.120095e-34
1.721519 1.899616e-35
1.746835 2.947469e-36
1.772152 3.350084e-37
1.797468 2.884946e-38
1.822785 1.963943e-39
1.848101 1.095566e-40
1.873418 5.294222e-42
1.898734 2.266998e-43
1.924051 8.742079e-45
1.949367 3.137146e-46
1.974684 1.080718e-47
2 3.476863e-49
