0.1265823 1
0.1518987 1
0.1772152 1
0.2025316 1
0.2278481 1
0.2531646 1
0.278481 1
0.3037975 1
0.3291139 1
0.3544304 1
0.3797468 1
0.4050633 1
0.4303797 1
0.4556962 1
0.4810127 1
0.5063291 1
0.5316456 1
0.556962 1
0.5822785 0.9999992
0.6075949 0.9999685
0.6329114 0.9988508
0.6582278 0.9526515
0.6835443 0.4524045
0.7088608 0.0296858
0.7341772 0.000243956
0.7594937 2.114125e-07
0.7848101 1.972049e-10
0.8101266 1.976145e-10
0.835443 3.848941e-10
0.8607595 1.562187e-09
0.8860759 2.511967e-08
0.9113924 4.776958e-09
0.9367089 4.776958e-09
0.9620253 4.776958e-09
0.9873418 4.776958e-09
1.012658 6.227337e-09
1.037975 2.43667e-07
1.063291 5.807563e-06
1.088608 0.0001047619
1.113924 7.926073e-05
1.139241 1.204687e-06
1.164557 1.43461e-08
1.189873 1.434622e-08
1.21519 7.064615e-08
1.240506 2.467172e-07
1.265823 3.84006e-07
1.291139 2.589353e-09
1.316456 2.336409e-09
1.341772 2.336409e-09
1.367089 2.33641e-09
1.392405 3.257505e-09
1.417722 4.689398e-09
1.443038 1.568931e-09
1.468354 6.242752e-10
1.493671 5.361233e-10
1.518987 2.340259e-10
1.544304 1.489622e-10
1.56962 9.484391e-11
1.594937 4.227376e-11
1.620253 1.580909e-11
1.64557 5.081203e-12
1.670886 1.245801e-12
1.696203 2.144515e-13
1.721519 2.46202e-14
1.746835 2.470078e-15
1.772152 5.475168e-16
1.797468 1.454681e-16
1.822785 3.690284e-17
1.848101 9.288306e-18
1.873418 2.571146e-18
1.898734 7.463236e-19
1.924051 1.914676e-19
1.949367 3.710369e-20
1.974684 4.816713e-21
2 3.190053e-22
