0.7594937 1
0.7848101 1
0.8101266 1
0.835443 1
0.8607595 1
0.8860759 1
0.9113924 1
0.9367089 1
0.9620253 1
0.9873418 1
1.012658 1
1.037975 1
1.063291 0.9999451
1.088608 0.9906617
1.113924 0.7882365
1.139241 0.1305615
1.164557 0.002225575
1.189873 6.029733e-05
1.21519 2.839554e-07
1.240506 2.239502e-09
1.265823 2.287623e-11
1.291139 2.241244e-14
1.316456 4.635186e-17
1.341772 2.4064e-19
1.367089 4.189426e-23
1.392405 5.499855e-26
1.417722 1.171073e-26
1.443038 8.911792e-27
1.468354 6.460169e-27
1.493671 3.928668e-27
1.518987 1.975214e-27
1.544304 8.125813e-28
1.56962 2.717569e-28
1.594937 7.227875e-29
1.620253 1.418095e-29
1.64557 1.737104e-30
1.670886 9.622008e-32
1.696203 1.498792e-33
1.721519 2.18034e-35
1.746835 3.300168e-36
1.772152 5.663487e-37
1.797468 7.681684e-38
1.822785 8.049016e-39
1.848101 6.782646e-40
1.873418 4.764715e-41
1.898734 2.931456e-42
1.924051 1.635449e-43
1.949367 8.428813e-45
1.974684 4.083588e-46
2 1.739191e-47
