0.02531646 1
0.05063291 0.9999996
0.07594937 0.9999891
0.1012658 0.999988
0.1265823 0.9999871
0.1518987 0.9999039
0.1772152 0.9946966
0.2025316 0.7833065
0.2278481 0.6700195
0.2531646 0.9667783
0.278481 0.9993924
0.3037975 0.9876839
0.3291139 0.9357933
0.3544304 0.9852667
0.3797468 0.9768542
0.4050633 0.7961936
0.4303797 0.9041496
0.4556962 0.9830045
0.4810127 0.9856769
0.5063291 0.9815009
0.5316456 0.8507248
0.556962 0.2684976
0.5822785 0.01021732
0.6075949 0.000410548
0.6329114 2.815506e-05
0.6582278 7.034822e-06
0.6835443 1.163042e-05
0.7088608 2.947904e-05
0.7341772 1.233927e-05
0.7594937 4.634238e-06
0.7848101 6.767488e-05
0.8101266 0.0003426375
0.835443 0.0003924897
0.8607595 0.0003924897
0.8860759 0.0001612322
0.9113924 4.849406e-06
0.9367089 5.194582e-08
0.9620253 5.119672e-09
0.9873418 5.119672e-09
1.012658 5.119672e-09
1.037975 5.572517e-09
1.063291 2.836768e-08
1.088608 1.068751e-07
1.113924 1.82402e-07
1.139241 1.175349e-07
1.164557 8.921995e-07
1.189873 2.378052e-06
1.21519 3.228238e-06
1.240506 1.274849e-06
1.265823 1.239628e-07
1.291139 6.304555e-09
1.316456 5.117266e-09
1.341772 5.117266e-09
1.367089 5.11826e-09
1.392405 5.117267e-09
1.417722 5.117267e-09
1.443038 6.552572e-09
1.468354 1.617157e-08
1.493671 1.726476e-08
1.518987 2.502481e-08
1.544304 2.458456e-08
1.56962 1.199365e-08
1.594937 5.905822e-09
1.620253 1.081169e-09
1.64557 1.081169e-09
1.670886 2.939686e-09
1.696203 1.746397e-08
1.721519 5.122631e-09
1.746835 5.122631e-09
1.772152 8.336056e-09
1.797468 1.632127e-07
1.822785 8.086947e-08
1.848101 3.022988e-08
1.873418 2.108716e-07
1.898734 1.245628e-06
1.924051 3.301836e-06
1.949367 1.343915e-05
1.974684 3.375727e-05
2 3.466962e-05
