0.1518987 1
0.1772152 1
0.2025316 1
0.2278481 1
0.2531646 1
0.278481 1
0.3037975 1
0.3291139 1
0.3544304 1
0.3797468 1
0.4050633 0.9999999
0.4303797 0.9999999
0.4556962 1
0.4810127 1
0.5063291 1
0.5316456 0.9999999
0.556962 0.9999922
0.5822785 0.9995163
0.6075949 0.9653059
0.6329114 0.37732
0.6582278 0.03302119
0.6835443 0.0007551548
0.7088608 4.076555e-06
0.7341772 4.020759e-09
0.7594937 1.874839e-10
0.7848101 8.863685e-09
0.8101266 3.149809e-09
0.835443 4.279433e-10
0.8607595 9.756064e-10
0.8860759 7.92424e-09
0.9113924 8.906035e-09
0.9367089 4.840686e-08
0.9620253 6.660505e-07
0.9873418 1.56545e-05
1.012658 1.879081e-05
1.037975 3.521404e-06
1.063291 6.304478e-07
1.088608 1.192328e-06
1.113924 8.897376e-07
1.139241 2.211223e-07
1.164557 1.357032e-06
1.189873 2.670618e-08
1.21519 1.924557e-07
1.240506 1.775795e-06
1.265823 2.576236e-06
1.291139 9.930822e-07
1.316456 1.552951e-08
1.341772 1.678495e-09
1.367089 2.956229e-09
1.392405 2.526981e-09
1.417722 2.440104e-10
1.443038 2.474288e-11
1.468354 2.87492e-11
1.493671 2.731422e-11
1.518987 1.587525e-11
1.544304 8.131216e-12
1.56962 3.950011e-12
1.594937 1.636316e-12
1.620253 5.658532e-13
1.64557 1.653263e-13
1.670886 4.123852e-14
1.696203 9.69161e-15
1.721519 2.829643e-15
1.746835 1.134345e-15
1.772152 4.104589e-16
1.797468 1.209948e-16
1.822785 2.831223e-17
1.848101 5.374549e-18
1.873418 1.013381e-18
1.898734 2.550977e-19
1.924051 6.980498e-20
1.949367 1.512165e-20
1.974684 2.216565e-21
2 1.642894e-22
