0.02531646 1
0.05063291 0.999995
0.07594937 0.9994651
0.1012658 0.9990592
0.1265823 0.9998754
0.1518987 0.9999969
0.1772152 0.9999516
0.2025316 0.9990775
0.2278481 0.9995491
0.2531646 0.9996488
0.278481 0.9983644
0.3037975 0.9507543
0.3291139 0.5201027
0.3544304 0.8271292
0.3797468 0.9906498
0.4050633 0.9961569
0.4303797 0.9932089
0.4556962 0.9012763
0.4810127 0.642487
0.5063291 0.7142841
0.5316456 0.9434718
0.556962 0.932452
0.5822785 0.5785854
0.6075949 0.09955
0.6329114 0.004284445
0.6582278 9.23163e-05
0.6835443 3.727616e-05
0.7088608 3.728166e-05
0.7341772 3.728799e-05
0.7594937 3.869013e-05
0.7848101 0.0003212531
0.8101266 0.0007030025
0.835443 0.0004442334
0.8607595 8.600493e-05
0.8860759 2.960508e-05
0.9113924 1.095066e-05
0.9367089 2.943501e-05
0.9620253 0.0001300216
0.9873418 0.0001110337
1.012658 3.838594e-05
1.037975 3.98179e-06
1.063291 1.257286e-07
1.088608 9.35988e-08
1.113924 9.364282e-08
1.139241 9.368721e-08
1.164557 9.372842e-08
1.189873 9.376998e-08
1.21519 9.380784e-08
1.240506 9.385805e-08
1.265823 2.932381e-07
1.291139 4.479063e-07
1.316456 1.905654e-07
1.341772 4.818752e-08
1.367089 7.992028e-08
1.392405 2.865673e-07
1.417722 7.785919e-07
1.443038 5.956196e-07
1.468354 3.421781e-07
1.493671 1.04536e-07
1.518987 4.547064e-08
1.544304 9.219793e-08
1.56962 4.445068e-07
1.594937 7.512997e-07
1.620253 5.590286e-07
1.64557 2.989658e-07
1.670886 1.356587e-07
1.696203 3.313073e-08
1.721519 5.108908e-09
1.746835 9.425814e-10
1.772152 1.320327e-09
1.797468 1.039658e-09
1.822785 1.604673e-09
1.848101 1.527379e-08
1.873418 1.096199e-07
1.898734 1.562746e-07
1.924051 4.717945e-07
1.949367 8.157799e-08
1.974684 1.05772e-08
2 8.818916e-08
