0.4050633 1
0.4303797 1
0.4556962 1
0.4810127 1
0.5063291 0.9999873
0.5316456 0.9985497
0.556962 0.9614029
0.5822785 0.6562379
0.6075949 0.02358891
0.6329114 0.00034487
0.6582278 2.131228e-05
0.6835443 2.951368e-06
0.7088608 1.002508e-07
0.7341772 1.931554e-09
0.7594937 3.115994e-11
0.7848101 7.453883e-13
0.8101266 2.072831e-14
0.835443 1.129555e-15
0.8607595 1.535216e-16
0.8860759 1.218893e-17
0.9113924 4.755312e-19
0.9367089 8.441266e-21
0.9620253 1.941737e-21
0.9873418 4.946482e-21
1.012658 1.002066e-20
1.037975 1.516327e-20
1.063291 1.636789e-20
1.088608 1.226579e-20
1.113924 6.991284e-21
1.139241 3.442403e-21
1.164557 1.56696e-21
1.189873 6.740303e-22
1.21519 2.69863e-22
1.240506 1.006111e-22
1.265823 3.454527e-23
1.291139 1.083487e-23
1.316456 3.081691e-24
1.341772 7.850057e-25
1.367089 1.775231e-25
1.392405 3.501232e-26
1.417722 5.916277e-27
1.443038 8.333345e-28
1.468354 9.506431e-29
1.493671 8.55796e-30
1.518987 6.243996e-31
1.544304 4.562798e-32
1.56962 4.484103e-33
1.594937 4.883592e-34
1.620253 4.545351e-35
1.64557 3.568159e-36
1.670886 2.353467e-37
1.696203 1.302505e-38
1.721519 6.070354e-40
1.746835 2.433541e-41
1.772152 8.801635e-43
1.797468 3.027049e-44
1.822785 1.001952e-45
1.848101 3.049302e-47
1.873418 8.004678e-49
1.898734 1.693723e-50
1.924051 2.636885e-52
1.949367 2.624165e-54
1.974684 1.310539e-56
2 1.145598e-59
