0.02531646 1
0.05063291 1
0.07594937 1
0.1012658 0.9999991
0.1265823 0.9994444
0.1518987 0.999151
0.1772152 0.9997399
0.2025316 0.980201
0.2278481 0.9701572
0.2531646 0.9963823
0.278481 0.9998654
0.3037975 0.9999217
0.3291139 0.9998249
0.3544304 0.9949631
0.3797468 0.9971122
0.4050633 0.9971122
0.4303797 0.9140063
0.4556962 0.8925592
0.4810127 0.9454687
0.5063291 0.983233
0.5316456 0.9973615
0.556962 0.9949478
0.5822785 0.9520688
0.6075949 0.5071367
0.6329114 0.07176439
0.6582278 0.003138482
0.6835443 7.134807e-05
0.7088608 7.928342e-06
0.7341772 9.228001e-07
0.7594937 2.11943e-07
0.7848101 7.480356e-08
0.8101266 5.566361e-08
0.835443 1.005298e-07
0.8607595 3.378855e-07
0.8860759 5.304546e-07
0.9113924 3.153089e-06
0.9367089 1.458895e-05
0.9620253 2.44601e-06
0.9873418 1.273472e-06
1.012658 1.261576e-06
1.037975 1.143412e-06
1.063291 2.047493e-07
1.088608 1.971852e-08
1.113924 1.971852e-08
1.139241 1.971852e-08
1.164557 1.971852e-08
1.189873 1.971852e-08
1.21519 2.419428e-08
1.240506 3.065939e-07
1.265823 2.453847e-06
1.291139 1.255282e-05
1.316456 2.90918e-05
1.341772 2.855768e-05
1.367089 1.287789e-05
1.392405 4.290502e-06
1.417722 5.385636e-07
1.443038 2.672294e-08
1.468354 3.203979e-08
1.493671 2.721244e-07
1.518987 1.008253e-06
1.544304 1.360052e-06
1.56962 7.053402e-07
1.594937 1.877094e-07
1.620253 2.125792e-08
1.64557 8.720569e-09
1.670886 9.261039e-09
1.696203 1.038968e-08
1.721519 3.152956e-09
1.746835 1.25217e-10
1.772152 4.397893e-13
1.797468 8.646585e-14
1.822785 8.659601e-14
1.848101 9.097038e-14
1.873418 1.086971e-13
1.898734 1.58242e-13
1.924051 2.609997e-13
1.949367 4.121275e-13
1.974684 5.096685e-13
2 5.493785e-13
