0.02531646 1
0.05063291 1
0.07594937 0.9999998
0.1012658 0.9999987
0.1265823 0.9999982
0.1518987 0.9999996
0.1772152 1
0.2025316 1
0.2278481 1
0.2531646 1
0.278481 1
0.3037975 1
0.3291139 1
0.3544304 1
0.3797468 0.9999998
0.4050633 0.9999999
0.4303797 0.9999998
0.4556962 0.9999997
0.4810127 1
0.5063291 0.9999991
0.5316456 0.9999906
0.556962 0.99885
0.5822785 0.9713843
0.6075949 0.794444
0.6329114 0.06025883
0.6582278 0.02895219
0.6835443 0.001111639
0.7088608 0.00026249
0.7341772 0.0006096119
0.7594937 0.0001495018
0.7848101 1.533232e-05
0.8101266 5.093958e-06
0.835443 7.978309e-07
0.8607595 9.721858e-08
0.8860759 1.343824e-09
0.9113924 4.23303e-11
0.9367089 3.3409e-13
0.9620253 8.294986e-16
0.9873418 3.827611e-17
1.012658 2.351642e-17
1.037975 1.416571e-17
1.063291 7.402105e-18
1.088608 3.226244e-18
1.113924 1.162999e-18
1.139241 3.474603e-19
1.164557 8.638587e-20
1.189873 1.793543e-20
1.21519 3.118179e-21
1.240506 4.555047e-22
1.265823 5.651177e-23
1.291139 6.298819e-24
1.316456 8.514867e-25
1.341772 2.640392e-25
1.367089 1.511314e-25
1.392405 9.514219e-26
1.417722 5.672936e-26
1.443038 3.052829e-26
1.468354 1.45934e-26
1.493671 6.158755e-27
1.518987 2.230352e-27
1.544304 6.789531e-28
1.56962 1.748164e-28
1.594937 3.856476e-29
1.620253 7.408092e-30
1.64557 1.294e-30
1.670886 2.286038e-31
1.696203 4.6634e-32
1.721519 1.11686e-32
1.746835 2.831729e-33
1.772152 7.044732e-34
1.797468 1.725744e-34
1.822785 4.377909e-35
1.848101 1.214063e-35
1.873418 3.610288e-36
1.898734 1.055984e-36
1.924051 2.70924e-37
1.949367 5.364521e-38
1.974684 7.000398e-39
2 4.449824e-40
