0.02531646 0.9999998
0.05063291 0.9997937
0.07594937 0.9998632
0.1012658 0.9999968
0.1265823 1
0.1518987 1
0.1772152 1
0.2025316 1
0.2278481 1
0.2531646 1
0.278481 1
0.3037975 0.9999996
0.3291139 0.9999979
0.3544304 0.9999998
0.3797468 1
0.4050633 1
0.4303797 1
0.4556962 1
0.4810127 0.9999986
0.5063291 0.9999943
0.5316456 0.9999967
0.556962 0.9999635
0.5822785 0.9907856
0.6075949 0.7534538
0.6329114 0.1665847
0.6582278 0.002416578
0.6835443 5.754507e-06
0.7088608 3.909808e-08
0.7341772 1.870867e-07
0.7594937 7.033969e-07
0.7848101 5.578939e-09
0.8101266 5.366047e-09
0.835443 1.582744e-07
0.8607595 2.150924e-06
0.8860759 3.03494e-06
0.9113924 1.48965e-06
0.9367089 1.841903e-07
0.9620253 3.301902e-07
0.9873418 4.065834e-10
1.012658 1.183201e-12
1.037975 6.153214e-15
1.063291 2.354701e-17
1.088608 2.820204e-18
1.113924 5.550952e-19
1.139241 1.216257e-19
1.164557 3.058367e-20
1.189873 9.168178e-21
1.21519 2.755668e-21
1.240506 7.262001e-22
1.265823 1.598129e-22
1.291139 2.920048e-23
1.316456 4.530017e-24
1.341772 6.337784e-25
1.367089 9.117447e-26
1.392405 1.687832e-26
1.417722 4.704202e-27
1.443038 1.762507e-27
1.468354 7.402953e-28
1.493671 3.173355e-28
1.518987 1.326111e-28
1.544304 5.235644e-29
1.56962 1.90058e-29
1.594937 6.23819e-30
1.620253 1.898082e-30
1.64557 5.549084e-31
1.670886 1.58471e-31
1.696203 4.458961e-32
1.721519 1.243033e-32
1.746835 3.455365e-33
1.772152 9.723927e-34
1.797468 2.836912e-34
1.822785 9.05245e-35
1.848101 3.177077e-35
1.873418 9.968727e-36
1.898734 2.513369e-36
1.924051 5.096603e-37
1.949367 8.373437e-38
1.974684 1.136569e-38
2 1.202522e-39
