0.02531646 0.9999999
0.05063291 1
0.07594937 1
0.1012658 0.999996
0.1265823 0.99974
0.1518987 0.9977791
0.1772152 0.9973545
0.2025316 0.9983211
0.2278481 0.963846
0.2531646 0.7696664
0.278481 0.7081365
0.3037975 0.8979547
0.3291139 0.1030955
0.3544304 0.3271221
0.3797468 0.8691133
0.4050633 0.9389991
0.4303797 0.789418
0.4556962 0.9507112
0.4810127 0.8411276
0.5063291 0.2145302
0.5316456 0.0111985
0.556962 0.001344928
0.5822785 0.001454197
0.6075949 0.00232353
0.6329114 0.003661723
0.6582278 0.006729736
0.6835443 0.006729736
0.7088608 0.005478707
0.7341772 0.002046511
0.7594937 0.001131535
0.7848101 0.0007328902
0.8101266 0.0002349711
0.835443 4.723081e-05
0.8607595 1.095081e-05
0.8860759 2.001364e-05
0.9113924 0.0001811406
0.9367089 0.001401383
0.9620253 0.001539636
0.9873418 0.0009007939
1.012658 0.0001490585
1.037975 1.041255e-05
1.063291 1.439707e-05
1.088608 9.193909e-05
1.113924 0.0001173731
1.139241 0.0001173731
1.164557 3.452105e-05
1.189873 4.256226e-06
1.21519 1.387479e-07
1.240506 1.138986e-09
1.265823 3.854864e-10
1.291139 3.970714e-10
1.316456 3.892818e-10
1.341772 3.854865e-10
1.367089 3.854865e-10
1.392405 3.854866e-10
1.417722 3.854866e-10
1.443038 1.76638e-09
1.468354 2.309238e-08
1.493671 1.271918e-07
1.518987 1.737862e-07
1.544304 4.557401e-08
1.56962 2.81282e-09
1.594937 3.790037e-10
1.620253 3.790459e-10
1.64557 4.264094e-10
1.670886 1.58057e-09
1.696203 1.346256e-08
1.721519 2.259292e-08
1.746835 6.79024e-08
1.772152 9.641092e-08
1.797468 1.912441e-08
1.822785 1.526757e-09
1.848101 8.395751e-10
1.873418 7.52656e-10
1.898734 4.91129e-10
1.924051 2.102169e-10
1.949367 1.424876e-10
1.974684 1.807604e-10
2 3.331982e-10
