0.02531646 1
0.05063291 1
0.07594937 1
0.1012658 1
0.1265823 0.9999999
0.1518987 0.9999999
0.1772152 0.9999869
0.2025316 0.9987875
0.2278481 0.9913294
0.2531646 0.9936495
0.278481 0.9864732
0.3037975 0.9181783
0.3291139 0.9065765
0.3544304 0.9065765
0.3797468 0.9294681
0.4050633 0.9948003
0.4303797 0.9993247
0.4556962 0.9993362
0.4810127 0.9993362
0.5063291 0.9942599
0.5316456 0.9601959
0.556962 0.9827187
0.5822785 0.9754722
0.6075949 0.6502051
0.6329114 0.06259651
0.6582278 0.001216477
0.6835443 7.347215e-06
0.7088608 3.022324e-09
0.7341772 5.083968e-12
0.7594937 5.490502e-11
0.7848101 7.466244e-10
0.8101266 3.031316e-09
0.835443 4.089577e-09
0.8607595 1.009545e-09
0.8860759 2.731341e-10
0.9113924 3.373511e-10
0.9367089 1.597024e-09
0.9620253 5.446555e-09
0.9873418 1.504958e-08
1.012658 2.071558e-08
1.037975 1.963638e-08
1.063291 7.572799e-09
1.088608 1.345578e-09
1.113924 4.161367e-10
1.139241 2.641808e-10
1.164557 1.683817e-10
1.189873 1.178818e-10
1.21519 1.006844e-10
1.240506 9.683771e-11
1.265823 9.147768e-11
1.291139 8.52772e-11
1.316456 7.631021e-11
1.341772 6.92958e-11
1.367089 6.178743e-11
1.392405 5.67282e-11
1.417722 5.022768e-11
1.443038 3.77743e-11
1.468354 2.381335e-11
1.493671 1.270602e-11
1.518987 5.972627e-12
1.544304 2.542002e-12
1.56962 9.422375e-13
1.594937 2.607442e-13
1.620253 5.007191e-14
1.64557 7.071902e-15
1.670886 7.652254e-16
1.696203 7.137254e-17
1.721519 1.210722e-17
1.746835 5.160666e-18
1.772152 3.740775e-18
1.797468 3.158147e-18
1.822785 2.882794e-18
1.848101 2.45109e-18
1.873418 2.088238e-18
1.898734 1.743032e-18
1.924051 1.514822e-18
1.949367 1.286078e-18
1.974684 1.00526e-18
2 7.356982e-19
