0.6075949 1
0.6329114 1
0.6582278 1
0.6835443 1
0.7088608 1
0.7341772 1
0.7594937 0.9999922
0.7848101 0.9977983
0.8101266 0.9140776
0.835443 0.386288
0.8607595 0.01389312
0.8860759 0.0004632466
0.9113924 1.416481e-05
0.9367089 1.8005e-07
0.9620253 1.649011e-09
0.9873418 4.988803e-12
1.012658 1.971371e-14
1.037975 7.918559e-16
1.063291 1.160477e-16
1.088608 1.102215e-17
1.113924 3.610238e-19
1.139241 3.562529e-21
1.164557 3.880581e-23
1.189873 1.268522e-24
1.21519 7.612798e-26
1.240506 4.042745e-27
1.265823 1.897263e-28
1.291139 4.746183e-30
1.316456 7.775611e-32
1.341772 3.864218e-34
1.367089 1.712364e-37
1.392405 3.231869e-40
1.417722 8.262486e-42
1.443038 4.777757e-43
1.468354 3.758312e-44
1.493671 3.169787e-45
1.518987 2.269588e-46
1.544304 1.319408e-47
1.56962 5.920462e-49
1.594937 1.888113e-50
1.620253 4.543828e-52
1.64557 7.048716e-54
1.670886 7.66709e-56
1.696203 4.881518e-58
1.721519 1.895591e-60
1.746835 4.108274e-63
1.772152 6.711348e-66
1.797468 1.624578e-68
1.822785 1.742622e-70
1.848101 5.365561e-72
1.873418 2.176267e-73
1.898734 8.045484e-75
1.924051 2.459446e-76
1.949367 5.793783e-78
1.974684 9.329779e-80
2 7.70516e-82
