0.02531646 0.9999998
0.05063291 0.9999783
0.07594937 0.9999694
0.1012658 0.99945
0.1265823 0.999954
0.1518987 0.9999895
0.1772152 0.9999026
0.2025316 0.9960864
0.2278481 0.9964405
0.2531646 0.9991384
0.278481 0.9999717
0.3037975 0.9999604
0.3291139 0.9997777
0.3544304 0.9944553
0.3797468 0.9971297
0.4050633 0.9841754
0.4303797 0.81595
0.4556962 0.9049212
0.4810127 0.989636
0.5063291 0.9367802
0.5316456 0.5986018
0.556962 0.5985983
0.5822785 0.7923158
0.6075949 0.9142372
0.6329114 0.4996305
0.6582278 0.03113261
0.6835443 0.000193592
0.7088608 0.0001789035
0.7341772 0.0005327768
0.7594937 0.0001688479
0.7848101 1.553894e-05
0.8101266 4.030101e-07
0.835443 7.85028e-08
0.8607595 1.23512e-06
0.8860759 1.286447e-05
0.9113924 1.026504e-05
0.9367089 1.084317e-06
0.9620253 5.925584e-08
0.9873418 3.666688e-09
1.012658 5.473757e-09
1.037975 4.55969e-07
1.063291 1.963565e-06
1.088608 1.086497e-05
1.113924 9.917095e-05
1.139241 0.0001153383
1.164557 0.0001153383
1.189873 0.0001153383
1.21519 3.508264e-05
1.240506 1.895711e-06
1.265823 3.298563e-08
1.291139 3.125867e-08
1.316456 3.125881e-08
1.341772 3.125559e-08
1.367089 3.1253e-08
1.392405 3.12504e-08
1.417722 1.189389e-07
1.443038 2.449834e-06
1.468354 4.489939e-06
1.493671 1.48013e-05
1.518987 6.213234e-06
1.544304 7.325677e-07
1.56962 2.103759e-08
1.594937 1.409967e-10
1.620253 1.238533e-10
1.64557 1.84043e-10
1.670886 4.858245e-10
1.696203 1.295605e-09
1.721519 2.159522e-09
1.746835 2.099159e-09
1.772152 1.491614e-09
1.797468 9.132996e-10
1.822785 8.233043e-10
1.848101 8.275561e-10
1.873418 7.80463e-10
1.898734 6.315119e-10
1.924051 3.862385e-10
1.949367 1.489294e-10
1.974684 2.688624e-11
2 2.258155e-12
