0.4050633 1
0.4303797 1
0.4556962 1
0.4810127 1
0.5063291 1
0.5316456 1
0.556962 1
0.5822785 1
0.6075949 1
0.6329114 1
0.6582278 1
0.6835443 1
0.7088608 1
0.7341772 1
0.7594937 1
0.7848101 1
0.8101266 1
0.835443 1
0.8607595 1
0.8860759 1
0.9113924 1
0.9367089 1
0.9620253 1
0.9873418 1
1.012658 1
1.037975 1
1.063291 1
1.088608 1
1.113924 0.9999989
1.139241 0.9998004
1.164557 0.9892863
1.189873 0.7988138
1.21519 0.1554091
1.240506 0.007006612
1.265823 9.204394e-05
1.291139 2.574869e-07
1.316456 7.906456e-11
1.341772 1.090916e-15
1.367089 8.8184e-23
1.392405 1.3318e-64
1.417722 2.610656e-64
1.443038 8.993782e-66
1.468354 3.264615e-69
1.493671 1.211282e-68
1.518987 3.250577e-68
1.544304 6.263128e-68
1.56962 8.548111e-68
1.594937 8.069919e-68
1.620253 5.101524e-68
1.64557 2.111613e-68
1.670886 4.486342e-69
1.696203 1.420564e-70
1.721519 9.228387e-73
1.746835 2.731459e-75
1.772152 8.355669e-78
1.797468 1.832635e-80
1.822785 3.600496e-83
1.848101 8.673624e-86
1.873418 1.516577e-88
1.898734 2.439579e-91
1.924051 1.368273e-94
1.949367 2.594017e-98
1.974684 2.681797e-103
2 7.492807e-112
