0.5822785 1
0.6075949 1
0.6329114 1
0.6582278 1
0.6835443 1
0.7088608 1
0.7341772 1
0.7594937 1
0.7848101 1
0.8101266 1
0.835443 1
0.8607595 1
0.8860759 1
0.9113924 1
0.9367089 1
0.9620253 1
0.9873418 1
1.012658 1
1.037975 1
1.063291 1
1.088608 1
1.113924 0.9999447
1.139241 0.9937702
1.164557 0.8758354
1.189873 0.07668769
1.21519 0.01830692
1.240506 0.0001491098
1.265823 5.534724e-07
1.291139 2.753133e-10
1.316456 4.207473e-14
1.341772 2.801667e-17
1.367089 1.428543e-23
1.392405 1.637236e-26
1.417722 3.129713e-27
1.443038 1.031283e-29
1.468354 8.510611e-32
1.493671 1.445805e-31
1.518987 1.886695e-31
1.544304 1.888914e-31
1.56962 1.445031e-31
1.594937 8.251255e-32
1.620253 3.367465e-32
1.64557 9.55443e-33
1.670886 1.92283e-33
1.696203 2.982744e-34
1.721519 3.89037e-35
1.746835 4.5237e-36
1.772152 4.598221e-37
1.797468 4.006362e-38
1.822785 3.331264e-39
1.848101 2.804212e-40
1.873418 2.181744e-41
1.898734 1.374142e-42
1.924051 6.957194e-44
1.949367 2.918644e-45
1.974684 1.057869e-46
2 3.009887e-48
