0.7594937 1
0.7848101 1
0.8101266 1
0.835443 1
0.8607595 1
0.8860759 1
0.9113924 1
0.9367089 1
0.9620253 1
0.9873418 1
1.012658 0.9999778
1.037975 0.995673
1.063291 0.8679893
1.088608 0.239686
1.113924 0.004677563
1.139241 0.0001114597
1.164557 1.396527e-06
1.189873 1.626224e-08
1.21519 3.844794e-10
1.240506 3.436986e-12
1.265823 1.104034e-14
1.291139 2.694844e-16
1.316456 3.475382e-18
1.341772 5.723985e-20
1.367089 1.321201e-22
1.392405 9.317259e-26
1.417722 6.878997e-26
1.443038 4.960852e-26
1.468354 3.145262e-26
1.493671 1.722449e-26
1.518987 8.006444e-27
1.544304 3.066947e-27
1.56962 9.025137e-28
1.594937 1.741347e-28
1.620253 1.540392e-29
1.64557 2.842252e-31
1.670886 1.305223e-33
1.696203 2.887627e-34
1.721519 3.41996e-35
1.746835 2.761696e-36
1.772152 1.615734e-37
1.797468 7.228468e-39
1.822785 2.624929e-40
1.848101 8.023179e-42
1.873418 2.069748e-43
1.898734 4.731989e-45
1.924051 9.738621e-47
1.949367 1.908843e-48
1.974684 3.811596e-50
2 7.964166e-52
