0.02531646 1
0.05063291 1
0.07594937 0.9999995
0.1012658 0.9999911
0.1265823 0.9999086
0.1518987 0.9987623
0.1772152 0.9966456
0.2025316 0.9838339
0.2278481 0.9046817
0.2531646 0.5725128
0.278481 0.04810797
0.3037975 0.110446
0.3291139 0.503633
0.3544304 0.926946
0.3797468 0.9763866
0.4050633 0.9892802
0.4303797 0.9892802
0.4556962 0.9817829
0.4810127 0.7679883
0.5063291 0.1747274
0.5316456 0.009938338
0.556962 0.00122529
0.5822785 0.0003327299
0.6075949 0.0004832373
0.6329114 0.0007087155
0.6582278 0.0004660638
0.6835443 0.0002523845
0.7088608 0.0001100917
0.7341772 0.0001039196
0.7594937 0.0001083985
0.7848101 0.0001126101
0.8101266 0.0001306137
0.835443 3.939194e-05
0.8607595 1.219204e-05
0.8860759 5.327731e-06
0.9113924 5.296585e-06
0.9367089 5.266e-06
0.9620253 5.235956e-06
0.9873418 5.511354e-06
1.012658 1.62847e-05
1.037975 0.0001044719
1.063291 0.0003034076
1.088608 0.0002487189
1.113924 7.805398e-05
1.139241 5.468561e-06
1.164557 8.432272e-08
1.189873 2.588246e-08
1.21519 2.767407e-07
1.240506 7.771804e-07
1.265823 4.843737e-07
1.291139 6.878352e-08
1.316456 3.627375e-09
1.341772 9.870105e-10
1.367089 8.959273e-10
1.392405 4.740309e-10
1.417722 3.854874e-10
1.443038 9.462402e-10
1.468354 1.176523e-07
1.493671 2.120343e-06
1.518987 5.458919e-06
1.544304 8.412361e-06
1.56962 4.258887e-06
1.594937 1.741401e-06
1.620253 8.143076e-07
1.64557 9.023229e-07
1.670886 2.747716e-07
1.696203 3.60327e-08
1.721519 2.018679e-09
1.746835 9.502601e-10
1.772152 1.048998e-09
1.797468 1.240093e-09
1.822785 2.929846e-09
1.848101 1.005024e-08
1.873418 3.587233e-09
1.898734 8.974203e-10
1.924051 5.492476e-10
1.949367 5.997443e-10
1.974684 8.686967e-10
2 1.348545e-09
