0.556962 1
0.5822785 1
0.6075949 1
0.6329114 1
0.6582278 1
0.6835443 1
0.7088608 1
0.7341772 1
0.7594937 1
0.7848101 1
0.8101266 1
0.835443 1
0.8607595 1
0.8860759 1
0.9113924 1
0.9367089 1
0.9620253 1
0.9873418 1
1.012658 1
1.037975 1
1.063291 1
1.088608 1
1.113924 0.9999982
1.139241 0.9988382
1.164557 0.9386961
1.189873 0.2777815
1.21519 0.01738855
1.240506 0.0002687458
1.265823 1.81664e-06
1.291139 1.784694e-09
1.316456 6.667213e-14
1.341772 1.996827e-17
1.367089 5.532345e-23
1.392405 2.878388e-31
1.417722 1.486e-33
1.443038 1.178923e-34
1.468354 2.197337e-42
1.493671 2.800204e-42
1.518987 3.18717e-42
1.544304 3.017518e-42
1.56962 2.161158e-42
1.594937 1.058599e-42
1.620253 3.12135e-43
1.64557 4.768807e-44
1.670886 3.74729e-45
1.696203 6.940929e-46
1.721519 4.345889e-46
1.746835 2.287667e-46
1.772152 8.143929e-47
1.797468 1.518137e-47
1.822785 1.131043e-48
1.848101 3.657519e-50
1.873418 5.478643e-52
1.898734 4.08094e-54
1.924051 2.110141e-56
1.949367 7.831999e-59
1.974684 2.052187e-61
2 4.234073e-64
