0.02531646 1
0.05063291 1
0.07594937 1
0.1012658 0.999999
0.1265823 0.999937
0.1518987 0.9999621
0.1772152 0.9994889
0.2025316 0.9809026
0.2278481 0.9991817
0.2531646 0.9999218
0.278481 0.9999217
0.3037975 0.9997552
0.3291139 0.9925921
0.3544304 0.9683808
0.3797468 0.979767
0.4050633 0.9274276
0.4303797 0.9865515
0.4556962 0.9973619
0.4810127 0.9973619
0.5063291 0.9973619
0.5316456 0.9973618
0.556962 0.9878069
0.5822785 0.9103443
0.6075949 0.4171329
0.6329114 0.05496658
0.6582278 0.002586369
0.6835443 6.397341e-05
0.7088608 4.069096e-06
0.7341772 1.042062e-05
0.7594937 1.690481e-05
0.7848101 4.339213e-06
0.8101266 2.749356e-07
0.835443 4.440793e-08
0.8607595 4.440793e-08
0.8860759 1.591192e-07
0.9113924 2.201912e-06
0.9367089 4.627562e-06
0.9620253 1.488541e-05
0.9873418 2.785471e-05
1.012658 2.722383e-05
1.037975 5.850269e-06
1.063291 6.571037e-07
1.088608 5.860304e-07
1.113924 7.560937e-07
1.139241 8.230833e-07
1.164557 6.352757e-07
1.189873 2.937573e-07
1.21519 1.018671e-07
1.240506 2.224252e-07
1.265823 2.393213e-06
1.291139 1.290392e-05
1.316456 2.958962e-05
1.341772 3.099769e-05
1.367089 2.033143e-05
1.392405 6.022442e-06
1.417722 5.771602e-07
1.443038 1.869061e-08
1.468354 3.940892e-09
1.493671 2.637194e-09
1.518987 4.730994e-09
1.544304 4.532585e-09
1.56962 2.611071e-09
1.594937 1.43571e-09
1.620253 6.671452e-10
1.64557 2.479767e-10
1.670886 7.045129e-11
1.696203 1.564395e-11
1.721519 3.032739e-12
1.746835 6.227091e-13
1.772152 1.881763e-13
1.797468 1.131537e-13
1.822785 9.504799e-14
1.848101 9.750865e-14
1.873418 1.122606e-13
1.898734 1.567623e-13
1.924051 2.460824e-13
1.949367 3.669892e-13
1.974684 4.441505e-13
2 4.543567e-13
