0.7594937 1
0.7848101 1
0.8101266 1
0.835443 1
0.8607595 1
0.8860759 1
0.9113924 1
0.9367089 1
0.9620253 1
0.9873418 1
1.012658 1
1.037975 0.9999987
1.063291 0.9993371
1.088608 0.9580697
1.113924 0.5451637
1.139241 0.02322659
1.164557 0.0006095975
1.189873 3.49452e-05
1.21519 5.348363e-07
1.240506 2.763437e-09
1.265823 1.171682e-11
1.291139 2.26418e-15
1.316456 2.630588e-17
1.341772 1.59683e-19
1.367089 5.828671e-23
1.392405 4.953388e-26
1.417722 1.770657e-26
1.443038 1.366104e-26
1.468354 9.468165e-27
1.493671 5.551264e-27
1.518987 2.714656e-27
1.544304 1.094883e-27
1.56962 3.594011e-28
1.594937 9.201895e-29
1.620253 1.642416e-29
1.64557 1.612466e-30
1.670886 5.483718e-32
1.696203 3.628767e-34
1.721519 1.818305e-35
1.746835 3.411513e-36
1.772152 5.031792e-37
1.797468 5.610192e-38
1.822785 4.90759e-39
1.848101 3.427483e-40
1.873418 2.030829e-41
1.898734 1.056995e-42
1.924051 4.956017e-44
1.949367 2.140164e-45
1.974684 8.732731e-47
2 3.217953e-48
