0.556962 1
0.5822785 1
0.6075949 1
0.6329114 1
0.6582278 1
0.6835443 1
0.7088608 1
0.7341772 1
0.7594937 1
0.7848101 1
0.8101266 1
0.835443 1
0.8607595 1
0.8860759 1
0.9113924 1
0.9367089 1
0.9620253 1
0.9873418 1
1.012658 1
1.037975 1
1.063291 1
1.088608 1
1.113924 0.9999981
1.139241 0.9987542
1.164557 0.9325232
1.189873 0.3009745
1.21519 0.01596882
1.240506 0.0002691531
1.265823 1.797837e-06
1.291139 1.867907e-09
1.316456 7.502205e-14
1.341772 1.865981e-17
1.367089 5.167563e-23
1.392405 2.103704e-31
1.417722 9.781651e-34
1.443038 7.896395e-35
1.468354 1.480541e-42
1.493671 1.924188e-42
1.518987 2.226628e-42
1.544304 2.142435e-42
1.56962 1.562618e-42
1.594937 7.828189e-43
1.620253 2.375971e-43
1.64557 3.746239e-44
1.670886 2.731303e-45
1.696203 2.344458e-46
1.721519 1.19223e-46
1.746835 6.401874e-47
1.772152 2.359048e-47
1.797468 4.557382e-48
1.822785 3.489679e-49
1.848101 1.134851e-50
1.873418 1.633718e-52
1.898734 1.099427e-54
1.924051 5.149057e-57
1.949367 1.683721e-59
1.974684 3.67806e-62
2 5.99912e-65
