0.1012658 1
0.1265823 1
0.1518987 1
0.1772152 1
0.2025316 1
0.2278481 1
0.2531646 1
0.278481 1
0.3037975 1
0.3291139 1
0.3544304 1
0.3797468 1
0.4050633 1
0.4303797 0.9999771
0.4556962 0.9958958
0.4810127 0.8815226
0.5063291 0.2981258
0.5316456 0.007249986
0.556962 0.0001875764
0.5822785 3.430287e-05
0.6075949 3.22611e-05
0.6329114 2.059535e-05
0.6582278 7.375397e-06
0.6835443 1.424625e-06
0.7088608 1.609755e-07
0.7341772 1.212208e-08
0.7594937 6.919818e-10
0.7848101 8.406155e-10
0.8101266 3.00905e-09
0.835443 1.076293e-08
0.8607595 1.082848e-08
0.8860759 6.199821e-09
0.9113924 1.367788e-09
0.9367089 6.122935e-09
0.9620253 3.4524e-07
0.9873418 4.233502e-06
1.012658 1.063333e-05
1.037975 7.315653e-06
1.063291 1.292258e-06
1.088608 5.326599e-07
1.113924 2.220622e-06
1.139241 2.727298e-06
1.164557 1.424988e-06
1.189873 3.24055e-07
1.21519 3.175844e-07
1.240506 3.207852e-07
1.265823 1.131673e-06
1.291139 1.365517e-05
1.316456 5.365227e-05
1.341772 1.667094e-05
1.367089 7.247595e-07
1.392405 1.281026e-08
1.417722 1.004826e-08
1.443038 1.001686e-08
1.468354 1.002068e-08
1.493671 1.002467e-08
1.518987 1.00501e-08
1.544304 5.714571e-08
1.56962 5.617651e-07
1.594937 1.421353e-06
1.620253 1.164859e-06
1.64557 8.028235e-10
1.670886 2.448187e-11
1.696203 2.06244e-11
1.721519 3.889872e-12
1.746835 1.634748e-13
1.772152 3.428854e-15
1.797468 1.370891e-16
1.822785 3.114516e-17
1.848101 1.529052e-17
1.873418 6.99945e-18
1.898734 3.036052e-18
1.924051 1.301289e-18
1.949367 5.479515e-19
1.974684 1.968888e-19
2 4.189929e-20
