0.02531646 1
0.05063291 1
0.07594937 1
0.1012658 1
0.1265823 0.9999987
0.1518987 0.9999135
0.1772152 0.9970903
0.2025316 0.9965669
0.2278481 0.9977212
0.2531646 0.9826457
0.278481 0.9987931
0.3037975 0.9987931
0.3291139 0.9868156
0.3544304 0.9508566
0.3797468 0.9782554
0.4050633 0.9252561
0.4303797 0.4799627
0.4556962 0.3956174
0.4810127 0.4458161
0.5063291 0.6744752
0.5316456 0.9412673
0.556962 0.9884425
0.5822785 0.8813775
0.6075949 0.3116104
0.6329114 0.01787392
0.6582278 0.0009400054
0.6835443 0.0006451083
0.7088608 0.0003673063
0.7341772 0.0002360186
0.7594937 0.000208962
0.7848101 7.833816e-05
0.8101266 0.0001709236
0.835443 0.0001761662
0.8607595 0.000138295
0.8860759 7.827204e-05
0.9113924 5.818627e-05
0.9367089 0.000107184
0.9620253 9.977265e-05
0.9873418 5.466889e-05
1.012658 1.885445e-05
1.037975 2.559992e-06
1.063291 7.096815e-07
1.088608 4.640122e-06
1.113924 4.036831e-05
1.139241 3.824578e-05
1.164557 1.588849e-05
1.189873 2.593289e-06
1.21519 3.528376e-05
1.240506 0.0003053369
1.265823 0.0008397196
1.291139 0.0008851672
1.316456 0.0003254862
1.341772 1.392593e-05
1.367089 2.428806e-06
1.392405 3.878133e-06
1.417722 9.538732e-06
1.443038 3.240595e-05
1.468354 9.036897e-05
1.493671 7.173991e-05
1.518987 1.410657e-05
1.544304 1.178592e-05
1.56962 1.133371e-05
1.594937 7.101048e-06
1.620253 3.024912e-06
1.64557 1.877703e-06
1.670886 4.670608e-07
1.696203 1.316559e-08
1.721519 8.654654e-10
1.746835 8.654654e-10
1.772152 8.689126e-10
1.797468 8.65473e-10
1.822785 8.65473e-10
1.848101 1.021945e-09
1.873418 1.628492e-09
1.898734 1.277267e-09
1.924051 1.274385e-09
1.949367 3.010693e-09
1.974684 1.14761e-08
2 4.814243e-09
