0.07594937 1
0.1012658 1
0.1265823 1
0.1518987 1
0.1772152 0.9999996
0.2025316 0.9998232
0.2278481 0.9866091
0.2531646 0.7907594
0.278481 0.2587076
0.3037975 0.4581295
0.3291139 0.9818361
0.3544304 0.8997247
0.3797468 0.5481414
0.4050633 0.2576801
0.4303797 0.3311139
0.4556962 0.2236002
0.4810127 0.0643836
0.5063291 0.05164341
0.5316456 0.1715382
0.556962 0.1463216
0.5822785 0.03821242
0.6075949 0.006603747
0.6329114 0.00645558
0.6582278 0.01680624
0.6835443 0.0124608
0.7088608 0.003958006
0.7341772 0.001732808
0.7594937 0.0008280192
0.7848101 0.001351306
0.8101266 0.004580145
0.835443 0.004651603
0.8607595 0.002536544
0.8860759 0.0002099272
0.9113924 4.416215e-05
0.9367089 4.144672e-05
0.9620253 4.145487e-05
0.9873418 0.0002343235
1.012658 0.0007159216
1.037975 0.000709141
1.063291 0.0002649036
1.088608 2.103837e-05
1.113924 4.778609e-07
1.139241 1.626104e-08
1.164557 2.933049e-08
1.189873 5.249912e-08
1.21519 2.547315e-08
1.240506 1.749743e-08
1.265823 1.131548e-07
1.291139 4.534682e-06
1.316456 4.50966e-05
1.341772 5.548434e-05
1.367089 2.948328e-05
1.392405 5.945858e-06
1.417722 4.079532e-07
1.443038 2.969468e-07
1.468354 8.591557e-07
1.493671 2.444113e-06
1.518987 1.969015e-06
1.544304 9.211789e-07
1.56962 6.900709e-06
1.594937 6.422325e-05
1.620253 3.64083e-05
1.64557 4.484933e-06
1.670886 6.4618e-08
1.696203 1.22298e-09
1.721519 1.188491e-09
1.746835 1.137974e-09
1.772152 8.45173e-10
1.797468 5.090324e-10
1.822785 1.824775e-10
1.848101 2.30127e-11
1.873418 5.415112e-13
1.898734 1.792929e-15
1.924051 7.170716e-16
1.949367 2.095588e-15
1.974684 5.08443e-15
2 7.106653e-15
