0.3291139 1
0.3544304 1
0.3797468 1
0.4050633 0.9999727
0.4303797 0.9933048
0.4556962 0.7977451
0.4810127 0.1049339
0.5063291 0.007666528
0.5316456 0.0008404968
0.556962 2.23075e-05
0.5822785 1.432848e-06
0.6075949 1.996079e-07
0.6329114 5.499092e-09
0.6582278 1.386163e-10
0.6835443 7.01597e-12
0.7088608 4.902335e-13
0.7341772 2.207289e-14
0.7594937 2.187951e-15
0.7848101 2.204816e-15
0.8101266 1.187029e-13
0.835443 3.589029e-12
0.8607595 2.844244e-11
0.8860759 8.090059e-11
0.9113924 1.144639e-10
0.9367089 1.081434e-10
0.9620253 2.481808e-11
0.9873418 4.067054e-12
1.012658 9.75226e-13
1.037975 1.854851e-13
1.063291 2.838791e-14
1.088608 5.446165e-15
1.113924 1.887068e-15
1.139241 8.579168e-16
1.164557 3.604688e-16
1.189873 1.371184e-16
1.21519 4.700835e-17
1.240506 1.446654e-17
1.265823 3.971983e-18
1.291139 9.637899e-19
1.316456 2.043233e-19
1.341772 3.735351e-20
1.367089 5.805145e-21
1.392405 7.559316e-22
1.417722 8.137642e-23
1.443038 7.155972e-24
1.468354 5.141051e-25
1.493671 3.25505e-26
1.518987 2.328475e-27
1.544304 2.216097e-28
1.56962 2.396995e-29
1.594937 2.72231e-30
1.620253 3.214853e-31
1.64557 3.904936e-32
1.670886 4.946579e-33
1.696203 6.697407e-34
1.721519 9.68177e-35
1.746835 1.438034e-35
1.772152 2.086921e-36
1.797468 2.844969e-37
1.822785 3.5529e-38
1.848101 3.996105e-39
1.873418 3.981125e-40
1.898734 3.431657e-41
1.924051 2.464208e-42
1.949367 1.382229e-43
1.974684 5.370539e-45
2 1.079485e-46
