0.02531646 1
0.05063291 0.9999769
0.07594937 0.9998815
0.1012658 0.9999421
0.1265823 0.999995
0.1518987 0.9999999
0.1772152 0.9999994
0.2025316 0.9999996
0.2278481 1
0.2531646 0.9999999
0.278481 0.9999999
0.3037975 1
0.3291139 0.9999998
0.3544304 0.9999982
0.3797468 0.9999929
0.4050633 0.9999899
0.4303797 0.9999309
0.4556962 0.9994884
0.4810127 0.9994891
0.5063291 0.9995204
0.5316456 0.9999441
0.556962 0.9997412
0.5822785 0.982834
0.6075949 0.2494937
0.6329114 0.08961036
0.6582278 0.005371012
0.6835443 0.0008990932
0.7088608 0.0001273886
0.7341772 1.668276e-05
0.7594937 1.649487e-07
0.7848101 1.669432e-08
0.8101266 1.242418e-09
0.835443 2.928572e-12
0.8607595 1.218275e-15
0.8860759 3.230251e-16
0.9113924 2.039855e-16
0.9367089 9.994785e-17
0.9620253 3.889102e-17
0.9873418 1.193495e-17
1.012658 2.824999e-18
1.037975 5.154509e-19
1.063291 7.375547e-20
1.088608 8.495952e-21
1.113924 8.232739e-22
1.139241 8.176459e-23
1.164557 2.015587e-23
1.189873 1.555185e-23
1.21519 1.506309e-23
1.240506 1.403149e-23
1.265823 1.187183e-23
1.291139 8.88055e-24
1.316456 5.769952e-24
1.341772 3.227076e-24
1.367089 1.564354e-24
1.392405 6.703865e-25
1.417722 2.597301e-25
1.443038 9.307177e-26
1.468354 3.158835e-26
1.493671 1.03825e-26
1.518987 3.358774e-27
1.544304 1.077959e-27
1.56962 3.436032e-28
1.594937 1.085076e-28
1.620253 3.382009e-29
1.64557 1.036066e-29
1.670886 3.10522e-30
1.696203 9.058648e-31
1.721519 2.558769e-31
1.746835 6.96711e-32
1.772152 1.823264e-32
1.797468 4.580817e-33
1.822785 1.106048e-33
1.848101 2.581334e-34
1.873418 5.912152e-35
1.898734 1.388802e-35
1.924051 3.462823e-36
1.949367 8.768736e-37
1.974684 2.143051e-37
2 4.932211e-38
