0.3797468 1
0.4050633 1
0.4303797 1
0.4556962 0.9999687
0.4810127 0.996517
0.5063291 0.9332543
0.5316456 0.4552727
0.556962 0.01094602
0.5822785 0.002583961
0.6075949 0.0001847482
0.6329114 8.337374e-06
0.6582278 2.048839e-07
0.6835443 5.302498e-09
0.7088608 1.250301e-10
0.7341772 4.44416e-12
0.7594937 1.929145e-13
0.7848101 5.749017e-15
0.8101266 6.34917e-16
0.835443 1.090109e-16
0.8607595 8.89062e-17
0.8860759 2.022406e-16
0.9113924 4.225625e-16
0.9367089 7.404142e-16
0.9620253 1.072624e-15
0.9873418 1.276227e-15
1.012658 1.253248e-15
1.037975 1.03751e-15
1.063291 7.489475e-16
1.088608 4.865718e-16
1.113924 2.912252e-16
1.139241 1.620273e-16
1.164557 8.369985e-17
1.189873 3.996402e-17
1.21519 1.753929e-17
1.240506 7.033498e-18
1.265823 2.560883e-18
1.291139 8.405694e-19
1.316456 2.466319e-19
1.341772 6.401014e-20
1.367089 1.449867e-20
1.392405 2.816535e-21
1.417722 4.586936e-22
1.443038 6.077239e-23
1.468354 6.288945e-24
1.493671 4.806853e-25
1.518987 2.522427e-26
1.544304 8.733875e-28
1.56962 2.789115e-29
1.594937 1.794458e-30
1.620253 1.824169e-31
1.64557 2.087651e-32
1.670886 2.594306e-33
1.696203 3.25382e-34
1.721519 3.907355e-35
1.746835 4.375619e-36
1.772152 4.518277e-37
1.797468 4.282723e-38
1.822785 3.72483e-39
1.848101 2.978869e-40
1.873418 2.192365e-41
1.898734 1.473302e-42
1.924051 8.793308e-44
1.949367 4.376938e-45
1.974684 1.597854e-46
2 3.152155e-48
