0.02531646 1
0.05063291 1
0.07594937 0.999997
0.1012658 0.9999954
0.1265823 0.9999977
0.1518987 0.9999552
0.1772152 0.9908053
0.2025316 0.9980223
0.2278481 0.9999502
0.2531646 0.9992435
0.278481 0.9974657
0.3037975 0.99747
0.3291139 0.9898686
0.3544304 0.9965522
0.3797468 0.9999364
0.4050633 0.9999578
0.4303797 0.9999578
0.4556962 0.9999577
0.4810127 0.9999547
0.5063291 0.9999467
0.5316456 0.999957
0.556962 0.9999288
0.5822785 0.9966921
0.6075949 0.8886011
0.6329114 0.3208745
0.6582278 0.01963842
0.6835443 0.0001412627
0.7088608 7.17257e-08
0.7341772 1.743836e-12
0.7594937 1.625804e-15
0.7848101 1.359881e-15
0.8101266 5.837902e-16
0.835443 2.712716e-16
0.8607595 1.188254e-16
0.8860759 5.096909e-17
0.9113924 2.14234e-17
0.9367089 8.868639e-18
0.9620253 3.656788e-18
0.9873418 1.522142e-18
1.012658 6.419673e-19
1.037975 2.721757e-19
1.063291 1.148059e-19
1.088608 4.731195e-20
1.113924 1.855841e-20
1.139241 6.740146e-21
1.164557 2.241563e-21
1.189873 6.867255e-22
1.21519 1.925758e-22
1.240506 4.950226e-23
1.265823 1.195436e-23
1.291139 2.809445e-24
1.316456 6.582419e-25
1.341772 1.524775e-25
1.367089 3.404407e-26
1.392405 7.245422e-27
1.417722 1.468585e-27
1.443038 2.759298e-28
1.468354 4.71925e-29
1.493671 7.333294e-30
1.518987 1.079737e-30
1.544304 1.667402e-31
1.56962 3.016931e-32
1.594937 6.375727e-33
1.620253 1.419305e-33
1.64557 3.069664e-34
1.670886 6.288156e-35
1.696203 1.209792e-35
1.721519 2.176499e-36
1.746835 3.701332e-37
1.772152 6.051936e-38
1.797468 9.7076e-39
1.822785 1.543757e-39
1.848101 2.42165e-40
1.873418 3.707474e-41
1.898734 5.489247e-42
1.924051 7.695071e-43
1.949367 9.808565e-44
1.974684 1.069632e-44
2 9.140229e-46
