0.02531646 1
0.05063291 0.9999998
0.07594937 1
0.1012658 1
0.1265823 1
0.1518987 0.9999998
0.1772152 0.9999963
0.2025316 0.9998742
0.2278481 0.9740617
0.2531646 0.9971284
0.278481 0.999221
0.3037975 0.9987268
0.3291139 0.9335973
0.3544304 0.9681451
0.3797468 0.9978327
0.4050633 0.9868299
0.4303797 0.988747
0.4556962 0.9973772
0.4810127 0.9749065
0.5063291 0.9251086
0.5316456 0.9444947
0.556962 0.9910508
0.5822785 0.9883634
0.6075949 0.7714308
0.6329114 0.1687727
0.6582278 0.006814894
0.6835443 3.389e-05
0.7088608 1.481485e-07
0.7341772 2.847929e-07
0.7594937 2.994695e-06
0.7848101 7.210277e-06
0.8101266 1.753468e-05
0.835443 6.489676e-05
0.8607595 7.954445e-05
0.8860759 1.355228e-05
0.9113924 7.130049e-07
0.9367089 1.6053e-07
0.9620253 2.455142e-07
0.9873418 4.775329e-06
1.012658 3.982228e-06
1.037975 1.249069e-06
1.063291 2.981622e-07
1.088608 6.116671e-08
1.113924 1.827181e-08
1.139241 4.381501e-08
1.164557 1.115521e-06
1.189873 8.353567e-06
1.21519 8.353567e-06
1.240506 6.424676e-06
1.265823 1.612336e-06
1.291139 3.3384e-06
1.316456 8.334778e-06
1.341772 2.443255e-05
1.367089 7.782428e-05
1.392405 8.557884e-05
1.417722 4.013299e-05
1.443038 1.468766e-05
1.468354 2.150345e-06
1.493671 1.597025e-07
1.518987 4.43867e-08
1.544304 2.623493e-08
1.56962 1.406875e-08
1.594937 4.543113e-09
1.620253 8.825927e-10
1.64557 7.148011e-10
1.670886 7.148011e-10
1.696203 1.166708e-09
1.721519 2.242468e-09
1.746835 2.941318e-09
1.772152 3.010144e-09
1.797468 3.473748e-09
1.822785 6.206317e-09
1.848101 4.826447e-09
1.873418 1.731034e-09
1.898734 3.687102e-10
1.924051 3.329445e-11
1.949367 1.236304e-12
1.974684 6.010341e-13
2 8.299721e-13
