0.02531646 1.000001
0.05063291 1
0.07594937 0.9999997
0.1012658 0.9999999
0.1265823 0.9999948
0.1518987 0.9999983
0.1772152 0.9999998
0.2025316 0.9999997
0.2278481 0.9938097
0.2531646 0.9767614
0.278481 0.9817849
0.3037975 0.9945609
0.3291139 0.9983615
0.3544304 0.999866
0.3797468 0.9976056
0.4050633 0.9795371
0.4303797 0.9956799
0.4556962 0.995826
0.4810127 0.9946444
0.5063291 0.9943308
0.5316456 0.9698454
0.556962 0.9928033
0.5822785 0.9980973
0.6075949 0.9125047
0.6329114 0.2667482
0.6582278 0.002465631
0.6835443 1.858276e-06
0.7088608 1.803751e-10
0.7341772 3.259062e-15
0.7594937 2.877689e-15
0.7848101 9.573035e-16
0.8101266 3.176948e-16
0.835443 1.231035e-16
0.8607595 5.145715e-17
0.8860759 2.767213e-17
0.9113924 1.942127e-17
0.9367089 1.513615e-17
0.9620253 1.146496e-17
0.9873418 7.955067e-18
1.012658 4.934364e-18
1.037975 2.699645e-18
1.063291 1.286765e-18
1.088608 5.235555e-19
1.113924 1.739402e-19
1.139241 4.290334e-20
1.164557 6.536523e-21
1.189873 5.810733e-22
1.21519 1.965172e-22
1.240506 7.279172e-23
1.265823 2.366172e-23
1.291139 6.613998e-24
1.316456 1.570848e-24
1.341772 3.135441e-25
1.367089 5.211855e-26
1.392405 7.163046e-27
1.417722 8.113038e-28
1.443038 7.669513e-29
1.468354 6.424074e-30
1.493671 5.516957e-31
1.518987 5.726306e-32
1.544304 7.308173e-33
1.56962 1.072137e-33
1.594937 1.731203e-34
1.620253 2.931236e-35
1.64557 4.931521e-36
1.670886 7.972221e-37
1.696203 1.227307e-37
1.721519 1.821816e-38
1.746835 2.641458e-39
1.772152 3.715463e-40
1.797468 4.917127e-41
1.822785 6.067803e-42
1.848101 7.495715e-43
1.873418 1.016488e-43
1.898734 1.424929e-44
1.924051 1.821532e-45
1.949367 1.906275e-46
1.974684 1.424933e-47
2 5.624746e-49
