0.02531646 0.9999999
0.05063291 1
0.07594937 0.9999687
0.1012658 0.9997902
0.1265823 0.9999909
0.1518987 0.9999999
0.1772152 1
0.2025316 0.9999985
0.2278481 0.9999809
0.2531646 0.9862735
0.278481 0.9943213
0.3037975 0.9994753
0.3291139 0.9970211
0.3544304 0.9112749
0.3797468 0.9645621
0.4050633 0.96233
0.4303797 0.9884736
0.4556962 0.9148531
0.4810127 0.746194
0.5063291 0.9263644
0.5316456 0.994955
0.556962 0.9953121
0.5822785 0.9183979
0.6075949 0.3893172
0.6329114 0.01993495
0.6582278 0.0004845023
0.6835443 2.24003e-06
0.7088608 7.293091e-07
0.7341772 1.253758e-07
0.7594937 3.849341e-08
0.7848101 3.40341e-09
0.8101266 9.263244e-08
0.835443 2.279991e-06
0.8607595 1.283794e-05
0.8860759 3.95318e-05
0.9113924 7.878559e-05
0.9367089 8.402835e-05
0.9620253 3.595452e-05
0.9873418 1.132351e-05
1.012658 6.499974e-06
1.037975 2.924875e-06
1.063291 1.143813e-06
1.088608 1.146396e-06
1.113924 1.32012e-06
1.139241 3.723666e-06
1.164557 3.675667e-06
1.189873 3.228221e-06
1.21519 1.261799e-05
1.240506 2.371817e-05
1.265823 3.785423e-05
1.291139 3.85391e-05
1.316456 3.898765e-05
1.341772 4.09895e-05
1.367089 4.09895e-05
1.392405 3.060525e-05
1.417722 1.972357e-05
1.443038 1.33266e-05
1.468354 9.452472e-06
1.493671 6.813342e-06
1.518987 4.378769e-06
1.544304 1.920238e-06
1.56962 3.629919e-07
1.594937 5.001385e-08
1.620253 1.118899e-08
1.64557 4.895489e-09
1.670886 2.701703e-09
1.696203 2.01355e-09
1.721519 3.550884e-09
1.746835 1.811631e-08
1.772152 1.471873e-07
1.797468 5.803225e-07
1.822785 1.363865e-06
1.848101 1.391349e-06
1.873418 1.251248e-06
1.898734 3.687861e-07
1.924051 3.179886e-08
1.949367 8.352918e-10
1.974684 1.789658e-10
2 4.060918e-10
