0.02531646 1
0.05063291 1
0.07594937 1
0.1012658 1
0.1265823 1
0.1518987 0.9999938
0.1772152 0.9994729
0.2025316 0.9993509
0.2278481 0.9983907
0.2531646 0.989898
0.278481 0.945274
0.3037975 0.7375786
0.3291139 0.9911989
0.3544304 0.9828703
0.3797468 0.964246
0.4050633 0.9826994
0.4303797 0.9053954
0.4556962 0.8222894
0.4810127 0.7547223
0.5063291 0.7379674
0.5316456 0.9281617
0.556962 0.979012
0.5822785 0.7293643
0.6075949 0.1177751
0.6329114 0.004343681
0.6582278 0.0007194266
0.6835443 0.0006298681
0.7088608 0.001621408
0.7341772 0.0004308118
0.7594937 6.828415e-05
0.7848101 0.0001001768
0.8101266 0.0008966292
0.835443 0.002997999
0.8607595 0.003954334
0.8860759 0.003955703
0.9113924 0.001779762
0.9367089 0.0001482085
0.9620253 4.333419e-05
0.9873418 4.711107e-05
1.012658 0.0001410137
1.037975 0.0002119272
1.063291 0.0001330936
1.088608 3.120751e-05
1.113924 3.24073e-06
1.139241 6.60194e-07
1.164557 1.11373e-06
1.189873 1.088978e-05
1.21519 9.282292e-05
1.240506 0.0001498568
1.265823 0.0001333605
1.291139 1.326847e-05
1.316456 7.363011e-07
1.341772 8.287922e-08
1.367089 3.432633e-06
1.392405 4.527438e-05
1.417722 0.0002076436
1.443038 0.000363664
1.468354 0.0003802863
1.493671 0.0003453172
1.518987 0.0002890574
1.544304 9.508513e-05
1.56962 1.768319e-05
1.594937 2.992753e-06
1.620253 2.432161e-06
1.64557 3.083895e-06
1.670886 3.196571e-06
1.696203 7.559772e-07
1.721519 8.074182e-07
1.746835 2.462895e-07
1.772152 5.434937e-09
1.797468 8.654731e-10
1.822785 8.654731e-10
1.848101 8.654895e-10
1.873418 9.699536e-10
1.898734 1.260418e-09
1.924051 1.22816e-09
1.949367 1.245074e-09
1.974684 1.692201e-09
2 4.278473e-09
