0.02531646 1
0.05063291 1
0.07594937 0.9999365
0.1012658 0.981581
0.1265823 0.9947749
0.1518987 0.9950596
0.1772152 0.9533675
0.2025316 0.9989136
0.2278481 0.9997716
0.2531646 0.999734
0.278481 0.9943044
0.3037975 0.9745882
0.3291139 0.9912737
0.3544304 0.9962215
0.3797468 0.8141888
0.4050633 0.9694402
0.4303797 0.9542873
0.4556962 0.7775913
0.4810127 0.9834268
0.5063291 0.9879343
0.5316456 0.9768083
0.556962 0.8672004
0.5822785 0.3027382
0.6075949 0.01287309
0.6329114 0.0003640261
0.6582278 2.416393e-05
0.6835443 1.962052e-05
0.7088608 6.612574e-05
0.7341772 5.055724e-05
0.7594937 7.608484e-06
0.7848101 3.507209e-06
0.8101266 4.493396e-06
0.835443 5.133917e-05
0.8607595 0.000405807
0.8860759 0.0009988451
0.9113924 0.001031423
0.9367089 0.0003446994
0.9620253 4.094977e-05
0.9873418 4.20309e-06
1.012658 4.028195e-07
1.037975 2.989821e-08
1.063291 1.171998e-08
1.088608 7.080763e-09
1.113924 5.118957e-09
1.139241 5.118752e-09
1.164557 5.118519e-09
1.189873 5.118294e-09
1.21519 5.118043e-09
1.240506 5.1178e-09
1.265823 5.119767e-09
1.291139 5.121038e-09
1.316456 5.117271e-09
1.341772 5.11727e-09
1.367089 6.150472e-09
1.392405 1.390947e-07
1.417722 1.427282e-06
1.443038 5.555936e-06
1.468354 1.397193e-05
1.493671 5.36324e-05
1.518987 9.125435e-05
1.544304 2.420675e-05
1.56962 2.350887e-06
1.594937 1.792042e-06
1.620253 1.41528e-05
1.64557 4.34806e-05
1.670886 2.917427e-05
1.696203 5.879713e-06
1.721519 3.553158e-07
1.746835 1.065639e-07
1.772152 5.276253e-08
1.797468 7.684187e-10
1.822785 1.311967e-10
1.848101 1.49595e-10
1.873418 2.144713e-11
1.898734 2.102773e-12
1.924051 1.270265e-12
1.949367 9.280052e-13
1.974684 7.061961e-13
2 3.926285e-13
