0.2531646 1
0.278481 1
0.3037975 0.9999998
0.3291139 0.9999739
0.3544304 0.999393
0.3797468 0.9971701
0.4050633 0.8626162
0.4303797 0.1780945
0.4556962 0.008648357
0.4810127 0.0001383891
0.5063291 1.673857e-06
0.5316456 4.629022e-08
0.556962 2.677139e-09
0.5822785 4.694167e-10
0.6075949 6.816056e-11
0.6329114 5.882346e-12
0.6582278 1.529696e-11
0.6835443 7.87244e-09
0.7088608 1.088467e-06
0.7341772 3.249828e-06
0.7594937 3.249828e-06
0.7848101 3.249828e-06
0.8101266 1.19274e-06
0.835443 9.960107e-08
0.8607595 7.978246e-08
0.8860759 7.223267e-08
0.9113924 2.190918e-08
0.9367089 1.128987e-08
0.9620253 5.489104e-09
0.9873418 6.475434e-09
1.012658 2.362201e-08
1.037975 7.273934e-08
1.063291 1.063804e-07
1.088608 4.506661e-09
1.113924 1.383539e-10
1.139241 7.725704e-11
1.164557 5.134898e-11
1.189873 2.357093e-11
1.21519 8.876461e-12
1.240506 2.482482e-12
1.265823 2.521863e-13
1.291139 2.834706e-14
1.316456 5.446394e-15
1.341772 2.477701e-15
1.367089 1.550061e-15
1.392405 1.116206e-15
1.417722 8.662125e-16
1.443038 6.886333e-16
1.468354 5.482447e-16
1.493671 4.265466e-16
1.518987 3.175334e-16
1.544304 2.232654e-16
1.56962 1.472768e-16
1.594937 9.076584e-17
1.620253 5.208193e-17
1.64557 2.776757e-17
1.670886 1.377752e-17
1.696203 6.413552e-18
1.721519 2.847928e-18
1.746835 1.233815e-18
1.772152 5.304145e-19
1.797468 2.253241e-19
1.822785 9.188824e-20
1.848101 3.44969e-20
1.873418 1.142236e-20
1.898734 3.199111e-21
1.924051 7.228616e-22
1.949367 1.232673e-22
1.974684 1.409786e-23
2 8.110967e-25
