0.5822785 1
0.6075949 1
0.6329114 1
0.6582278 1
0.6835443 0.9999992
0.7088608 0.9995663
0.7341772 0.9679104
0.7594937 0.6037788
0.7848101 0.0519623
0.8101266 0.001532813
0.835443 7.023926e-05
0.8607595 1.786698e-06
0.8860759 3.109488e-08
0.9113924 2.289018e-10
0.9367089 1.057628e-12
0.9620253 8.448752e-15
0.9873418 3.539398e-16
1.012658 1.394873e-17
1.037975 1.642183e-19
1.063291 2.020791e-22
1.088608 2.992628e-27
1.113924 4.859728e-31
1.139241 6.881344e-33
1.164557 2.983435e-34
1.189873 1.526567e-35
1.21519 6.79566e-37
1.240506 2.321867e-38
1.265823 6.239215e-40
1.291139 1.129912e-41
1.316456 1.354204e-43
1.341772 7.439131e-46
1.367089 4.42132e-49
1.392405 5.64472e-53
1.417722 2.681113e-54
1.443038 1.97063e-55
1.468354 1.510911e-56
1.493671 1.066689e-57
1.518987 6.621573e-59
1.544304 3.537934e-60
1.56962 1.611298e-61
1.594937 6.273449e-63
1.620253 2.15043e-64
1.64557 7.032269e-66
1.670886 2.500178e-67
1.696203 1.026328e-68
1.721519 4.440902e-70
1.746835 1.79809e-71
1.772152 6.388444e-73
1.797468 1.955289e-74
1.822785 5.295054e-76
1.848101 1.39491e-77
1.873418 3.987307e-79
1.898734 1.210929e-80
1.924051 3.568512e-82
1.949367 9.25206e-84
1.974684 1.812948e-85
2 1.950343e-87
