0.1518987 1
0.1772152 0.9999999
0.2025316 1
0.2278481 1
0.2531646 1
0.278481 1
0.3037975 1
0.3291139 1
0.3544304 1
0.3797468 0.9999999
0.4050633 0.9999999
0.4303797 1
0.4556962 1
0.4810127 1
0.5063291 0.9999999
0.5316456 0.9999975
0.556962 0.9999153
0.5822785 0.9964636
0.6075949 0.8319481
0.6329114 0.1609344
0.6582278 0.007390167
0.6835443 9.414496e-05
0.7088608 3.374888e-07
0.7341772 4.085696e-10
0.7594937 1.874839e-10
0.7848101 1.715944e-08
0.8101266 1.01016e-08
0.835443 1.617547e-09
0.8607595 9.417594e-10
0.8860759 1.258369e-09
0.9113924 1.656613e-09
0.9367089 1.185959e-08
0.9620253 1.621861e-07
0.9873418 1.975049e-06
1.012658 4.216008e-06
1.037975 3.078672e-06
1.063291 2.371737e-07
1.088608 1.868972e-07
1.113924 4.855123e-07
1.139241 1.077654e-07
1.164557 3.788394e-07
1.189873 3.348171e-08
1.21519 3.581705e-08
1.240506 3.884538e-07
1.265823 1.832449e-06
1.291139 7.282696e-07
1.316456 1.84068e-08
1.341772 5.712825e-10
1.367089 6.399008e-10
1.392405 9.108177e-10
1.417722 3.285943e-10
1.443038 1.795394e-11
1.468354 1.750032e-11
1.493671 1.627402e-11
1.518987 9.170513e-12
1.544304 4.575786e-12
1.56962 2.217275e-12
1.594937 9.308211e-13
1.620253 3.265364e-13
1.64557 9.7658e-14
1.670886 2.546563e-14
1.696203 6.625797e-15
1.721519 2.288904e-15
1.746835 9.713925e-16
1.772152 3.54923e-16
1.797468 1.061528e-16
1.822785 2.532275e-17
1.848101 4.88711e-18
1.873418 9.09696e-19
1.898734 2.187928e-19
1.924051 5.849616e-20
1.949367 1.254756e-20
1.974684 1.827719e-21
2 1.350988e-22
