0.02531646 0.9999745
0.05063291 0.999975
0.07594937 0.9999394
0.1012658 0.9988202
0.1265823 0.999895
0.1518987 0.9999519
0.1772152 0.9999906
0.2025316 0.9998372
0.2278481 0.9992962
0.2531646 0.9990562
0.278481 0.9997763
0.3037975 0.9998829
0.3291139 0.9999399
0.3544304 0.9999893
0.3797468 0.9999926
0.4050633 0.9994961
0.4303797 0.996574
0.4556962 0.9920315
0.4810127 0.9896863
0.5063291 0.9847553
0.5316456 0.9886086
0.556962 0.9978814
0.5822785 0.9769284
0.6075949 0.3340441
0.6329114 0.02315806
0.6582278 0.02721295
0.6835443 0.005649737
0.7088608 0.0001447316
0.7341772 2.883024e-05
0.7594937 3.075725e-05
0.7848101 1.561769e-05
0.8101266 1.019811e-06
0.835443 2.588465e-07
0.8607595 1.665699e-08
0.8860759 1.93135e-10
0.9113924 2.249678e-13
0.9367089 1.367541e-16
0.9620253 6.40525e-17
0.9873418 3.712576e-17
1.012658 1.574644e-17
1.037975 5.197084e-18
1.063291 1.362812e-18
1.088608 2.883526e-19
1.113924 4.999303e-20
1.139241 7.216007e-21
1.164557 8.849797e-22
1.189873 9.740061e-23
1.21519 1.285415e-23
1.240506 4.416334e-24
1.265823 3.249093e-24
1.291139 2.679752e-24
1.316456 2.09986e-24
1.341772 1.500351e-24
1.367089 9.58138e-25
1.392405 5.43652e-25
1.417722 2.765143e-25
1.443038 1.276223e-25
1.468354 5.385876e-26
1.493671 2.094677e-26
1.518987 7.611609e-27
1.544304 2.633022e-27
1.56962 8.836915e-28
1.594937 2.920818e-28
1.620253 9.583527e-29
1.64557 3.123186e-29
1.670886 1.006259e-29
1.696203 3.185326e-30
1.721519 9.85855e-31
1.746835 2.976772e-31
1.772152 8.771788e-32
1.797468 2.526261e-32
1.822785 7.116382e-33
1.848101 1.957597e-33
1.873418 5.234816e-34
1.898734 1.354313e-34
1.924051 3.394773e-35
1.949367 8.385149e-36
1.974684 2.132255e-36
2 5.975123e-37
