0.1265823 1
0.1518987 1
0.1772152 1
0.2025316 0.9999999
0.2278481 0.9999999
0.2531646 1
0.278481 1
0.3037975 1
0.3291139 1
0.3544304 1
0.3797468 1
0.4050633 1
0.4303797 1
0.4556962 1
0.4810127 1
0.5063291 1
0.5316456 1
0.556962 0.9999999
0.5822785 0.9999973
0.6075949 0.9999273
0.6329114 0.9973869
0.6582278 0.8486547
0.6835443 0.1416651
0.7088608 0.01269518
0.7341772 0.0001218419
0.7594937 1.288998e-07
0.7848101 1.726608e-10
0.8101266 1.828451e-10
0.835443 7.093523e-10
0.8607595 1.335159e-09
0.8860759 3.161559e-09
0.9113924 4.802555e-09
0.9367089 4.788222e-09
0.9620253 4.776958e-09
0.9873418 7.490768e-09
1.012658 7.283311e-08
1.037975 5.103039e-06
1.063291 6.66747e-05
1.088608 0.0001047619
1.113924 4.04747e-06
1.139241 5.061986e-08
1.164557 2.554571e-08
1.189873 1.484882e-07
1.21519 1.018406e-06
1.240506 3.594235e-06
1.265823 1.342749e-07
1.291139 2.336408e-09
1.316456 2.722093e-09
1.341772 6.569014e-09
1.367089 1.001377e-08
1.392405 9.113598e-09
1.417722 4.786085e-09
1.443038 3.531529e-09
1.468354 1.804057e-09
1.493671 3.672427e-10
1.518987 2.159138e-10
1.544304 2.057829e-10
1.56962 1.581815e-10
1.594937 8.541835e-11
1.620253 3.998797e-11
1.64557 1.43166e-11
1.670886 3.482938e-12
1.696203 5.339182e-13
1.721519 4.45605e-14
1.746835 2.490454e-15
1.772152 6.189531e-16
1.797468 1.900883e-16
1.822785 5.174877e-17
1.848101 1.287327e-17
1.873418 3.223042e-18
1.898734 8.690796e-19
1.924051 2.136923e-19
1.949367 4.047732e-20
1.974684 5.237999e-21
2 3.52582e-22
