0.02531646 1
0.05063291 1
0.07594937 1
0.1012658 1
0.1265823 0.9999994
0.1518987 0.9999978
0.1772152 0.9999973
0.2025316 0.9999982
0.2278481 0.9999999
0.2531646 1
0.278481 1
0.3037975 1
0.3291139 1
0.3544304 0.9999999
0.3797468 0.9999998
0.4050633 0.9999998
0.4303797 0.9999998
0.4556962 0.9999793
0.4810127 0.999946
0.5063291 0.9999984
0.5316456 0.9999984
0.556962 0.9999242
0.5822785 0.9865297
0.6075949 0.7340314
0.6329114 0.1223942
0.6582278 0.001196289
0.6835443 1.550373e-06
0.7088608 1.090674e-09
0.7341772 7.13772e-10
0.7594937 3.127813e-09
0.7848101 2.004406e-09
0.8101266 2.063466e-08
0.835443 2.446597e-07
0.8607595 4.245045e-07
0.8860759 3.450949e-07
0.9113924 7.52521e-08
0.9367089 2.36218e-08
0.9620253 7.367007e-08
0.9873418 2.33099e-07
1.012658 1.928021e-09
1.037975 2.206193e-10
1.063291 2.459489e-10
1.088608 1.357992e-11
1.113924 2.571994e-16
1.139241 6.875751e-17
1.164557 1.316008e-18
1.189873 6.788014e-20
1.21519 1.119762e-20
1.240506 1.630698e-21
1.265823 1.918639e-22
1.291139 1.839788e-23
1.316456 1.53138e-24
1.341772 1.318225e-25
1.367089 1.571915e-26
1.392405 2.901306e-27
1.417722 6.784717e-28
1.443038 1.685271e-28
1.468354 4.250911e-29
1.493671 1.114861e-29
1.518987 3.108653e-30
1.544304 9.005716e-31
1.56962 2.569014e-31
1.594937 6.945516e-32
1.620253 1.781662e-32
1.64557 4.396332e-33
1.670886 1.052222e-33
1.696203 2.458271e-34
1.721519 5.63105e-35
1.746835 1.274755e-35
1.772152 2.876871e-36
1.797468 6.460408e-37
1.822785 1.436832e-37
1.848101 3.133988e-38
1.873418 6.65915e-39
1.898734 1.372743e-39
1.924051 2.696238e-40
1.949367 4.861019e-41
1.974684 7.31804e-42
2 6.936619e-43
