0.02531646 1
0.05063291 0.9999994
0.07594937 0.9999997
0.1012658 0.9999999
0.1265823 1
0.1518987 1
0.1772152 1
0.2025316 0.9999998
0.2278481 0.9999996
0.2531646 0.9999994
0.278481 0.9999997
0.3037975 1
0.3291139 1
0.3544304 1
0.3797468 0.9999998
0.4050633 1
0.4303797 1
0.4556962 0.9999999
0.4810127 0.9999922
0.5063291 0.9997595
0.5316456 0.9998592
0.556962 0.9998896
0.5822785 0.9884777
0.6075949 0.7639802
0.6329114 0.1214524
0.6582278 0.001069388
0.6835443 7.274118e-07
0.7088608 3.497289e-10
0.7341772 4.496366e-11
0.7594937 5.265615e-09
0.7848101 4.975102e-08
0.8101266 5.509213e-08
0.835443 5.87231e-09
0.8607595 4.894062e-09
0.8860759 4.894062e-09
0.9113924 4.894062e-09
0.9367089 4.894062e-09
0.9620253 4.894062e-09
0.9873418 4.894062e-09
1.012658 1.964335e-08
1.037975 2.030216e-10
1.063291 1.957774e-11
1.088608 1.150828e-11
1.113924 6.080225e-14
1.139241 2.027779e-16
1.164557 3.01027e-18
1.189873 8.91076e-20
1.21519 1.490818e-20
1.240506 2.357881e-21
1.265823 3.035665e-22
1.291139 3.140455e-23
1.316456 2.652376e-24
1.341772 1.983839e-25
1.367089 1.717681e-26
1.392405 2.530566e-27
1.417722 5.701045e-28
1.443038 1.439692e-28
1.468354 3.661336e-29
1.493671 9.390205e-30
1.518987 2.493716e-30
1.544304 6.863066e-31
1.56962 1.884816e-31
1.594937 4.951158e-32
1.620253 1.230693e-32
1.64557 2.929774e-33
1.670886 6.75209e-34
1.696203 1.522477e-34
1.721519 3.385935e-35
1.746835 7.507496e-36
1.772152 1.663484e-36
1.797468 3.674625e-37
1.822785 8.031997e-38
1.848101 1.719642e-38
1.873418 3.587125e-39
1.898734 7.255753e-40
1.924051 1.397802e-40
1.949367 2.4637e-41
1.974684 3.593732e-42
2 3.258621e-43
