0.02531646 0.9999998
0.05063291 1
0.07594937 1
0.1012658 1
0.1265823 1
0.1518987 1
0.1772152 1
0.2025316 1
0.2278481 1
0.2531646 0.9999996
0.278481 0.999996
0.3037975 0.9999898
0.3291139 0.9999993
0.3544304 0.9999875
0.3797468 0.999999
0.4050633 0.999999
0.4303797 1
0.4556962 1
0.4810127 1
0.5063291 1
0.5316456 1
0.556962 0.9999571
0.5822785 0.9914244
0.6075949 0.7906069
0.6329114 0.1255343
0.6582278 0.003739731
0.6835443 1.712862e-05
0.7088608 5.729011e-07
0.7341772 1.974933e-06
0.7594937 7.623296e-07
0.7848101 4.174345e-06
0.8101266 3.907327e-05
0.835443 3.982213e-05
0.8607595 1.529437e-05
0.8860759 1.783172e-06
0.9113924 3.134419e-08
0.9367089 1.055433e-09
0.9620253 6.999341e-10
0.9873418 7.213374e-11
1.012658 3.827286e-13
1.037975 5.161339e-16
1.063291 8.40142e-18
1.088608 1.395087e-18
1.113924 4.478229e-19
1.139241 1.756645e-19
1.164557 7.0242e-20
1.189873 2.484247e-20
1.21519 7.405422e-21
1.240506 1.84051e-21
1.265823 3.814208e-22
1.291139 6.628805e-23
1.316456 9.815723e-24
1.341772 1.294617e-24
1.367089 1.732091e-25
1.392405 3.140637e-26
1.417722 9.397184e-27
1.443038 3.818473e-27
1.468354 1.691122e-27
1.493671 7.354325e-28
1.518987 2.998992e-28
1.544304 1.125818e-28
1.56962 3.80231e-29
1.594937 1.152942e-29
1.620253 3.225213e-30
1.64557 8.459259e-31
1.670886 2.124853e-31
1.696203 5.320153e-32
1.721519 1.382864e-32
1.746835 3.806414e-33
1.772152 1.063899e-33
1.797468 2.75214e-34
1.822785 6.067658e-35
1.848101 1.090378e-35
1.873418 1.597739e-36
1.898734 2.045949e-37
1.924051 2.717749e-38
1.949367 4.400844e-39
1.974684 7.925051e-40
2 1.190506e-40
