0.5316456 1
0.556962 1
0.5822785 1
0.6075949 1
0.6329114 0.9999983
0.6582278 0.9994685
0.6835443 0.9786554
0.7088608 0.7832533
0.7341772 0.1083575
0.7594937 0.004821353
0.7848101 0.0001562248
0.8101266 4.829137e-06
0.835443 1.161021e-07
0.8607595 1.354277e-09
0.8860759 9.293258e-12
0.9113924 1.133734e-13
0.9367089 1.77892e-15
0.9620253 1.26742e-16
0.9873418 3.979738e-18
1.012658 3.411536e-20
1.037975 3.552641e-23
1.063291 8.94582e-28
1.088608 1.017767e-32
1.113924 4.677165e-36
1.139241 4.780023e-38
1.164557 9.832187e-40
1.189873 1.939175e-41
1.21519 2.910002e-43
1.240506 2.977715e-45
1.265823 2.109846e-47
1.291139 2.416254e-49
1.316456 1.396742e-50
1.341772 9.472813e-52
1.367089 5.510007e-53
1.392405 2.728305e-54
1.417722 1.173821e-55
1.443038 4.608922e-57
1.468354 1.774972e-58
1.493671 7.008565e-60
1.518987 2.773926e-61
1.544304 1.049319e-62
1.56962 3.753518e-64
1.594937 1.331348e-65
1.620253 5.080727e-67
1.64557 2.166652e-68
1.670886 9.876007e-70
1.696203 4.522265e-71
1.721519 2.026866e-72
1.746835 8.967628e-74
1.772152 3.992767e-75
1.797468 1.802205e-76
1.822785 8.165928e-78
1.848101 3.647414e-79
1.873418 1.568499e-80
1.898734 6.276454e-82
1.924051 2.223136e-83
1.949367 6.447717e-85
1.974684 1.341433e-86
2 1.478315e-88
