0.5063291 1
0.5316456 1
0.556962 1
0.5822785 1
0.6075949 0.999978
0.6329114 0.9943568
0.6582278 0.8204646
0.6835443 0.1369744
0.7088608 0.01201449
0.7341772 0.0005271805
0.7594937 6.236891e-05
0.7848101 1.440039e-06
0.8101266 2.772994e-08
0.835443 2.312556e-10
0.8607595 2.507378e-12
0.8860759 5.523177e-14
0.9113924 1.357429e-15
0.9367089 1.131115e-16
0.9620253 4.423229e-18
0.9873418 5.714744e-20
1.012658 1.386006e-22
1.037975 2.166126e-26
1.063291 1.309384e-31
1.088608 8.027648e-36
1.113924 1.429408e-38
1.139241 6.017611e-41
1.164557 4.347912e-43
1.189873 3.081157e-45
1.21519 2.768164e-47
1.240506 1.018703e-48
1.265823 5.793163e-50
1.291139 2.966884e-51
1.316456 1.357197e-52
1.341772 5.779393e-54
1.367089 2.409809e-55
1.392405 1.010103e-56
1.417722 4.273292e-58
1.443038 1.874816e-59
1.468354 9.051401e-61
1.493671 4.905026e-62
1.518987 2.839246e-63
1.544304 1.650618e-64
1.56962 9.297523e-66
1.594937 4.990675e-67
1.620253 2.536311e-68
1.64557 1.221112e-69
1.670886 5.631725e-71
1.696203 2.547391e-72
1.721519 1.168275e-73
1.746835 5.58024e-75
1.772152 2.800391e-76
1.797468 1.470867e-77
1.822785 8.027011e-79
1.848101 4.469548e-80
1.873418 2.444538e-81
1.898734 1.243069e-82
1.924051 5.488728e-84
1.949367 1.929947e-85
1.974684 4.726896e-87
2 5.985819e-89
