0.3544304 1
0.3797468 1
0.4050633 1
0.4303797 0.9999647
0.4556962 0.9944708
0.4810127 0.8705747
0.5063291 0.2949488
0.5316456 0.01429289
0.556962 0.0003266546
0.5822785 1.143573e-05
0.6075949 1.513109e-06
0.6329114 7.033519e-08
0.6582278 1.983478e-09
0.6835443 5.833813e-11
0.7088608 3.134231e-12
0.7341772 1.732258e-13
0.7594937 6.459275e-15
0.7848101 9.85883e-16
0.8101266 7.09643e-16
0.835443 2.746644e-15
0.8607595 2.141508e-14
0.8860759 2.034125e-13
0.9113924 9.65378e-13
0.9367089 2.282657e-12
0.9620253 3.133332e-12
0.9873418 2.927401e-12
1.012658 9.491907e-13
1.037975 2.763656e-13
1.063291 6.154149e-14
1.088608 1.601827e-14
1.113924 4.929734e-15
1.139241 2.099516e-15
1.164557 1.038708e-15
1.189873 4.728359e-16
1.21519 1.953961e-16
1.240506 7.264494e-17
1.265823 2.406489e-17
1.291139 7.027464e-18
1.316456 1.786683e-18
1.341772 3.895831e-19
1.367089 7.149149e-20
1.392405 1.077129e-20
1.417722 1.287896e-21
1.443038 1.163902e-22
1.468354 7.409273e-24
1.493671 3.067087e-25
1.518987 9.466413e-27
1.544304 5.092305e-28
1.56962 4.240248e-29
1.594937 3.917479e-30
1.620253 4.121463e-31
1.64557 4.587813e-32
1.670886 4.966863e-33
1.696203 4.918611e-34
1.721519 4.295691e-35
1.746835 3.229073e-36
1.772152 2.055541e-37
1.797468 1.103194e-38
1.822785 5.065285e-40
1.848101 2.071192e-41
1.873418 7.951656e-43
1.898734 2.941387e-44
1.924051 1.011706e-45
1.949367 2.935519e-47
1.974684 6.207031e-49
2 6.99666e-51
