0.05063291 1
0.07594937 1
0.1012658 0.9999999
0.1265823 1
0.1518987 1
0.1772152 0.9999966
0.2025316 0.9996207
0.2278481 0.9986375
0.2531646 0.9846781
0.278481 0.9888596
0.3037975 0.9828224
0.3291139 0.8008588
0.3544304 0.8286843
0.3797468 0.8410016
0.4050633 0.8869395
0.4303797 0.9701064
0.4556962 0.9745126
0.4810127 0.9398379
0.5063291 0.6049501
0.5316456 0.1452464
0.556962 0.02286225
0.5822785 0.006474566
0.6075949 0.001294353
0.6329114 0.009280396
0.6582278 0.02438764
0.6835443 0.0144875
0.7088608 0.002941866
0.7341772 0.0004077636
0.7594937 5.837544e-05
0.7848101 5.612853e-05
0.8101266 4.341777e-05
0.835443 3.962226e-05
0.8607595 3.961235e-05
0.8860759 0.0007923161
0.9113924 0.003824957
0.9367089 0.002159825
0.9620253 0.0003897639
0.9873418 1.684118e-05
1.012658 5.469787e-06
1.037975 5.468728e-06
1.063291 1.845662e-05
1.088608 6.975609e-05
1.113924 4.452743e-05
1.139241 9.059004e-06
1.164557 1.14407e-06
1.189873 1.605236e-05
1.21519 0.0001053592
1.240506 0.0004161423
1.265823 0.0004788217
1.291139 0.0002847467
1.316456 4.852254e-05
1.341772 1.130502e-05
1.367089 9.127833e-06
1.392405 4.375933e-06
1.417722 7.698431e-06
1.443038 4.338828e-06
1.468354 9.034281e-06
1.493671 1.288285e-05
1.518987 6.266958e-06
1.544304 8.015389e-07
1.56962 1.013169e-07
1.594937 6.540566e-09
1.620253 1.152868e-09
1.64557 3.813548e-10
1.670886 3.777078e-10
1.696203 3.935e-10
1.721519 5.345247e-10
1.746835 7.793823e-10
1.772152 9.26055e-10
1.797468 9.139641e-10
1.822785 7.345352e-10
1.848101 4.359774e-10
1.873418 1.591851e-10
1.898734 3.906808e-11
1.924051 1.103553e-11
1.949367 1.310426e-11
1.974684 4.792131e-11
2 1.892359e-10
