0.02531646 1
0.05063291 0.9999996
0.07594937 0.9999999
0.1012658 0.9999778
0.1265823 0.9970444
0.1518987 0.9997217
0.1772152 0.9999889
0.2025316 0.9998826
0.2278481 0.9998922
0.2531646 0.9999929
0.278481 0.9999668
0.3037975 0.9985674
0.3291139 0.9728518
0.3544304 0.9937375
0.3797468 0.9989833
0.4050633 0.9846016
0.4303797 0.9926605
0.4556962 0.9957526
0.4810127 0.9961348
0.5063291 0.9531659
0.5316456 0.9645243
0.556962 0.9970924
0.5822785 0.9984025
0.6075949 0.9238342
0.6329114 0.3388385
0.6582278 0.01155386
0.6835443 2.729908e-05
0.7088608 7.035991e-09
0.7341772 2.706128e-15
0.7594937 1.949786e-15
0.7848101 1.285967e-15
0.8101266 5.313073e-16
0.835443 2.334454e-16
0.8607595 9.663779e-17
0.8860759 3.796357e-17
0.9113924 1.414656e-17
0.9367089 4.989991e-18
0.9620253 1.662665e-18
0.9873418 5.225981e-19
1.012658 1.548605e-19
1.037975 4.334851e-20
1.063291 1.155579e-20
1.088608 2.984412e-21
1.113924 7.739366e-22
1.139241 2.166617e-22
1.164557 7.180548e-23
1.189873 2.857116e-23
1.21519 1.247225e-23
1.240506 5.434796e-24
1.265823 2.233325e-24
1.291139 8.401106e-25
1.316456 2.843951e-25
1.341772 8.5516e-26
1.367089 2.255489e-26
1.392405 5.153882e-27
1.417722 1.01012e-27
1.443038 1.692043e-28
1.468354 2.449647e-29
1.493671 3.202934e-30
1.518987 4.192939e-31
1.544304 6.310961e-32
1.56962 1.133371e-32
1.594937 2.191139e-33
1.620253 4.118381e-34
1.64557 7.218205e-35
1.670886 1.168951e-35
1.696203 1.743331e-36
1.721519 2.395205e-37
1.746835 3.062968e-38
1.772152 3.724742e-39
1.797468 4.456991e-40
1.822785 5.393569e-41
1.848101 6.620785e-42
1.873418 8.246698e-43
1.898734 1.042429e-43
1.924051 1.266722e-44
1.949367 1.347426e-45
1.974684 1.085222e-46
2 4.812933e-48
