0.6329114 1
0.6582278 1
0.6835443 1
0.7088608 1
0.7341772 1
0.7594937 1
0.7848101 0.9999938
0.8101266 0.9980618
0.835443 0.9190016
0.8607595 0.4000371
0.8860759 0.01494233
0.9113924 0.0004121941
0.9367089 1.073344e-05
0.9620253 1.72986e-07
0.9873418 9.145106e-10
1.012658 2.815983e-12
1.037975 8.211337e-14
1.063291 1.202311e-14
1.088608 5.899403e-16
1.113924 1.300675e-16
1.139241 2.425333e-17
1.164557 3.332949e-18
1.189873 3.535037e-19
1.21519 3.23733e-20
1.240506 2.618527e-21
1.265823 1.742049e-22
1.291139 8.041422e-24
1.316456 2.458045e-25
1.341772 2.899456e-27
1.367089 1.763874e-30
1.392405 1.206239e-32
1.417722 1.055632e-34
1.443038 3.89833e-37
1.468354 7.253783e-40
1.493671 3.430248e-42
1.518987 3.540135e-43
1.544304 3.743719e-44
1.56962 3.07912e-45
1.594937 1.9828e-46
1.620253 9.409555e-48
1.64557 3.184512e-49
1.670886 7.472816e-51
1.696203 1.10892e-52
1.721519 1.028438e-54
1.746835 5.263722e-57
1.772152 1.575288e-59
1.797468 3.001028e-62
1.822785 5.015695e-65
1.848101 1.573318e-67
1.873418 1.227265e-69
1.898734 1.115401e-71
1.924051 1.225639e-73
1.949367 1.570839e-75
1.974684 1.551865e-77
2 8.100917e-80
