0.5822785 1
0.6075949 1
0.6329114 1
0.6582278 1
0.6835443 1
0.7088608 1
0.7341772 1
0.7594937 1
0.7848101 1
0.8101266 1
0.835443 1
0.8607595 1
0.8860759 1
0.9113924 1
0.9367089 1
0.9620253 1
0.9873418 1
1.012658 1
1.037975 1
1.063291 1
1.088608 1
1.113924 0.9999574
1.139241 0.9950141
1.164557 0.933051
1.189873 0.0677849
1.21519 0.01293866
1.240506 0.0002380681
1.265823 8.1275e-07
1.291139 4.211738e-10
1.316456 7.755898e-14
1.341772 4.845712e-17
1.367089 1.898717e-23
1.392405 3.396378e-27
1.417722 8.176643e-28
1.443038 5.332093e-30
1.468354 1.192628e-33
1.493671 2.5603e-33
1.518987 4.2195e-33
1.544304 5.356042e-33
1.56962 5.279361e-33
1.594937 4.013823e-33
1.620253 2.258595e-33
1.64557 8.845185e-34
1.670886 2.298451e-34
1.696203 4.029826e-35
1.721519 5.224368e-36
1.746835 5.842086e-37
1.772152 5.916541e-38
1.797468 4.910127e-39
1.822785 3.41071e-40
1.848101 2.199359e-41
1.873418 1.277705e-42
1.898734 5.761268e-44
1.924051 2.099609e-45
1.949367 6.387982e-47
1.974684 1.689487e-48
2 3.63984e-50
