0.3291139 1
0.3544304 1
0.3797468 1
0.4050633 0.9999954
0.4303797 0.9994996
0.4556962 0.9898968
0.4810127 0.8624005
0.5063291 0.09127436
0.5316456 0.005298247
0.556962 0.0003516184
0.5822785 2.096222e-05
0.6075949 4.563934e-07
0.6329114 1.901364e-08
0.6582278 4.945873e-10
0.6835443 1.584377e-11
0.7088608 1.011481e-12
0.7341772 5.302345e-14
0.7594937 2.775315e-15
0.7848101 9.878705e-16
0.8101266 3.110903e-15
0.835443 1.07635e-13
0.8607595 1.864081e-12
0.8860759 1.080563e-11
0.9113924 2.639241e-11
0.9367089 3.537914e-11
0.9620253 3.11773e-11
0.9873418 6.312097e-12
1.012658 1.400175e-12
1.037975 3.217307e-13
1.063291 6.850343e-14
1.088608 1.552946e-14
1.113924 4.111256e-15
1.139241 1.698386e-15
1.164557 7.722578e-16
1.189873 3.181796e-16
1.21519 1.181461e-16
1.240506 3.933352e-17
1.265823 1.165914e-17
1.291139 3.047805e-18
1.316456 6.943798e-19
1.341772 1.359629e-19
1.367089 2.249931e-20
1.392405 3.081862e-21
1.417722 3.402829e-22
1.443038 2.925485e-23
1.468354 1.879545e-24
1.493671 9.018919e-26
1.518987 4.242126e-27
1.544304 3.203258e-28
1.56962 3.059816e-29
1.594937 3.125176e-30
1.620253 3.390694e-31
1.64557 3.705725e-32
1.670886 3.891464e-33
1.696203 3.841884e-34
1.721519 3.588335e-35
1.746835 3.271539e-36
1.772152 3.03186e-37
1.797468 2.890361e-38
1.822785 2.736065e-39
1.848101 2.440439e-40
1.873418 1.967348e-41
1.898734 1.387763e-42
1.924051 8.250599e-44
1.949367 3.891464e-45
1.974684 1.296995e-46
2 2.292107e-48
