0.02531646 1
0.05063291 0.9999984
0.07594937 0.9999515
0.1012658 0.9999138
0.1265823 0.9978451
0.1518987 0.9331946
0.1772152 0.9010944
0.2025316 0.8902793
0.2278481 0.1267811
0.2531646 0.04806748
0.278481 0.1025582
0.3037975 0.6817649
0.3291139 0.9754115
0.3544304 0.9668814
0.3797468 0.8698646
0.4050633 0.8985902
0.4303797 0.9873971
0.4556962 0.8936665
0.4810127 0.4846549
0.5063291 0.3480194
0.5316456 0.7890454
0.556962 0.5900526
0.5822785 0.03946231
0.6075949 0.0009438425
0.6329114 0.0001778228
0.6582278 0.0004894198
0.6835443 0.001347069
0.7088608 0.001336255
0.7341772 0.0002190543
0.7594937 1.96132e-05
0.7848101 2.145699e-05
0.8101266 0.0003523372
0.835443 0.001391713
0.8607595 0.002127979
0.8860759 0.001302748
0.9113924 0.0001413142
0.9367089 2.144429e-05
0.9620253 6.951046e-06
0.9873418 1.850606e-05
1.012658 0.0002606737
1.037975 0.001035855
1.063291 0.001254944
1.088608 0.001254944
1.113924 0.0009225255
1.139241 8.461439e-05
1.164557 6.2067e-06
1.189873 4.53104e-07
1.21519 7.305938e-08
1.240506 1.722074e-08
1.265823 4.135833e-09
1.291139 1.031334e-09
1.316456 1.125156e-09
1.341772 3.060779e-08
1.367089 8.44116e-07
1.392405 1.26409e-05
1.417722 6.467414e-05
1.443038 0.0001350508
1.468354 2.866728e-05
1.493671 1.285345e-05
1.518987 4.977712e-06
1.544304 2.192538e-06
1.56962 4.486455e-07
1.594937 1.236242e-07
1.620253 1.049269e-07
1.64557 3.281893e-08
1.670886 9.482631e-10
1.696203 9.566808e-10
1.721519 3.900013e-08
1.746835 1.186442e-08
1.772152 2.98058e-08
1.797468 3.80209e-07
1.822785 2.382097e-06
1.848101 2.390156e-06
1.873418 6.912677e-07
1.898734 6.943406e-08
1.924051 5.491317e-09
1.949367 1.300154e-09
1.974684 1.472554e-09
2 2.397613e-09
