0.02531646 0.9999983
0.05063291 0.9999701
0.07594937 0.9999923
0.1012658 0.9999997
0.1265823 0.9999991
0.1518987 0.9999676
0.1772152 0.9999833
0.2025316 0.9999986
0.2278481 1
0.2531646 1
0.278481 0.999998
0.3037975 0.9999972
0.3291139 0.9999993
0.3544304 0.9999866
0.3797468 0.9998911
0.4050633 0.9999466
0.4303797 0.9994057
0.4556962 0.9962876
0.4810127 0.9953595
0.5063291 0.9982123
0.5316456 0.9998092
0.556962 0.9999495
0.5822785 0.9955711
0.6075949 0.8471895
0.6329114 0.1828943
0.6582278 0.001229136
0.6835443 1.734724e-07
0.7088608 9.583643e-12
0.7341772 1.60463e-14
0.7594937 1.624697e-14
0.7848101 7.904518e-15
0.8101266 1.630953e-14
0.835443 5.583721e-14
0.8607595 1.379576e-13
0.8860759 2.474656e-13
0.9113924 3.283129e-13
0.9367089 3.47913e-13
0.9620253 2.139423e-13
0.9873418 1.024913e-13
1.012658 4.914751e-14
1.037975 2.074985e-14
1.063291 8.109571e-15
1.088608 3.114357e-15
1.113924 9.972906e-16
1.139241 1.62932e-16
1.164557 1.559727e-18
1.189873 3.526472e-20
1.21519 7.556844e-21
1.240506 2.110014e-21
1.265823 4.980921e-22
1.291139 9.801248e-23
1.316456 1.607511e-23
1.341772 2.201375e-24
1.367089 2.510737e-25
1.392405 2.350519e-26
1.417722 1.790174e-27
1.443038 1.235533e-28
1.468354 1.113638e-29
1.493671 1.776706e-30
1.518987 3.994523e-31
1.544304 9.382275e-32
1.56962 2.075115e-32
1.594937 4.246746e-33
1.620253 8.148481e-34
1.64557 1.486774e-34
1.670886 2.611618e-35
1.696203 4.451222e-36
1.721519 7.482375e-37
1.746835 1.273311e-37
1.772152 2.25701e-38
1.797468 4.238335e-39
1.822785 8.332025e-40
1.848101 1.65455e-40
1.873418 3.203917e-41
1.898734 5.890297e-42
1.924051 9.951187e-43
1.949367 1.457834e-43
1.974684 1.647565e-44
2 1.069959e-45
