0.02531646 1
0.05063291 1
0.07594937 1
0.1012658 1
0.1265823 1
0.1518987 1
0.1772152 1
0.2025316 1
0.2278481 1
0.2531646 0.9999999
0.278481 0.999999
0.3037975 0.9999985
0.3291139 0.9999999
0.3544304 1
0.3797468 1
0.4050633 0.9999999
0.4303797 0.9999974
0.4556962 0.9999867
0.4810127 0.999978
0.5063291 0.9999798
0.5316456 0.9999959
0.556962 0.9999502
0.5822785 0.9880337
0.6075949 0.7373929
0.6329114 0.1387047
0.6582278 0.001351903
0.6835443 2.834767e-06
0.7088608 2.408986e-09
0.7341772 1.608413e-08
0.7594937 2.457836e-07
0.7848101 2.880143e-07
0.8101266 1.561493e-08
0.835443 5.650584e-09
0.8607595 5.650584e-09
0.8860759 5.678222e-09
0.9113924 7.22301e-09
0.9367089 7.53275e-08
0.9620253 1.867385e-07
0.9873418 1.83512e-07
1.012658 2.943921e-08
1.037975 7.444917e-10
1.063291 3.617977e-13
1.088608 1.380876e-16
1.113924 3.426479e-18
1.139241 6.53735e-19
1.164557 1.223875e-19
1.189873 1.927346e-20
1.21519 2.657307e-21
1.240506 3.263332e-22
1.265823 4.172372e-23
1.291139 6.205423e-24
1.316456 9.89166e-25
1.341772 1.548601e-25
1.367089 2.532623e-26
1.392405 4.797365e-27
1.417722 1.057872e-27
1.443038 2.680856e-28
1.468354 7.941714e-29
1.493671 2.656911e-29
1.518987 9.285922e-30
1.544304 3.181266e-30
1.56962 1.026867e-30
1.594937 3.092118e-31
1.620253 8.836881e-32
1.64557 2.425794e-32
1.670886 6.404092e-33
1.696203 1.630622e-33
1.721519 4.014527e-34
1.746835 9.621672e-35
1.772152 2.276129e-35
1.797468 5.433267e-36
1.822785 1.311822e-36
1.848101 3.12785e-37
1.873418 7.085244e-38
1.898734 1.525276e-38
1.924051 3.099322e-39
1.949367 5.845522e-40
1.974684 9.626492e-41
2 1.074917e-41
