0.02531646 1
0.05063291 1
0.07594937 1
0.1012658 1
0.1265823 1
0.1518987 1
0.1772152 1
0.2025316 1
0.2278481 1
0.2531646 1
0.278481 1
0.3037975 1
0.3291139 1
0.3544304 0.9999998
0.3797468 0.9999999
0.4050633 1
0.4303797 1
0.4556962 1
0.4810127 1
0.5063291 1
0.5316456 1
0.556962 0.9999776
0.5822785 0.9926394
0.6075949 0.7956474
0.6329114 0.1095814
0.6582278 0.001903248
0.6835443 2.910811e-06
0.7088608 3.052352e-09
0.7341772 1.280584e-09
0.7594937 3.76905e-10
0.7848101 8.625437e-09
0.8101266 6.179366e-07
0.835443 5.39092e-06
0.8607595 7.651107e-06
0.8860759 4.135385e-06
0.9113924 6.473947e-08
0.9367089 1.666306e-08
0.9620253 9.260704e-08
0.9873418 9.076112e-08
1.012658 1.527398e-08
1.037975 5.675817e-12
1.063291 6.90622e-14
1.088608 6.254878e-17
1.113924 2.031837e-18
1.139241 3.814074e-19
1.164557 7.245611e-20
1.189873 1.124513e-20
1.21519 1.594646e-21
1.240506 2.430332e-22
1.265823 4.333211e-23
1.291139 7.96825e-24
1.316456 1.328128e-24
1.341772 2.014201e-25
1.367089 3.145326e-26
1.392405 5.804277e-27
1.417722 1.325598e-27
1.443038 3.758081e-28
1.468354 1.273663e-28
1.493671 4.710908e-29
1.518987 1.759166e-29
1.544304 6.329446e-30
1.56962 2.125722e-30
1.594937 6.581439e-31
1.620253 1.912773e-31
1.64557 5.31453e-32
1.670886 1.416593e-32
1.696203 3.639749e-33
1.721519 9.049535e-34
1.746835 2.192103e-34
1.772152 5.237587e-35
1.797468 1.258743e-35
1.822785 3.077617e-36
1.848101 7.435809e-37
1.873418 1.685096e-37
1.898734 3.594822e-38
1.924051 7.267249e-39
1.949367 1.380952e-39
1.974684 2.34659e-40
2 2.811443e-41
