0.02531646 1
0.05063291 1
0.07594937 0.9999997
0.1012658 0.9998974
0.1265823 0.9998938
0.1518987 0.9999965
0.1772152 0.9999982
0.2025316 0.9992959
0.2278481 0.9995027
0.2531646 0.9999713
0.278481 0.9999793
0.3037975 0.9999712
0.3291139 0.9997079
0.3544304 0.9944183
0.3797468 0.9973126
0.4050633 0.9915095
0.4303797 0.9910872
0.4556962 0.9918098
0.4810127 0.9983561
0.5063291 0.9994909
0.5316456 0.9997596
0.556962 0.9988216
0.5822785 0.97677
0.6075949 0.821293
0.6329114 0.248414
0.6582278 0.0106278
0.6835443 8.75262e-05
0.7088608 2.374371e-08
0.7341772 4.692301e-11
0.7594937 4.540062e-11
0.7848101 7.919304e-12
0.8101266 2.329884e-13
0.835443 1.447787e-12
0.8607595 5.669371e-12
0.8860759 7.723621e-12
0.9113924 5.442681e-12
0.9367089 1.362195e-12
0.9620253 8.687419e-14
0.9873418 1.1293e-15
1.012658 2.567407e-17
1.037975 1.707088e-17
1.063291 1.416389e-17
1.088608 1.221613e-17
1.113924 8.615492e-18
1.139241 4.57225e-18
1.164557 3.024058e-18
1.189873 1.996422e-18
1.21519 1.236408e-18
1.240506 7.376398e-19
1.265823 4.209841e-19
1.291139 2.2901e-19
1.316456 1.184802e-19
1.341772 5.792793e-20
1.367089 2.626833e-20
1.392405 1.01487e-20
1.417722 4.439376e-21
1.443038 2.035556e-21
1.468354 9.060533e-22
1.493671 3.864018e-22
1.518987 1.595006e-22
1.544304 6.477448e-23
1.56962 2.628165e-23
1.594937 1.07226e-23
1.620253 4.36837e-24
1.64557 1.756301e-24
1.670886 6.916064e-25
1.696203 2.653488e-25
1.721519 9.888444e-26
1.746835 3.555275e-26
1.772152 1.220392e-26
1.797468 3.987348e-27
1.822785 1.224853e-27
1.848101 3.516762e-28
1.873418 9.446603e-29
1.898734 2.33783e-29
1.924051 5.340867e-30
1.949367 1.058422e-30
1.974684 1.962834e-31
2 2.845278e-32
