0.02531646 1.000001
0.05063291 0.9999216
0.07594937 0.9999666
0.1012658 0.999988
0.1265823 0.9999997
0.1518987 1
0.1772152 1
0.2025316 0.9999999
0.2278481 0.9997846
0.2531646 0.9894007
0.278481 0.968008
0.3037975 0.9748096
0.3291139 0.9919201
0.3544304 0.9995302
0.3797468 0.9999101
0.4050633 0.9955592
0.4303797 0.9539074
0.4556962 0.9471412
0.4810127 0.9471412
0.5063291 0.9931185
0.5316456 0.9943597
0.556962 0.9854338
0.5822785 0.9961985
0.6075949 0.9201725
0.6329114 0.2780098
0.6582278 0.002573168
0.6835443 1.839305e-06
0.7088608 1.84904e-10
0.7341772 2.857344e-15
0.7594937 2.658387e-15
0.7848101 9.50661e-16
0.8101266 3.259572e-16
0.835443 1.239766e-16
0.8607595 4.672538e-17
0.8860759 2.012968e-17
0.9113924 1.122731e-17
0.9367089 7.656106e-18
0.9620253 5.443662e-18
0.9873418 3.637915e-18
1.012658 2.182074e-18
1.037975 1.148582e-18
1.063291 5.221929e-19
1.088608 2.014975e-19
1.113924 6.396215e-20
1.139241 1.562125e-20
1.164557 2.637693e-21
1.189873 3.813411e-22
1.21519 1.399502e-22
1.240506 5.314768e-23
1.265823 1.775691e-23
1.291139 5.122736e-24
1.316456 1.26068e-24
1.341772 2.616125e-25
1.367089 4.530721e-26
1.392405 6.490925e-27
1.417722 7.659798e-28
1.443038 7.534497e-29
1.468354 6.526475e-30
1.493671 5.698716e-31
1.518987 5.908089e-32
1.544304 7.424903e-33
1.56962 1.044183e-33
1.594937 1.570627e-34
1.620253 2.452708e-35
1.64557 3.808656e-36
1.670886 5.654544e-37
1.696203 7.829599e-38
1.721519 1.013534e-38
1.746835 1.268832e-39
1.772152 1.612644e-40
1.797468 2.119889e-41
1.822785 2.846767e-42
1.848101 3.969943e-43
1.873418 5.847521e-44
1.898734 8.450981e-45
1.924051 1.085111e-45
1.949367 1.128651e-46
1.974684 8.333522e-48
2 3.227855e-49
