0.4050633 1
0.4303797 1
0.4556962 1
0.4810127 1
0.5063291 1
0.5316456 1
0.556962 1
0.5822785 1
0.6075949 1
0.6329114 1
0.6582278 1
0.6835443 1
0.7088608 1
0.7341772 1
0.7594937 1
0.7848101 1
0.8101266 1
0.835443 1
0.8607595 1
0.8860759 1
0.9113924 1
0.9367089 1
0.9620253 1
0.9873418 1
1.012658 1
1.037975 1
1.063291 1
1.088608 1
1.113924 0.9999988
1.139241 0.9998032
1.164557 0.9898483
1.189873 0.8036101
1.21519 0.1609339
1.240506 0.007191017
1.265823 9.204724e-05
1.291139 2.339527e-07
1.316456 5.228991e-11
1.341772 4.165557e-16
1.367089 1.166374e-23
1.392405 8.458679e-56
1.417722 2.137997e-55
1.443038 5.964242e-56
1.468354 1.377783e-61
1.493671 7.602719e-61
1.518987 2.995465e-60
1.544304 8.351331e-60
1.56962 1.620561e-59
1.594937 2.127838e-59
1.620253 1.805442e-59
1.64557 9.204129e-60
1.670886 2.542139e-60
1.696203 3.586851e-61
1.721519 3.031918e-62
1.746835 1.467081e-63
1.772152 3.276879e-65
1.797468 4.704649e-67
1.822785 6.760399e-69
1.848101 1.030879e-70
1.873418 1.765341e-72
1.898734 3.161894e-74
1.924051 5.170379e-76
1.949367 6.999004e-78
1.974684 6.614916e-80
2 2.979982e-82
