0.4050633 1
0.4303797 1
0.4556962 1
0.4810127 1
0.5063291 1
0.5316456 1
0.556962 1
0.5822785 1
0.6075949 1
0.6329114 1
0.6582278 1
0.6835443 1
0.7088608 1
0.7341772 1
0.7594937 1
0.7848101 1
0.8101266 1
0.835443 1
0.8607595 1
0.8860759 1
0.9113924 1
0.9367089 1
0.9620253 1
0.9873418 1
1.012658 1
1.037975 1
1.063291 1
1.088608 1
1.113924 0.9999996
1.139241 0.9998451
1.164557 0.994709
1.189873 0.9116507
1.21519 0.3243948
1.240506 0.01868872
1.265823 0.0002163268
1.291139 3.30937e-07
1.316456 4.409641e-11
1.341772 1.682016e-16
1.367089 1.866041e-38
1.392405 1.12499e-72
1.417722 1.173919e-78
1.443038 1.939296e-78
1.468354 2.636376e-78
1.493671 2.5353e-78
1.518987 1.411916e-78
1.544304 4.486859e-79
1.56962 7.909255e-80
1.594937 8.231888e-81
1.620253 4.758929e-82
1.64557 1.042614e-83
1.670886 3.342133e-86
1.696203 1.129669e-89
1.721519 3.514508e-93
1.746835 5.969381e-97
1.772152 9.270427e-101
1.797468 7.992026e-105
1.822785 8.074187e-109
1.848101 8.315754e-113
1.873418 4.051567e-117
1.898734 5.1891e-122
1.924051 7.975343e-128
1.949367 3.274456e-135
1.974684 1.164149e-145
2 2.015124e-166
