0.02531646 0.9999995
0.05063291 1
0.07594937 1
0.1012658 1
0.1265823 1
0.1518987 1
0.1772152 1
0.2025316 1
0.2278481 1
0.2531646 1
0.278481 0.9999998
0.3037975 0.9999982
0.3291139 0.9999888
0.3544304 0.9999999
0.3797468 1
0.4050633 1
0.4303797 1
0.4556962 1
0.4810127 1
0.5063291 1
0.5316456 1
0.556962 0.9999405
0.5822785 0.9903668
0.6075949 0.7966253
0.6329114 0.121978
0.6582278 0.003833164
0.6835443 2.023894e-05
0.7088608 2.766551e-07
0.7341772 5.202416e-08
0.7594937 2.01293e-07
0.7848101 1.407508e-06
0.8101266 6.930908e-07
0.835443 5.091899e-07
0.8607595 1.996532e-09
0.8860759 5.667808e-10
0.9113924 5.385111e-10
0.9367089 2.586672e-09
0.9620253 4.910373e-09
0.9873418 3.421541e-11
1.012658 3.227173e-16
1.037975 1.415184e-16
1.063291 5.98179e-18
1.088608 1.35079e-18
1.113924 5.250688e-19
1.139241 2.291685e-19
1.164557 9.303444e-20
1.189873 3.233684e-20
1.21519 9.423852e-21
1.240506 2.293993e-21
1.265823 4.663742e-22
1.291139 7.942024e-23
1.316456 1.146781e-23
1.341772 1.463842e-24
1.367089 1.895474e-25
1.392405 3.438192e-26
1.417722 1.067433e-26
1.443038 4.469159e-27
1.468354 1.994883e-27
1.493671 8.551739e-28
1.518987 3.388134e-28
1.544304 1.223788e-28
1.56962 3.907227e-29
1.594937 1.092862e-29
1.620253 2.761827e-30
1.64557 6.653578e-31
1.670886 1.631556e-31
1.696203 4.285548e-32
1.721519 1.187889e-32
1.746835 3.197468e-33
1.772152 7.640018e-34
1.797468 1.525125e-34
1.822785 2.481772e-35
1.848101 3.392103e-36
1.873418 4.48364e-37
1.898734 7.34659e-38
1.924051 1.562473e-38
1.949367 3.452653e-39
1.974684 6.574189e-40
2 9.063775e-41
