0.02531646 1
0.05063291 0.999999
0.07594937 0.9997696
0.1012658 0.9971572
0.1265823 0.9981865
0.1518987 0.9999498
0.1772152 0.9999399
0.2025316 0.9997578
0.2278481 0.9997987
0.2531646 0.9996488
0.278481 0.9993036
0.3037975 0.9974096
0.3291139 0.6355024
0.3544304 0.688656
0.3797468 0.9491933
0.4050633 0.9958391
0.4303797 0.9958068
0.4556962 0.9863305
0.4810127 0.8349019
0.5063291 0.7943681
0.5316456 0.9365805
0.556962 0.9293705
0.5822785 0.6332515
0.6075949 0.1318013
0.6329114 0.00749557
0.6582278 0.0001331316
0.6835443 3.728166e-05
0.7088608 3.728799e-05
0.7341772 3.729445e-05
0.7594937 0.0001857075
0.7848101 0.0007307838
0.8101266 0.0006640834
0.835443 0.0001785695
0.8607595 8.752221e-05
0.8860759 0.0003132896
0.9113924 0.0001653465
0.9367089 6.360393e-05
0.9620253 2.686238e-05
0.9873418 1.466846e-05
1.012658 5.252505e-06
1.037975 7.795195e-07
1.063291 9.368693e-08
1.088608 9.364282e-08
1.113924 9.368721e-08
1.139241 9.372842e-08
1.164557 9.376998e-08
1.189873 9.380783e-08
1.21519 1.062745e-07
1.240506 6.016939e-07
1.265823 1.889105e-06
1.291139 1.415652e-06
1.316456 2.926745e-07
1.341772 3.889144e-08
1.367089 3.889273e-08
1.392405 3.889387e-08
1.417722 5.131783e-08
1.443038 4.897211e-08
1.468354 4.087258e-08
1.493671 3.889774e-08
1.518987 3.889851e-08
1.544304 3.889904e-08
1.56962 5.005966e-08
1.594937 4.237506e-08
1.620253 3.476629e-08
1.64557 2.444792e-08
1.670886 1.952214e-08
1.696203 1.997278e-08
1.721519 3.428806e-08
1.746835 1.813424e-08
1.772152 5.891455e-08
1.797468 3.062918e-08
1.822785 3.166737e-08
1.848101 2.929056e-08
1.873418 1.521917e-07
1.898734 1.241354e-06
1.924051 3.702185e-06
1.949367 1.170256e-06
1.974684 2.013203e-07
2 2.040892e-08
