0.4303797 1
0.4556962 1
0.4810127 1
0.5063291 1
0.5316456 1
0.556962 1
0.5822785 1
0.6075949 1
0.6329114 1
0.6582278 1
0.6835443 1
0.7088608 1
0.7341772 1
0.7594937 1
0.7848101 1
0.8101266 1
0.835443 1
0.8607595 1
0.8860759 1
0.9113924 1
0.9367089 1
0.9620253 1
0.9873418 1
1.012658 1
1.037975 1
1.063291 1
1.088608 1
1.113924 0.9999989
1.139241 0.9997858
1.164557 0.987623
1.189873 0.7672665
1.21519 0.1237622
1.240506 0.005121088
1.265823 5.863722e-05
1.291139 1.18204e-07
1.316456 2.203822e-11
1.341772 3.491611e-16
1.367089 2.142992e-23
1.392405 9.039622e-48
1.417722 7.125991e-48
1.443038 1.846525e-48
1.468354 1.295709e-55
1.493671 6.820469e-55
1.518987 2.66169e-54
1.544304 7.544777e-54
1.56962 1.520441e-53
1.594937 2.125089e-53
1.620253 1.998848e-53
1.64557 1.217468e-53
1.670886 4.550898e-54
1.696203 9.662313e-55
1.721519 1.133003e-55
1.746835 7.066086e-57
1.772152 2.63003e-58
1.797468 7.652103e-60
1.822785 2.38162e-61
1.848101 8.397481e-63
1.873418 3.125724e-64
1.898734 1.123296e-65
1.924051 3.6608e-67
1.949367 1.033188e-68
1.974684 2.367486e-70
2 3.486568e-72
