0.02531646 1
0.05063291 1
0.07594937 1
0.1012658 0.9999996
0.1265823 0.9999838
0.1518987 0.9993196
0.1772152 0.997473
0.2025316 0.995209
0.2278481 0.9848106
0.2531646 0.9962804
0.278481 0.9987931
0.3037975 0.9982485
0.3291139 0.9880544
0.3544304 0.9923005
0.3797468 0.9919724
0.4050633 0.8834908
0.4303797 0.4792057
0.4556962 0.8097429
0.4810127 0.9174579
0.5063291 0.9720554
0.5316456 0.9912892
0.556962 0.9929214
0.5822785 0.904025
0.6075949 0.3496173
0.6329114 0.02531133
0.6582278 0.0008773382
0.6835443 0.0006480935
0.7088608 0.000855261
0.7341772 0.0004055973
0.7594937 0.0004890521
0.7848101 9.956293e-05
0.8101266 3.105064e-05
0.835443 5.865781e-05
0.8607595 7.260437e-05
0.8860759 2.715292e-05
0.9113924 2.823898e-06
0.9367089 4.822533e-06
0.9620253 1.416262e-05
0.9873418 1.790373e-05
1.012658 1.34848e-05
1.037975 3.930615e-06
1.063291 7.096795e-07
1.088608 1.826894e-06
1.113924 5.421048e-05
1.139241 0.0002142396
1.164557 0.0001757917
1.189873 8.905603e-06
1.21519 4.196464e-06
1.240506 5.169623e-05
1.265823 0.0003906236
1.291139 0.0008851672
1.316456 0.0008642
1.341772 0.0001546417
1.367089 8.213782e-06
1.392405 5.802739e-07
1.417722 2.645468e-07
1.443038 1.321303e-06
1.468354 5.893549e-06
1.493671 4.498694e-06
1.518987 3.825808e-07
1.544304 4.484759e-07
1.56962 1.007583e-06
1.594937 1.189709e-06
1.620253 5.976067e-07
1.64557 9.776549e-07
1.670886 7.68042e-07
1.696203 4.597105e-08
1.721519 1.050496e-09
1.746835 8.654654e-10
1.772152 8.654654e-10
1.797468 8.862542e-10
1.822785 1.046521e-09
1.848101 1.585475e-09
1.873418 1.783739e-09
1.898734 1.233724e-09
1.924051 1.840679e-09
1.949367 8.050456e-09
1.974684 1.14761e-08
2 2.236755e-09
