0.6582278 1
0.6835443 1
0.7088608 1
0.7341772 1
0.7594937 1
0.7848101 0.9999999
0.8101266 0.9999274
0.835443 0.9901886
0.8607595 0.7928742
0.8860759 0.143697
0.9113924 0.003368632
0.9367089 0.000114297
0.9620253 2.115781e-06
0.9873418 2.226494e-08
1.012658 8.343531e-11
1.037975 5.675658e-13
1.063291 2.101814e-13
1.088608 3.594826e-14
1.113924 1.839193e-15
1.139241 4.247595e-16
1.164557 1.140137e-16
1.189873 2.769525e-17
1.21519 5.412255e-18
1.240506 7.647626e-19
1.265823 7.048674e-20
1.291139 3.986893e-21
1.316456 1.54432e-22
1.341772 2.888315e-24
1.367089 3.74557e-27
1.392405 4.13017e-29
1.417722 5.491613e-31
1.443038 3.027408e-33
1.468354 7.072144e-36
1.493671 7.13453e-39
1.518987 9.330735e-42
1.544304 9.436536e-43
1.56962 1.070465e-43
1.594937 9.965338e-45
1.620253 6.850975e-46
1.64557 3.546159e-47
1.670886 1.27382e-48
1.696203 3.065371e-50
1.721519 4.626622e-52
1.746835 4.16732e-54
1.772152 2.036365e-56
1.797468 5.663009e-59
1.822785 1.090575e-61
1.848101 1.888466e-64
1.873418 5.753785e-67
1.898734 5.031042e-69
1.924051 4.4346e-71
1.949367 3.539347e-73
1.974684 3.211998e-75
2 2.198674e-77
