0.6329114 1
0.6582278 1
0.6835443 1
0.7088608 1
0.7341772 1
0.7594937 1
0.7848101 0.9999415
0.8101266 0.9915204
0.835443 0.8118735
0.8607595 0.1715561
0.8860759 0.004018082
0.9113924 0.0001292683
0.9367089 3.214845e-06
0.9620253 3.053923e-08
0.9873418 1.748592e-10
1.012658 4.583244e-13
1.037975 9.527356e-15
1.063291 7.353001e-16
1.088608 1.614942e-16
1.113924 2.717872e-17
1.139241 2.661502e-18
1.164557 1.63308e-19
1.189873 9.928218e-21
1.21519 7.082082e-22
1.240506 5.033043e-23
1.265823 2.965477e-24
1.291139 1.093324e-25
1.316456 2.71689e-27
1.341772 2.386562e-29
1.367089 1.035723e-32
1.392405 4.915405e-35
1.417722 3.443852e-37
1.443038 1.085848e-39
1.468354 5.056571e-42
1.493671 4.008588e-43
1.518987 4.166111e-44
1.544304 3.618458e-45
1.56962 2.426533e-46
1.594937 1.239657e-47
1.620253 4.734316e-49
1.64557 1.232029e-50
1.670886 2.26809e-52
1.696203 2.475474e-54
1.721519 1.709343e-56
1.746835 6.571666e-59
1.772152 1.494275e-61
1.797468 2.488341e-64
1.822785 5.315838e-67
1.848101 3.047448e-69
1.873418 2.747451e-71
1.898734 3.159521e-73
1.924051 4.834421e-75
1.949367 8.694393e-77
1.974684 1.546447e-78
2 1.852368e-80
