0.5822785 1
0.6075949 1
0.6329114 1
0.6582278 1
0.6835443 1
0.7088608 1
0.7341772 1
0.7594937 1
0.7848101 1
0.8101266 1
0.835443 1
0.8607595 1
0.8860759 1
0.9113924 1
0.9367089 1
0.9620253 1
0.9873418 1
1.012658 1
1.037975 1
1.063291 1
1.088608 1
1.113924 0.9999791
1.139241 0.9957322
1.164557 0.6410307
1.189873 0.3029646
1.21519 0.001390513
1.240506 0.0001666732
1.265823 7.173888e-07
1.291139 3.46215e-10
1.316456 5.919131e-14
1.341772 3.543436e-17
1.367089 1.448186e-23
1.392405 9.251666e-27
1.417722 1.991239e-27
1.443038 8.465911e-30
1.468354 1.869179e-32
1.493671 3.46284e-32
1.518987 4.929899e-32
1.544304 5.397039e-32
1.56962 4.546293e-32
1.594937 2.89306e-32
1.620253 1.328774e-32
1.64557 4.214825e-33
1.670886 9.168879e-34
1.696203 1.460083e-34
1.721519 1.887856e-35
1.746835 2.190389e-36
1.772152 2.259059e-37
1.797468 1.938913e-38
1.822785 1.505106e-39
1.848101 1.146175e-40
1.873418 8.010639e-42
1.898734 4.452914e-43
1.924051 1.989327e-44
1.949367 7.402652e-46
1.974684 2.384768e-47
2 6.121138e-49
