0.02531646 1
0.05063291 0.9999452
0.07594937 0.9989295
0.1012658 0.9997636
0.1265823 0.996489
0.1518987 0.9987352
0.1772152 0.9999362
0.2025316 0.9999502
0.2278481 0.9995782
0.2531646 0.9885131
0.278481 0.9840575
0.3037975 0.9964783
0.3291139 0.9998913
0.3544304 0.995835
0.3797468 0.9901431
0.4050633 0.9978674
0.4303797 0.9790213
0.4556962 0.8486503
0.4810127 0.9752472
0.5063291 0.9979518
0.5316456 0.9979518
0.556962 0.9929833
0.5822785 0.940213
0.6075949 0.5677195
0.6329114 0.06915328
0.6582278 0.004538295
0.6835443 0.0001498803
0.7088608 1.299657e-05
0.7341772 9.052852e-06
0.7594937 1.667517e-05
0.7848101 2.693416e-05
0.8101266 0.000142962
0.835443 8.679636e-05
0.8607595 7.078743e-06
0.8860759 3.567137e-07
0.9113924 2.286336e-07
0.9367089 1.911534e-06
0.9620253 5.964586e-06
0.9873418 8.151099e-06
1.012658 5.451807e-06
1.037975 4.31758e-07
1.063291 3.127351e-08
1.088608 3.127351e-08
1.113924 3.462319e-08
1.139241 8.53289e-08
1.164557 7.833583e-08
1.189873 4.866948e-08
1.21519 3.126503e-08
1.240506 3.126503e-08
1.265823 4.552407e-08
1.291139 4.916774e-08
1.316456 4.32675e-07
1.341772 1.275539e-06
1.367089 1.736766e-06
1.392405 7.637374e-07
1.417722 2.727158e-07
1.443038 1.974122e-06
1.468354 6.233517e-06
1.493671 3.383224e-05
1.518987 3.285109e-05
1.544304 3.366974e-05
1.56962 1.503326e-05
1.594937 2.703192e-06
1.620253 4.353102e-07
1.64557 1.062374e-07
1.670886 4.191062e-08
1.696203 1.813503e-08
1.721519 6.581451e-09
1.746835 2.411736e-09
1.772152 8.340038e-10
1.797468 3.187586e-10
1.822785 2.318947e-10
1.848101 2.38609e-10
1.873418 2.53008e-10
1.898734 2.507702e-10
1.924051 2.136925e-10
1.949367 1.230066e-10
1.974684 3.442885e-11
2 3.302613e-12
