0.07594937 1
0.1012658 1
0.1265823 0.9999999
0.1518987 1
0.1772152 1
0.2025316 1
0.2278481 1
0.2531646 1
0.278481 1
0.3037975 1
0.3291139 0.9999954
0.3544304 0.9990202
0.3797468 0.9583831
0.4050633 0.5851009
0.4303797 0.0447575
0.4556962 0.0008647678
0.4810127 0.0007708257
0.5063291 0.002048175
0.5316456 0.003319945
0.556962 0.01309797
0.5822785 0.09197533
0.6075949 0.1249381
0.6329114 0.07384967
0.6582278 0.04600229
0.6835443 0.01618333
0.7088608 0.00147571
0.7341772 9.661237e-05
0.7594937 8.311353e-06
0.7848101 9.070524e-07
0.8101266 9.239496e-08
0.835443 5.716802e-09
0.8607595 2.843975e-10
0.8860759 2.764634e-10
0.9113924 2.764634e-10
0.9367089 7.218767e-10
0.9620253 8.613059e-09
0.9873418 3.862082e-08
1.012658 1.804329e-07
1.037975 5.359727e-07
1.063291 1.84611e-06
1.088608 1.630305e-06
1.113924 3.252786e-07
1.139241 5.32251e-07
1.164557 1.412488e-05
1.189873 0.0001387963
1.21519 0.0001783814
1.240506 0.0001784125
1.265823 0.0001784431
1.291139 0.0001085151
1.316456 1.68314e-05
1.341772 1.251623e-06
1.367089 8.038917e-07
1.392405 3.468013e-07
1.417722 4.50236e-08
1.443038 9.11958e-09
1.468354 8.012435e-08
1.493671 2.631574e-07
1.518987 2.850192e-07
1.544304 3.063074e-06
1.56962 3.646467e-05
1.594937 1.589399e-05
1.620253 7.318633e-08
1.64557 2.01287e-10
1.670886 9.873177e-11
1.696203 6.551749e-11
1.721519 4.016284e-12
1.746835 1.342222e-13
1.772152 2.504117e-15
1.797468 2.771683e-16
1.822785 2.967053e-17
1.848101 1.475563e-17
1.873418 8.561935e-18
1.898734 5.475778e-18
1.924051 3.790546e-18
1.949367 2.439184e-18
1.974684 1.191112e-18
2 3.176293e-19
