0.4050633 1
0.4303797 1
0.4556962 1
0.4810127 1
0.5063291 1
0.5316456 1
0.556962 1
0.5822785 1
0.6075949 1
0.6329114 1
0.6582278 1
0.6835443 1
0.7088608 1
0.7341772 1
0.7594937 1
0.7848101 1
0.8101266 1
0.835443 1
0.8607595 1
0.8860759 1
0.9113924 1
0.9367089 1
0.9620253 1
0.9873418 1
1.012658 1
1.037975 1
1.063291 1
1.088608 1
1.113924 0.9999991
1.139241 0.9998271
1.164557 0.991735
1.189873 0.8476373
1.21519 0.2136974
1.240506 0.01090808
1.265823 0.0001390895
1.291139 4.011367e-07
1.316456 1.327776e-10
1.341772 1.77369e-15
1.367089 8.332115e-23
1.392405 1.023958e-70
1.417722 6.033708e-71
1.443038 2.393924e-73
1.468354 8.25774e-73
1.493671 2.005868e-72
1.518987 3.466348e-72
1.544304 4.309675e-72
1.56962 3.906613e-72
1.594937 2.652087e-72
1.620253 9.144797e-73
1.64557 1.328823e-73
1.670886 4.839821e-75
1.696203 1.62095e-77
1.721519 2.186829e-80
1.746835 2.587735e-83
1.772152 2.26726e-86
1.797468 1.399439e-89
1.822785 9.627248e-93
1.848101 5.707172e-96
1.873418 3.632744e-99
1.898734 7.101764e-103
1.924051 6.087885e-107
1.949367 4.08921e-112
1.974684 4.489445e-119
2 5.481142e-132
