0.3544304 1
0.3797468 1
0.4050633 1
0.4303797 0.9999477
0.4556962 0.9894819
0.4810127 0.7361506
0.5063291 0.06264159
0.5316456 0.00555786
0.556962 0.0006124384
0.5822785 4.98811e-05
0.6075949 1.8153e-06
0.6329114 1.833753e-07
0.6582278 4.571109e-09
0.6835443 1.228157e-10
0.7088608 4.938094e-12
0.7341772 2.848884e-13
0.7594937 1.153845e-14
0.7848101 1.130889e-15
0.8101266 5.965942e-16
0.835443 1.222049e-15
0.8607595 4.617305e-15
0.8860759 2.361543e-14
0.9113924 1.188324e-13
0.9367089 3.438867e-13
0.9620253 5.774565e-13
0.9873418 6.50791e-13
1.012658 3.353271e-13
1.037975 1.190542e-13
1.063291 3.115435e-14
1.088608 9.15405e-15
1.113924 3.66548e-15
1.139241 1.878584e-15
1.164557 9.570858e-16
1.189873 4.474567e-16
1.21519 1.904789e-16
1.240506 7.31568e-17
1.265823 2.510538e-17
1.291139 7.615101e-18
1.316456 2.016273e-18
1.341772 4.590089e-19
1.367089 8.813824e-20
1.392405 1.39171e-20
1.417722 1.744643e-21
1.443038 1.650325e-22
1.468354 1.092932e-23
1.493671 4.608676e-25
1.518987 1.330009e-26
1.544304 6.131241e-28
1.56962 4.763232e-29
1.594937 4.22324e-30
1.620253 4.429175e-31
1.64557 5.05051e-32
1.670886 5.704724e-33
1.696203 5.956404e-34
1.721519 5.531555e-35
1.746835 4.459645e-36
1.772152 3.065816e-37
1.797468 1.773819e-38
1.822785 8.571196e-40
1.848101 3.449401e-41
1.873418 1.152691e-42
1.898734 3.175066e-44
1.924051 7.192145e-46
1.949367 1.341457e-47
1.974684 1.968192e-49
2 1.779723e-51
