0.02531646 0.9998822
0.05063291 0.9999891
0.07594937 1
0.1012658 1
0.1265823 1
0.1518987 1
0.1772152 1
0.2025316 1
0.2278481 1
0.2531646 1
0.278481 1
0.3037975 0.9999964
0.3291139 0.9999966
0.3544304 0.9999988
0.3797468 0.9999999
0.4050633 1
0.4303797 1
0.4556962 1
0.4810127 1
0.5063291 1
0.5316456 1
0.556962 0.999973
0.5822785 0.9906924
0.6075949 0.7611587
0.6329114 0.1597887
0.6582278 0.00122984
0.6835443 2.062058e-06
0.7088608 1.452326e-09
0.7341772 3.460984e-10
0.7594937 3.919877e-10
0.7848101 8.851581e-09
0.8101266 6.905227e-08
0.835443 6.819662e-08
0.8607595 7.956782e-08
0.8860759 1.551869e-08
0.9113924 2.881797e-08
0.9367089 1.066609e-07
0.9620253 2.233164e-07
0.9873418 6.994941e-08
1.012658 1.009936e-08
1.037975 6.930259e-12
1.063291 8.626387e-17
1.088608 3.368274e-17
1.113924 1.516791e-18
1.139241 2.923682e-19
1.164557 5.358541e-20
1.189873 8.427706e-21
1.21519 1.349469e-21
1.240506 2.540408e-22
1.265823 5.226935e-23
1.291139 9.959662e-24
1.316456 1.636984e-24
1.341772 2.420553e-25
1.367089 3.692337e-26
1.392405 6.784735e-27
1.417722 1.616396e-27
1.443038 4.955025e-28
1.468354 1.798864e-28
1.493671 6.958082e-29
1.518987 2.681242e-29
1.544304 9.897847e-30
1.56962 3.395935e-30
1.594937 1.065967e-30
1.620253 3.118387e-31
1.64557 8.696059e-32
1.670886 2.32525e-32
1.696203 5.996013e-33
1.721519 1.497317e-33
1.746835 3.644296e-34
1.772152 8.736388e-35
1.797468 2.097646e-35
1.822785 5.116269e-36
1.848101 1.233325e-36
1.873418 2.774686e-37
1.898734 5.884844e-38
1.924051 1.190904e-38
1.949367 2.275972e-39
1.974684 3.922674e-40
2 4.874019e-41
