0.02531646 1
0.05063291 0.9999999
0.07594937 0.9999992
0.1012658 0.9998927
0.1265823 0.9668867
0.1518987 0.9533133
0.1772152 0.8240219
0.2025316 0.9940912
0.2278481 0.9997716
0.2531646 0.9997716
0.278481 0.9997693
0.3037975 0.9997716
0.3291139 0.9995567
0.3544304 0.9930321
0.3797468 0.9790737
0.4050633 0.9649391
0.4303797 0.9337773
0.4556962 0.6941264
0.4810127 0.8556899
0.5063291 0.7947187
0.5316456 0.6312415
0.556962 0.6987314
0.5822785 0.2120312
0.6075949 0.004939026
0.6329114 0.0001254727
0.6582278 5.359305e-05
0.6835443 2.746492e-05
0.7088608 1.523854e-05
0.7341772 1.127835e-06
0.7594937 6.181659e-07
0.7848101 6.181659e-07
0.8101266 4.329061e-06
0.835443 6.916096e-05
0.8607595 0.0003126901
0.8860759 0.000751385
0.9113924 0.0003075666
0.9367089 4.103133e-05
0.9620253 1.185983e-05
0.9873418 2.115745e-06
1.012658 5.685291e-07
1.037975 1.754703e-07
1.063291 4.204481e-08
1.088608 8.103141e-09
1.113924 5.118752e-09
1.139241 5.118752e-09
1.164557 5.118752e-09
1.189873 5.118752e-09
1.21519 5.118752e-09
1.240506 5.118752e-09
1.265823 5.118752e-09
1.291139 5.148196e-09
1.316456 5.184465e-09
1.341772 5.117268e-09
1.367089 5.258645e-09
1.392405 5.247273e-08
1.417722 2.477646e-06
1.443038 4.243503e-05
1.468354 0.0001869974
1.493671 0.0002950968
1.518987 0.0002955021
1.544304 0.0002955117
1.56962 0.0002607904
1.594937 9.303678e-05
1.620253 2.735328e-05
1.64557 5.612231e-05
1.670886 6.302698e-05
1.696203 5.251389e-05
1.721519 6.777266e-05
1.746835 3.940439e-05
1.772152 2.422633e-05
1.797468 8.452181e-06
1.822785 7.657096e-06
1.848101 5.506761e-06
1.873418 9.101779e-07
1.898734 3.885113e-08
1.924051 2.754579e-08
1.949367 7.244941e-09
1.974684 1.271688e-09
2 9.096785e-11
