0.02531646 0.9999999
0.05063291 0.9999999
0.07594937 1
0.1012658 1
0.1265823 0.9999999
0.1518987 0.9999966
0.1772152 0.9999965
0.2025316 0.9999997
0.2278481 1
0.2531646 0.9999981
0.278481 0.9998964
0.3037975 0.999994
0.3291139 0.999993
0.3544304 0.9999743
0.3797468 0.999995
0.4050633 1
0.4303797 1
0.4556962 1
0.4810127 1
0.5063291 0.9999998
0.5316456 0.9999327
0.556962 0.9962474
0.5822785 0.9443878
0.6075949 0.3242072
0.6329114 0.06895265
0.6582278 0.009897601
0.6835443 0.0003509516
0.7088608 7.483394e-06
0.7341772 3.679056e-07
0.7594937 1.736359e-05
0.7848101 9.839668e-06
0.8101266 8.055269e-07
0.835443 4.890963e-09
0.8607595 3.883896e-13
0.8860759 2.934778e-16
0.9113924 2.206927e-16
0.9367089 1.162828e-16
0.9620253 5.602178e-17
0.9873418 2.189575e-17
1.012658 6.675858e-18
1.037975 1.589528e-18
1.063291 2.99792e-19
1.088608 4.561474e-20
1.113924 5.713181e-21
1.139241 6.092646e-22
1.164557 6.396961e-23
1.189873 1.328386e-23
1.21519 8.62544e-24
1.240506 7.713986e-24
1.265823 6.782531e-24
1.291139 5.492653e-24
1.316456 3.989545e-24
1.341772 2.55562e-24
1.367089 1.435844e-24
1.392405 7.137827e-25
1.417722 3.186325e-25
1.443038 1.295337e-25
1.468354 4.87149e-26
1.493671 1.72874e-26
1.518987 5.912599e-27
1.544304 1.982649e-27
1.56962 6.581276e-28
1.594937 2.167737e-28
1.620253 7.069844e-29
1.64557 2.274735e-29
1.670886 7.196715e-30
1.696203 2.233438e-30
1.721519 6.786443e-31
1.746835 2.015322e-31
1.772152 5.837139e-32
1.797468 1.645472e-32
1.822785 4.506565e-33
1.848101 1.198838e-33
1.873418 3.107452e-34
1.898734 7.919191e-35
1.924051 2.023806e-35
1.949367 5.382553e-36
1.974684 1.527551e-36
2 4.446566e-37
