0.02531646 0.9999921
0.05063291 1
0.07594937 1
0.1012658 1
0.1265823 1
0.1518987 0.9999994
0.1772152 0.9998222
0.2025316 0.9997708
0.2278481 0.9999666
0.2531646 0.9999991
0.278481 0.9999997
0.3037975 0.9999908
0.3291139 0.9999836
0.3544304 0.9999908
0.3797468 0.9999681
0.4050633 0.9989948
0.4303797 0.9996926
0.4556962 0.9999582
0.4810127 0.9998132
0.5063291 0.9984193
0.5316456 0.9992507
0.556962 0.9999539
0.5822785 0.9975084
0.6075949 0.8479213
0.6329114 0.1825124
0.6582278 0.001372136
0.6835443 2.543834e-07
0.7088608 1.662806e-11
0.7341772 1.290633e-14
0.7594937 1.165112e-14
0.7848101 4.909708e-15
0.8101266 5.665038e-15
0.835443 9.320545e-15
0.8607595 1.613728e-14
0.8860759 2.528433e-14
0.9113924 3.205399e-14
0.9367089 3.385207e-14
0.9620253 2.212103e-14
0.9873418 1.272396e-14
1.012658 7.530866e-15
1.037975 4.519878e-15
1.063291 2.642082e-15
1.088608 1.300784e-15
1.113924 4.604905e-16
1.139241 8.48522e-17
1.164557 1.448367e-18
1.189873 2.580837e-20
1.21519 5.441393e-21
1.240506 1.578111e-21
1.265823 3.892318e-22
1.291139 8.015984e-23
1.316456 1.376343e-23
1.341772 1.973371e-24
1.367089 2.362642e-25
1.392405 2.339721e-26
1.417722 1.894789e-27
1.443038 1.337292e-28
1.468354 1.082523e-29
1.493671 1.44599e-30
1.518987 3.002746e-31
1.544304 7.007864e-32
1.56962 1.576452e-32
1.594937 3.279347e-33
1.620253 6.345757e-34
1.64557 1.159046e-34
1.670886 2.020239e-35
1.696203 3.377898e-36
1.721519 5.489303e-37
1.746835 8.890685e-38
1.772152 1.48429e-38
1.797468 2.628511e-39
1.822785 4.935132e-40
1.848101 9.502819e-41
1.873418 1.800258e-41
1.898734 3.241861e-42
1.924051 5.34713e-43
1.949367 7.605521e-44
1.974684 8.292877e-45
2 5.163772e-46
