0.3797468 1
0.4050633 1
0.4303797 1
0.4556962 0.9999921
0.4810127 0.9994264
0.5063291 0.9892629
0.5316456 0.8260379
0.556962 0.07911366
0.5822785 0.003612588
0.6075949 0.0001852412
0.6329114 1.193014e-05
0.6582278 2.681063e-07
0.6835443 7.396416e-09
0.7088608 1.899942e-10
0.7341772 6.046078e-12
0.7594937 2.64883e-13
0.7848101 7.454893e-15
0.8101266 7.287073e-16
0.835443 1.105849e-16
0.8607595 5.789579e-17
0.8860759 1.273412e-16
0.9113924 2.760226e-16
0.9367089 5.020402e-16
0.9620253 7.531873e-16
0.9873418 9.236568e-16
1.012658 9.271505e-16
1.037975 7.751589e-16
1.063291 5.58091e-16
1.088608 3.593902e-16
1.113924 2.131025e-16
1.139241 1.1768e-16
1.164557 6.045081e-17
1.189873 2.874556e-17
1.21519 1.258349e-17
1.240506 5.042566e-18
1.265823 1.839135e-18
1.291139 6.066454e-19
1.316456 1.796115e-19
1.341772 4.727292e-20
1.367089 1.091917e-20
1.392405 2.1759e-21
1.417722 3.657048e-22
1.443038 5.030788e-23
1.468354 5.440313e-24
1.493671 4.372356e-25
1.518987 2.412171e-26
1.544304 8.426353e-28
1.56962 2.371494e-29
1.594937 1.446646e-30
1.620253 1.462512e-31
1.64557 1.649656e-32
1.670886 2.031324e-33
1.696203 2.549953e-34
1.721519 3.087663e-35
1.746835 3.504096e-36
1.772152 3.681394e-37
1.797468 3.564571e-38
1.822785 3.179393e-39
1.848101 2.616242e-40
1.873418 1.984465e-41
1.898734 1.373283e-42
1.924051 8.410825e-44
1.949367 4.273408e-45
1.974684 1.584383e-46
2 3.162173e-48
