0.4050633 1
0.4303797 1
0.4556962 1
0.4810127 1
0.5063291 1
0.5316456 1
0.556962 1
0.5822785 1
0.6075949 1
0.6329114 1
0.6582278 1
0.6835443 1
0.7088608 1
0.7341772 1
0.7594937 1
0.7848101 1
0.8101266 1
0.835443 1
0.8607595 1
0.8860759 1
0.9113924 1
0.9367089 1
0.9620253 1
0.9873418 1
1.012658 1
1.037975 1
1.063291 1
1.088608 1
1.113924 0.999999
1.139241 0.9997773
1.164557 0.9876751
1.189873 0.7674836
1.21519 0.1261274
1.240506 0.004470274
1.265823 6.007751e-05
1.291139 8.216991e-08
1.316456 8.647245e-12
1.341772 6.758569e-17
1.367089 7.158619e-38
1.392405 3.92627e-72
1.417722 1.046621e-76
1.443038 2.457057e-76
1.468354 4.266053e-76
1.493671 5.553702e-76
1.518987 5.745913e-76
1.544304 3.642373e-76
1.56962 1.336128e-76
1.594937 2.690941e-77
1.620253 2.648986e-78
1.64557 1.162272e-79
1.670886 8.543832e-82
1.696203 6.329588e-85
1.721519 3.53266e-88
1.746835 1.222927e-91
1.772152 3.932336e-95
1.797468 7.017726e-99
1.822785 1.485954e-102
1.848101 3.324592e-106
1.873418 3.921242e-110
1.898734 1.782951e-114
1.924051 1.101847e-119
1.949367 3.945868e-126
1.974684 3.230059e-135
2 4.159927e-153
