0.556962 1
0.5822785 1
0.6075949 1
0.6329114 1
0.6582278 0.999995
0.6835443 0.9991096
0.7088608 0.9672053
0.7341772 0.6524644
0.7594937 0.03927421
0.7848101 0.0007044772
0.8101266 3.842525e-05
0.835443 1.009855e-06
0.8607595 2.039382e-08
0.8860759 1.631804e-10
0.9113924 1.185435e-12
0.9367089 1.226122e-14
0.9620253 4.697258e-16
0.9873418 2.151706e-17
1.012658 3.184706e-19
1.037975 7.608552e-22
1.063291 6.966137e-26
1.088608 4.328726e-31
1.113924 1.855049e-34
1.139241 1.49646e-36
1.164557 4.015805e-38
1.189873 1.151046e-39
1.21519 2.666611e-41
1.240506 4.507357e-43
1.265823 5.333165e-45
1.291139 3.959296e-47
1.316456 1.865867e-49
1.341772 2.338214e-51
1.367089 1.665184e-52
1.392405 1.167562e-53
1.417722 6.971295e-55
1.443038 3.557558e-56
1.468354 1.586957e-57
1.493671 6.531878e-59
1.518987 2.675406e-60
1.544304 1.137038e-61
1.56962 4.849378e-63
1.594937 1.94931e-64
1.620253 7.132467e-66
1.64557 2.402122e-67
1.670886 7.939764e-69
1.696203 2.851887e-70
1.721519 1.170864e-71
1.746835 5.158268e-73
1.772152 2.228189e-74
1.797468 9.074955e-76
1.822785 3.525712e-77
1.848101 1.338838e-78
1.873418 4.966833e-80
1.898734 1.763186e-81
1.924051 5.747003e-83
1.949367 1.58914e-84
1.974684 3.241465e-86
2 3.574176e-88
