0.02531646 1
0.05063291 0.9999999
0.07594937 1
0.1012658 1
0.1265823 1
0.1518987 1
0.1772152 0.9999999
0.2025316 0.9999986
0.2278481 0.9999976
0.2531646 0.9999984
0.278481 0.9999999
0.3037975 1
0.3291139 1
0.3544304 1
0.3797468 0.9999998
0.4050633 1
0.4303797 1
0.4556962 1
0.4810127 0.9999931
0.5063291 0.9996872
0.5316456 0.9990228
0.556962 0.9990644
0.5822785 0.9877381
0.6075949 0.7628893
0.6329114 0.1266688
0.6582278 0.0009974253
0.6835443 5.590427e-07
0.7088608 2.539042e-10
0.7341772 6.00141e-12
0.7594937 1.280138e-09
0.7848101 3.960552e-08
0.8101266 1.509294e-07
0.835443 6.657801e-08
0.8607595 1.165343e-08
0.8860759 4.894062e-09
0.9113924 4.894062e-09
0.9367089 4.894062e-09
0.9620253 4.894062e-09
0.9873418 4.894062e-09
1.012658 4.886742e-09
1.037975 8.441816e-10
1.063291 1.24372e-11
1.088608 6.22905e-12
1.113924 1.313141e-13
1.139241 2.421134e-16
1.164557 3.60551e-18
1.189873 9.456522e-20
1.21519 1.584114e-20
1.240506 2.556705e-21
1.265823 3.368872e-22
1.291139 3.56604e-23
1.316456 3.059303e-24
1.341772 2.264217e-25
1.367089 1.830769e-26
1.392405 2.48245e-27
1.417722 5.459722e-28
1.443038 1.380596e-28
1.468354 3.520491e-29
1.493671 8.996678e-30
1.518987 2.363405e-30
1.544304 6.418453e-31
1.56962 1.744022e-31
1.594937 4.546141e-32
1.620253 1.121462e-32
1.64557 2.646968e-33
1.670886 6.044472e-34
1.696203 1.351035e-34
1.721519 2.982957e-35
1.746835 6.578031e-36
1.772152 1.450495e-36
1.797468 3.191135e-37
1.822785 6.949258e-38
1.848101 1.482269e-38
1.873418 3.079497e-39
1.898734 6.200997e-40
1.924051 1.188817e-40
1.949367 2.08317e-41
1.974684 3.014566e-42
2 2.703737e-43
