0.02531646 0.9999959
0.05063291 0.9999099
0.07594937 0.9999324
0.1012658 0.9999998
0.1265823 1
0.1518987 1
0.1772152 1
0.2025316 1
0.2278481 1
0.2531646 1
0.278481 1
0.3037975 0.9999998
0.3291139 0.9999992
0.3544304 0.999998
0.3797468 0.9999988
0.4050633 0.9999998
0.4303797 1
0.4556962 1
0.4810127 1
0.5063291 1
0.5316456 0.9999969
0.556962 0.999282
0.5822785 0.9753179
0.6075949 0.8349398
0.6329114 0.0712338
0.6582278 0.01318746
0.6835443 0.001009412
0.7088608 0.0001075793
0.7341772 1.261114e-05
0.7594937 7.838555e-06
0.7848101 8.539406e-06
0.8101266 2.944879e-07
0.835443 1.482091e-08
0.8607595 8.8176e-09
0.8860759 5.870235e-09
0.9113924 3.501827e-10
0.9367089 5.695351e-12
0.9620253 2.056591e-14
0.9873418 5.546511e-17
1.012658 2.090569e-17
1.037975 1.293307e-17
1.063291 7.378826e-18
1.088608 3.625138e-18
1.113924 1.487099e-18
1.139241 5.062319e-19
1.164557 1.431151e-19
1.189873 3.365303e-20
1.21519 6.58595e-21
1.240506 1.072414e-21
1.265823 1.454804e-22
1.291139 1.668838e-23
1.316456 1.793947e-24
1.341772 2.866991e-25
1.367089 1.102668e-25
1.392405 6.242876e-26
1.417722 3.610815e-26
1.443038 1.951213e-26
1.468354 9.524444e-27
1.493671 4.173905e-27
1.518987 1.60868e-27
1.544304 5.235537e-28
1.56962 1.428792e-28
1.594937 3.289552e-29
1.620253 6.374633e-30
1.64557 1.044558e-30
1.670886 1.527855e-31
1.696203 2.347304e-32
1.721519 4.654275e-33
1.746835 1.146154e-33
1.772152 2.964351e-34
1.797468 7.556466e-35
1.822785 1.956968e-35
1.848101 5.258336e-36
1.873418 1.508193e-36
1.898734 4.503572e-37
1.924051 1.274249e-37
1.949367 2.997044e-38
1.974684 4.959329e-39
2 4.203149e-40
