0.556962 1
0.5822785 1
0.6075949 1
0.6329114 1
0.6582278 1
0.6835443 1
0.7088608 1
0.7341772 1
0.7594937 1
0.7848101 1
0.8101266 1
0.835443 1
0.8607595 1
0.8860759 1
0.9113924 1
0.9367089 1
0.9620253 1
0.9873418 1
1.012658 1
1.037975 1
1.063291 1
1.088608 1
1.113924 0.9999978
1.139241 0.9982895
1.164557 0.9080188
1.189873 0.3585149
1.21519 0.01126474
1.240506 0.0002691861
1.265823 1.800793e-06
1.291139 1.939884e-09
1.316456 8.40867e-14
1.341772 1.752811e-17
1.367089 4.803126e-23
1.392405 1.531469e-31
1.417722 6.442196e-34
1.443038 5.278572e-35
1.468354 9.954481e-43
1.493671 1.318959e-42
1.518987 1.551218e-42
1.544304 1.516157e-42
1.56962 1.125515e-42
1.594937 5.763087e-43
1.620253 1.800039e-43
1.64557 2.941267e-44
1.670886 2.153589e-45
1.696203 1.022552e-46
1.721519 3.10591e-47
1.746835 1.660722e-47
1.772152 6.2734e-48
1.797468 1.243828e-48
1.822785 9.737255e-50
1.848101 3.17497e-51
1.873418 4.363981e-53
1.898734 2.612703e-55
1.924051 1.099873e-57
1.949367 3.127537e-60
1.974684 5.527243e-63
2 6.731987e-66
