0.02531646 0.9999856
0.05063291 0.9999839
0.07594937 0.9999999
0.1012658 1
0.1265823 0.9999998
0.1518987 0.9999991
0.1772152 0.9999999
0.2025316 1
0.2278481 1
0.2531646 1
0.278481 1
0.3037975 1
0.3291139 1
0.3544304 0.9999964
0.3797468 0.9999818
0.4050633 0.9999862
0.4303797 0.9999972
0.4556962 0.9999994
0.4810127 0.9999326
0.5063291 0.9997569
0.5316456 0.9999645
0.556962 0.9999985
0.5822785 0.997817
0.6075949 0.8400669
0.6329114 0.172851
0.6582278 0.001143321
0.6835443 1.212552e-07
0.7088608 6.864146e-12
0.7341772 5.658128e-14
0.7594937 1.671232e-13
0.7848101 7.956085e-13
0.8101266 6.289897e-12
0.835443 2.371151e-11
0.8607595 5.662529e-11
0.8860759 9.604062e-11
0.9113924 1.257894e-10
0.9367089 1.378193e-10
0.9620253 1.27909e-10
0.9873418 7.429832e-11
1.012658 3.845486e-11
1.037975 1.457459e-11
1.063291 4.284768e-12
1.088608 7.638204e-13
1.113924 2.613594e-14
1.139241 1.815008e-16
1.164557 4.008075e-18
1.189873 8.652646e-20
1.21519 1.685509e-20
1.240506 4.001646e-21
1.265823 7.965284e-22
1.291139 1.317604e-22
1.316456 1.804827e-23
1.341772 2.036043e-24
1.367089 1.866499e-25
1.392405 1.376169e-26
1.417722 9.082347e-28
1.443038 8.585679e-29
1.468354 1.556684e-29
1.493671 3.742014e-30
1.518987 9.100425e-31
1.544304 2.092234e-31
1.56962 4.554253e-32
1.594937 9.533884e-33
1.620253 1.932888e-33
1.64557 3.786768e-34
1.670886 7.199319e-35
1.696203 1.355049e-35
1.721519 2.577162e-36
1.746835 5.034443e-37
1.772152 1.018318e-37
1.797468 2.11929e-38
1.822785 4.454805e-39
1.848101 9.22451e-40
1.873418 1.84643e-40
1.898734 3.527838e-41
1.924051 6.280774e-42
1.949367 9.901017e-43
1.974684 1.233296e-43
2 9.04782e-45
