0.6075949 1
0.6329114 1
0.6582278 1
0.6835443 1
0.7088608 1
0.7341772 0.9999909
0.7594937 0.9975172
0.7848101 0.9080198
0.8101266 0.3767634
0.835443 0.0150798
0.8607595 0.0004462957
0.8860759 1.437022e-05
0.9113924 2.683695e-07
0.9367089 2.247395e-09
0.9620253 9.995377e-12
0.9873418 4.257064e-14
1.012658 8.033787e-16
1.037975 5.781467e-17
1.063291 1.981229e-18
1.088608 1.399536e-20
1.113924 4.64948e-24
1.139241 4.114267e-28
1.164557 1.062156e-29
1.189873 1.096106e-30
1.21519 1.05909e-31
1.240506 8.017e-33
1.265823 4.950185e-34
1.291139 2.14505e-35
1.316456 6.277956e-37
1.341772 9.211848e-39
1.367089 2.497661e-41
1.392405 1.013276e-44
1.417722 3.314518e-46
1.443038 1.37331e-47
1.468354 6.59932e-49
1.493671 3.128555e-50
1.518987 1.155585e-51
1.544304 3.42381e-53
1.56962 7.315767e-55
1.594937 1.14498e-56
1.620253 1.211502e-58
1.64557 8.493985e-61
1.670886 3.953834e-63
1.696203 2.390541e-65
1.721519 7.327588e-67
1.746835 3.103121e-68
1.772152 1.107469e-69
1.797468 3.176572e-71
1.822785 7.161875e-73
1.848101 1.289566e-74
1.873418 2.097342e-76
1.898734 3.816207e-78
1.924051 7.58402e-80
1.949367 1.391234e-81
1.974684 2.011453e-83
2 1.679307e-85
