0.02531646 1
0.05063291 1
0.07594937 1
0.1012658 1
0.1265823 1
0.1518987 0.9999921
0.1772152 0.9995893
0.2025316 0.9998692
0.2278481 0.9999919
0.2531646 0.9999789
0.278481 0.9997288
0.3037975 0.9948361
0.3291139 0.9880391
0.3544304 0.9928636
0.3797468 0.9986518
0.4050633 0.999958
0.4303797 0.9999996
0.4556962 0.9999999
0.4810127 0.9999999
0.5063291 0.9999996
0.5316456 0.9999985
0.556962 0.9999985
0.5822785 0.9978803
0.6075949 0.8518123
0.6329114 0.1990003
0.6582278 0.001985088
0.6835443 8.506991e-07
0.7088608 9.579579e-11
0.7341772 7.441497e-15
0.7594937 5.65572e-15
0.7848101 1.370988e-15
0.8101266 7.157008e-16
0.835443 6.949973e-16
0.8607595 7.790705e-16
0.8860759 8.654141e-16
0.9113924 9.016595e-16
0.9367089 8.640507e-16
0.9620253 7.53131e-16
0.9873418 5.919845e-16
1.012658 4.160892e-16
1.037975 2.578198e-16
1.063291 1.375096e-16
1.088608 6.04539e-17
1.113924 2.024475e-17
1.139241 4.434116e-18
1.164557 4.432857e-19
1.189873 6.595902e-21
1.21519 1.416503e-21
1.240506 4.589303e-22
1.265823 1.288706e-22
1.291139 3.054816e-23
1.316456 6.065728e-24
1.341772 1.005151e-24
1.367089 1.390857e-25
1.392405 1.610965e-26
1.417722 1.562482e-27
1.443038 1.286034e-28
1.468354 9.914269e-30
1.493671 9.150973e-31
1.518987 1.263693e-31
1.544304 2.439592e-32
1.56962 5.37926e-33
1.594937 1.188554e-33
1.620253 2.506207e-34
1.64557 4.962685e-35
1.670886 9.214474e-36
1.696203 1.596771e-36
1.721519 2.561414e-37
1.746835 3.781039e-38
1.772152 5.182001e-39
1.797468 6.879337e-40
1.822785 9.521148e-41
1.848101 1.439962e-41
1.873418 2.306375e-42
1.898734 3.652229e-43
1.924051 5.341123e-44
1.949367 6.668877e-45
1.974684 6.262746e-46
2 3.296233e-47
