0.5822785 1
0.6075949 1
0.6329114 1
0.6582278 1
0.6835443 1
0.7088608 1
0.7341772 1
0.7594937 1
0.7848101 1
0.8101266 1
0.835443 1
0.8607595 1
0.8860759 1
0.9113924 1
0.9367089 1
0.9620253 1
0.9873418 1
1.012658 1
1.037975 1
1.063291 1
1.088608 1
1.113924 0.9999731
1.139241 0.9961958
1.164557 0.9564488
1.189873 0.09003402
1.21519 0.01636879
1.240506 0.0002790715
1.265823 8.582331e-07
1.291139 5.12528e-10
1.316456 8.006114e-14
1.341772 6.279579e-17
1.367089 3.814768e-23
1.392405 6.383843e-28
1.417722 1.275976e-28
1.443038 1.6519e-30
1.468354 7.772061e-36
1.493671 2.091782e-35
1.518987 4.35184e-35
1.544304 6.99183e-35
1.56962 8.787495e-35
1.594937 8.739049e-35
1.620253 6.741705e-35
1.64557 3.789692e-35
1.670886 1.4282e-35
1.696203 3.400376e-36
1.721519 5.172975e-37
1.746835 5.782714e-38
1.772152 5.338029e-39
1.797468 3.949597e-40
1.822785 2.259232e-41
1.848101 1.104482e-42
1.873418 4.704133e-44
1.898734 1.544128e-45
1.924051 4.049693e-47
1.949367 8.886688e-49
1.974684 1.701043e-50
2 2.74525e-52
