0.02531646 1
0.05063291 1
0.07594937 1
0.1012658 0.9999999
0.1265823 0.999983
0.1518987 0.9986049
0.1772152 0.9969236
0.2025316 0.9991088
0.2278481 0.9991867
0.2531646 0.9925446
0.278481 0.9961855
0.3037975 0.9999418
0.3291139 0.9999712
0.3544304 0.9992207
0.3797468 0.9689245
0.4050633 0.9737901
0.4303797 0.9983311
0.4556962 0.9748683
0.4810127 0.9960256
0.5063291 0.9948552
0.5316456 0.9604664
0.556962 0.9643278
0.5822785 0.9875338
0.6075949 0.8233622
0.6329114 0.1898117
0.6582278 0.007068423
0.6835443 7.073373e-05
0.7088608 4.064713e-08
0.7341772 1.493944e-10
0.7594937 3.175352e-10
0.7848101 5.192806e-10
0.8101266 3.458205e-10
0.835443 1.509903e-10
0.8607595 7.630938e-11
0.8860759 6.877433e-11
0.9113924 9.186614e-11
0.9367089 1.122833e-10
0.9620253 1.112078e-10
0.9873418 6.697646e-11
1.012658 2.17082e-11
1.037975 4.649555e-12
1.063291 5.854274e-13
1.088608 2.084777e-14
1.113924 3.288774e-17
1.139241 1.584799e-17
1.164557 1.359626e-17
1.189873 1.017029e-17
1.21519 7.158769e-18
1.240506 4.98951e-18
1.265823 3.404517e-18
1.291139 2.259329e-18
1.316456 1.455935e-18
1.341772 9.031079e-19
1.367089 5.280637e-19
1.392405 2.656722e-19
1.417722 1.439154e-19
1.443038 8.506749e-20
1.468354 4.959615e-20
1.493671 2.811998e-20
1.518987 1.551797e-20
1.544304 8.355696e-21
1.56962 4.405892e-21
1.594937 2.284118e-21
1.620253 1.165098e-21
1.64557 5.826855e-22
1.670886 2.849716e-22
1.696203 1.361788e-22
1.721519 6.362725e-23
1.746835 2.9089e-23
1.772152 1.294583e-23
1.797468 5.576718e-24
1.822785 2.331936e-24
1.848101 9.297658e-25
1.873418 3.5508e-25
1.898734 1.255429e-25
1.924051 4.301163e-26
1.949367 1.297537e-26
1.974684 3.731542e-27
2 8.777311e-28
