0.02531646 0.9999999
0.05063291 0.9999993
0.07594937 0.9999999
0.1012658 1
0.1265823 1
0.1518987 1
0.1772152 1
0.2025316 1
0.2278481 1
0.2531646 1
0.278481 1
0.3037975 1
0.3291139 1
0.3544304 1
0.3797468 1
0.4050633 1
0.4303797 1
0.4556962 1
0.4810127 1
0.5063291 1
0.5316456 1
0.556962 0.99998
0.5822785 0.9946413
0.6075949 0.846385
0.6329114 0.1057032
0.6582278 0.003661235
0.6835443 4.030657e-06
0.7088608 1.767314e-08
0.7341772 1.693821e-07
0.7594937 1.552934e-06
0.7848101 8.329467e-07
0.8101266 1.643789e-07
0.835443 7.138115e-09
0.8607595 6.247862e-09
0.8860759 1.588914e-08
0.9113924 1.338465e-08
0.9367089 1.090832e-08
0.9620253 1.259296e-08
0.9873418 1.929332e-08
1.012658 2.809444e-11
1.037975 3.491611e-15
1.063291 3.115639e-17
1.088608 5.34314e-18
1.113924 7.481008e-19
1.139241 1.508311e-19
1.164557 2.991533e-20
1.189873 6.923952e-21
1.21519 1.85565e-21
1.240506 4.81929e-22
1.265823 1.078837e-22
1.291139 2.009261e-23
1.316456 3.159834e-24
1.341772 4.478575e-25
1.367089 6.558382e-26
1.392405 1.215037e-26
1.417722 3.259271e-27
1.443038 1.168591e-27
1.468354 4.752857e-28
1.493671 1.986939e-28
1.518987 8.14957e-29
1.544304 3.17577e-29
1.56962 1.141624e-29
1.594937 3.710595e-30
1.620253 1.112252e-30
1.64557 3.176758e-31
1.670886 8.770889e-32
1.696203 2.361595e-32
1.721519 6.227019e-33
1.746835 1.612421e-33
1.772152 4.125143e-34
1.797468 1.058809e-34
1.822785 2.815658e-35
1.848101 8.008648e-36
1.873418 2.212485e-36
1.898734 5.362454e-37
1.924051 1.082264e-37
1.949367 1.845398e-38
1.974684 2.725176e-39
2 3.132223e-40
