0.05063291 1
0.07594937 1
0.1012658 1
0.1265823 1
0.1518987 0.9999981
0.1772152 0.9998099
0.2025316 0.9951798
0.2278481 0.9505176
0.2531646 0.8398729
0.278481 0.04212022
0.3037975 0.03905821
0.3291139 0.03905821
0.3544304 0.06300873
0.3797468 0.66318
0.4050633 0.9854288
0.4303797 0.9959875
0.4556962 0.9959993
0.4810127 0.9959651
0.5063291 0.9520132
0.5316456 0.5345533
0.556962 0.04540719
0.5822785 0.003264519
0.6075949 0.001355378
0.6329114 0.006603544
0.6582278 0.01016981
0.6835443 0.007993738
0.7088608 0.003169549
0.7341772 0.0009270392
0.7594937 0.0002093566
0.7848101 6.438899e-05
0.8101266 1.335879e-05
0.835443 8.328294e-06
0.8607595 5.061508e-05
0.8860759 7.026672e-05
0.9113924 3.84959e-05
0.9367089 1.655253e-05
0.9620253 5.214055e-05
0.9873418 4.945734e-05
1.012658 3.310424e-05
1.037975 5.480853e-06
1.063291 8.744349e-07
1.088608 1.175391e-07
1.113924 1.257918e-08
1.139241 1.766452e-09
1.164557 7.648655e-10
1.189873 1.158557e-08
1.21519 1.490025e-07
1.240506 2.001821e-07
1.265823 7.397782e-08
1.291139 5.064493e-09
1.316456 2.462746e-09
1.341772 1.992643e-09
1.367089 7.407948e-10
1.392405 3.641612e-10
1.417722 3.860741e-10
1.443038 6.010683e-10
1.468354 9.719323e-10
1.493671 1.00114e-09
1.518987 1.100384e-09
1.544304 9.878093e-10
1.56962 1.178907e-09
1.594937 2.050471e-08
1.620253 1.246354e-06
1.64557 6.686639e-06
1.670886 3.396039e-06
1.696203 2.630862e-07
1.721519 9.606923e-09
1.746835 1.175067e-08
1.772152 7.521034e-08
1.797468 2.898727e-07
1.822785 1.370119e-06
1.848101 9.677439e-07
1.873418 1.414193e-07
1.898734 2.759148e-09
1.924051 6.841267e-10
1.949367 1.246273e-09
1.974684 6.217484e-10
2 3.214352e-10
