0.6835443 1
0.7088608 1
0.7341772 1
0.7594937 1
0.7848101 1
0.8101266 1
0.835443 0.9999996
0.8607595 0.9997196
0.8860759 0.9761294
0.9113924 0.6581926
0.9367089 0.05339956
0.9620253 0.001152721
0.9873418 3.216079e-05
1.012658 3.817977e-07
1.037975 2.769984e-09
1.063291 1.106684e-11
1.088608 1.644041e-13
1.113924 7.7043e-14
1.139241 2.312571e-14
1.164557 4.852599e-15
1.189873 1.786414e-15
1.21519 7.571771e-16
1.240506 2.671137e-16
1.265823 7.505987e-17
1.291139 1.56803e-17
1.316456 2.138039e-18
1.341772 1.323396e-19
1.367089 1.437896e-21
1.392405 2.078778e-23
1.417722 2.713438e-24
1.443038 9.993706e-26
1.468354 6.362024e-28
1.493671 6.634134e-31
1.518987 2.48128e-34
1.544304 9.612443e-37
1.56962 2.065971e-39
1.594937 5.91429e-42
1.620253 4.92496e-43
1.64557 5.753784e-44
1.670886 5.054722e-45
1.696203 3.363238e-46
1.721519 1.461473e-47
1.746835 4.376162e-49
1.772152 7.691238e-51
1.797468 7.300984e-53
1.822785 3.775511e-55
1.848101 1.147239e-57
1.873418 2.730874e-60
1.898734 5.675848e-63
1.924051 1.07852e-65
1.949367 7.60104e-68
1.974684 1.081733e-69
2 8.054411e-72
