0.07594937 1
0.1012658 0.9999999
0.1265823 0.9999999
0.1518987 1
0.1772152 1
0.2025316 1
0.2278481 1
0.2531646 1
0.278481 1
0.3037975 1
0.3291139 1
0.3544304 0.9999945
0.3797468 0.9994669
0.4050633 0.9828573
0.4303797 0.7833559
0.4556962 0.1632355
0.4810127 0.008054726
0.5063291 0.0002327197
0.5316456 0.000111641
0.556962 0.0004046264
0.5822785 0.003556235
0.6075949 0.01783443
0.6329114 0.01524301
0.6582278 0.007091473
0.6835443 0.001831677
0.7088608 0.0002997591
0.7341772 3.888684e-05
0.7594937 4.325511e-06
0.7848101 4.093228e-07
0.8101266 3.374719e-08
0.835443 2.107907e-09
0.8607595 2.989073e-10
0.8860759 4.100274e-10
0.9113924 3.058056e-10
0.9367089 9.644376e-10
0.9620253 3.016853e-07
0.9873418 3.87038e-06
1.012658 2.54634e-05
1.037975 2.4837e-05
1.063291 1.10327e-05
1.088608 1.182835e-06
1.113924 2.891589e-08
1.139241 1.466519e-07
1.164557 2.296884e-06
1.189873 1.783916e-05
1.21519 9.44396e-05
1.240506 0.0001253224
1.265823 0.0001742459
1.291139 0.0001778427
1.316456 0.0001173884
1.341772 3.193736e-05
1.367089 3.361475e-06
1.392405 1.23816e-07
1.417722 1.007743e-08
1.443038 9.793146e-09
1.468354 9.803279e-09
1.493671 9.813494e-09
1.518987 2.871046e-08
1.544304 1.132695e-06
1.56962 3.833213e-06
1.594937 8.644857e-06
1.620253 3.195744e-08
1.64557 1.709525e-10
1.670886 7.118945e-11
1.696203 5.774086e-11
1.721519 3.151116e-12
1.746835 1.160729e-13
1.772152 1.670098e-15
1.797468 1.629004e-16
1.822785 2.697308e-17
1.848101 1.383515e-17
1.873418 7.294968e-18
1.898734 4.034181e-18
1.924051 2.416182e-18
1.949367 1.407848e-18
1.974684 6.445858e-19
2 1.629836e-19
