0.02531646 0.9999662
0.05063291 1
0.07594937 1
0.1012658 1
0.1265823 1
0.1518987 1
0.1772152 1
0.2025316 0.9999999
0.2278481 0.9999996
0.2531646 0.9999995
0.278481 0.9999997
0.3037975 0.9999945
0.3291139 0.9999888
0.3544304 0.9999988
0.3797468 0.9999998
0.4050633 1
0.4303797 1
0.4556962 1
0.4810127 1
0.5063291 1
0.5316456 0.9999999
0.556962 0.9999202
0.5822785 0.987085
0.6075949 0.7246667
0.6329114 0.1585314
0.6582278 0.003578751
0.6835443 2.700743e-05
0.7088608 4.442525e-07
0.7341772 3.116971e-07
0.7594937 5.470739e-07
0.7848101 8.627879e-07
0.8101266 5.873692e-07
0.835443 4.367845e-09
0.8607595 1.132083e-09
0.8860759 6.685824e-10
0.9113924 2.884636e-09
0.9367089 5.056595e-09
0.9620253 1.991561e-10
0.9873418 5.719325e-13
1.012658 6.097742e-17
1.037975 4.667933e-17
1.063291 4.596293e-18
1.088608 1.440867e-18
1.113924 6.519661e-19
1.139241 2.975463e-19
1.164557 1.196077e-19
1.189873 4.063979e-20
1.21519 1.156869e-20
1.240506 2.751323e-21
1.265823 5.456514e-22
1.291139 9.031355e-23
1.316456 1.260119e-23
1.341772 1.545039e-24
1.367089 1.938215e-25
1.392405 3.588639e-26
1.417722 1.179734e-26
1.443038 5.109436e-27
1.468354 2.286194e-27
1.493671 9.602492e-28
1.518987 3.685113e-28
1.544304 1.272635e-28
1.56962 3.766607e-29
1.594937 9.656267e-30
1.620253 2.356689e-30
1.64557 6.022902e-31
1.670886 1.671473e-31
1.696203 4.728777e-32
1.721519 1.234746e-32
1.746835 2.763077e-33
1.772152 5.077854e-34
1.797468 7.599844e-35
1.822785 9.835442e-36
1.848101 1.357379e-36
1.873418 2.595535e-37
1.898734 6.341763e-38
1.924051 1.559455e-38
1.949367 3.385323e-39
1.974684 5.919025e-40
2 7.093627e-41
