0.02531646 1
0.05063291 1
0.07594937 1
0.1012658 1
0.1265823 1
0.1518987 1
0.1772152 1
0.2025316 1
0.2278481 1
0.2531646 0.9999995
0.278481 0.9999935
0.3037975 0.9999895
0.3291139 0.9999994
0.3544304 0.9999862
0.3797468 0.9999942
0.4050633 0.9999988
0.4303797 1
0.4556962 1
0.4810127 1
0.5063291 1
0.5316456 1
0.556962 0.9999582
0.5822785 0.9918026
0.6075949 0.803931
0.6329114 0.1189677
0.6582278 0.003788173
0.6835443 1.615416e-05
0.7088608 5.375971e-07
0.7341772 4.705598e-06
0.7594937 7.033941e-06
0.7848101 3.945115e-06
0.8101266 1.01838e-05
0.835443 3.907433e-05
0.8607595 2.98386e-05
0.8860759 3.61602e-06
0.9113924 2.842055e-07
0.9367089 9.160803e-10
0.9620253 2.366197e-10
0.9873418 7.862688e-11
1.012658 8.047966e-13
1.037975 8.201008e-16
1.063291 9.46023e-18
1.088608 1.438844e-18
1.113924 4.335997e-19
1.139241 1.615862e-19
1.164557 6.368862e-20
1.189873 2.259495e-20
1.21519 6.784768e-21
1.240506 1.698242e-21
1.265823 3.540777e-22
1.291139 6.188837e-23
1.316456 9.225899e-24
1.341772 1.227854e-24
1.367089 1.659207e-25
1.392405 3.014145e-26
1.417722 8.936533e-27
1.443038 3.598927e-27
1.468354 1.588005e-27
1.493671 6.92527e-28
1.518987 2.846367e-28
1.544304 1.080418e-28
1.56962 3.703858e-29
1.594937 1.142956e-29
1.620253 3.280017e-30
1.64557 8.908636e-31
1.670886 2.312109e-31
1.696203 5.88942e-32
1.721519 1.527049e-32
1.746835 4.158871e-33
1.772152 1.182135e-33
1.797468 3.249551e-34
1.822785 7.84776e-35
1.848101 1.562965e-35
1.873418 2.512942e-36
1.898734 3.359673e-37
1.924051 4.159579e-38
1.949367 5.687342e-39
1.974684 9.07362e-40
2 1.327483e-40
