0.4810127 1
0.5063291 1
0.5316456 1
0.556962 0.9999999
0.5822785 0.9998935
0.6075949 0.9828767
0.6329114 0.6548526
0.6582278 0.03797163
0.6835443 0.006465836
0.7088608 0.001021757
0.7341772 7.765451e-05
0.7594937 1.197684e-06
0.7848101 2.2962e-08
0.8101266 1.635556e-10
0.835443 2.917523e-12
0.8607595 5.728798e-14
0.8860759 1.741587e-15
0.9113924 1.800248e-16
0.9367089 9.906384e-18
0.9620253 2.24852e-19
0.9873418 1.395497e-21
1.012658 1.209211e-24
1.037975 3.910364e-29
1.063291 4.947374e-34
1.088608 1.365168e-37
1.113924 1.712782e-40
1.139241 6.347049e-43
1.164557 2.904446e-45
1.189873 2.986644e-47
1.21519 1.297636e-48
1.240506 6.58967e-50
1.265823 3.019837e-51
1.291139 1.279284e-52
1.316456 5.234046e-54
1.341772 2.165103e-55
1.367089 9.576519e-57
1.392405 4.784858e-58
1.417722 2.678717e-59
1.443038 1.575192e-60
1.468354 9.287955e-62
1.493671 5.476156e-63
1.518987 3.277116e-64
1.544304 2.004431e-65
1.56962 1.23722e-66
1.594937 7.523753e-68
1.620253 4.427431e-69
1.64557 2.518217e-70
1.670886 1.420312e-71
1.696203 8.392824e-73
1.721519 5.528016e-74
1.746835 4.132091e-75
1.772152 3.359453e-76
1.797468 2.790115e-77
1.822785 2.246282e-78
1.848101 1.685184e-79
1.873418 1.138676e-80
1.898734 6.677126e-82
1.924051 3.239901e-83
1.949367 1.214337e-84
1.974684 3.108366e-86
2 4.062094e-88
