0.4050633 1
0.4303797 1
0.4556962 1
0.4810127 1
0.5063291 1
0.5316456 1
0.556962 1
0.5822785 1
0.6075949 1
0.6329114 1
0.6582278 1
0.6835443 1
0.7088608 1
0.7341772 1
0.7594937 1
0.7848101 1
0.8101266 1
0.835443 1
0.8607595 1
0.8860759 1
0.9113924 1
0.9367089 1
0.9620253 1
0.9873418 1
1.012658 1
1.037975 1
1.063291 1
1.088608 1
1.113924 0.9999995
1.139241 0.999785
1.164557 0.9925002
1.189873 0.8857674
1.21519 0.279784
1.240506 0.01890371
1.265823 0.0002398001
1.291139 4.67941e-07
1.316456 7.441671e-11
1.341772 2.663086e-16
1.367089 7.216238e-39
1.392405 4.537941e-73
1.417722 1.531535e-79
1.443038 1.570761e-79
1.468354 1.714873e-79
1.493671 1.13231e-79
1.518987 4.274135e-80
1.544304 8.864262e-81
1.56962 1.057618e-81
1.594937 8.377871e-83
1.620253 3.288012e-84
1.64557 5.061107e-86
1.670886 9.242159e-89
1.696203 2.220478e-92
1.721519 4.330185e-96
1.746835 5.264079e-100
1.772152 4.856978e-104
1.797468 2.868971e-108
1.822785 1.745592e-112
1.848101 1.2032e-116
1.873418 3.126578e-121
1.898734 2.101608e-126
1.924051 1.236957e-132
1.949367 1.584602e-140
1.974684 8.466253e-152
2 3.059991e-174
