0.02531646 0.9999495
0.05063291 1
0.07594937 1
0.1012658 1
0.1265823 1
0.1518987 1
0.1772152 1
0.2025316 1
0.2278481 1
0.2531646 0.9999998
0.278481 0.999999
0.3037975 0.9999959
0.3291139 0.999996
0.3544304 0.9999959
0.3797468 0.9999999
0.4050633 0.9999997
0.4303797 0.9999999
0.4556962 1
0.4810127 1
0.5063291 1
0.5316456 1
0.556962 0.9999535
0.5822785 0.9905114
0.6075949 0.7727334
0.6329114 0.1357027
0.6582278 0.003627305
0.6835443 1.772611e-05
0.7088608 4.881837e-07
0.7341772 2.980861e-07
0.7594937 1.875082e-07
0.7848101 5.169576e-06
0.8101266 2.929882e-05
0.835443 3.019076e-05
0.8607595 2.842538e-06
0.8860759 3.787532e-07
0.9113924 1.70577e-09
0.9367089 1.886751e-09
0.9620253 2.58462e-09
0.9873418 6.260078e-11
1.012658 9.404422e-14
1.037975 3.297754e-16
1.063291 7.470752e-18
1.088608 1.365752e-18
1.113924 4.678281e-19
1.139241 1.916637e-19
1.164557 7.734027e-20
1.189873 2.722322e-20
1.21519 8.054438e-21
1.240506 1.987927e-21
1.265823 4.094605e-22
1.291139 7.072635e-23
1.316456 1.039493e-23
1.341772 1.357427e-24
1.367089 1.79709e-25
1.392405 3.254714e-26
1.417722 9.841456e-27
1.443038 4.036977e-27
1.468354 1.793601e-27
1.493671 7.770051e-28
1.518987 3.140514e-28
1.544304 1.164816e-28
1.56962 3.869417e-29
1.594937 1.147628e-29
1.620253 3.108734e-30
1.64557 7.864455e-31
1.670886 1.92846e-31
1.696203 4.815301e-32
1.721519 1.273859e-32
1.746835 3.537773e-33
1.772152 9.560163e-34
1.797468 2.293078e-34
1.822785 4.579058e-35
1.848101 7.429059e-36
1.873418 1.009742e-36
1.898734 1.308657e-37
1.924051 2.009205e-38
1.949367 3.818826e-39
1.974684 7.298052e-40
2 1.08338e-40
