0.4303797 1
0.4556962 1
0.4810127 1
0.5063291 1
0.5316456 1
0.556962 1
0.5822785 1
0.6075949 1
0.6329114 1
0.6582278 1
0.6835443 1
0.7088608 1
0.7341772 1
0.7594937 1
0.7848101 1
0.8101266 1
0.835443 1
0.8607595 1
0.8860759 1
0.9113924 1
0.9367089 1
0.9620253 1
0.9873418 1
1.012658 1
1.037975 1
1.063291 1
1.088608 1
1.113924 0.999999
1.139241 0.9997752
1.164557 0.985337
1.189873 0.7474008
1.21519 0.09753611
1.240506 0.004165408
1.265823 4.507177e-05
1.291139 8.801398e-08
1.316456 1.902172e-11
1.341772 4.29304e-16
1.367089 2.606823e-23
1.392405 1.025018e-44
1.417722 1.68428e-45
1.443038 3.538339e-46
1.468354 7.468564e-54
1.493671 3.579127e-53
1.518987 1.299275e-52
1.544304 3.47784e-52
1.56962 6.687606e-52
1.594937 8.990604e-52
1.620253 8.194581e-52
1.64557 4.865617e-52
1.670886 1.768344e-52
1.696203 3.572027e-53
1.721519 3.821479e-54
1.746835 2.168651e-55
1.772152 7.495113e-57
1.797468 2.328062e-58
1.822785 8.800019e-60
1.848101 3.716765e-61
1.873418 1.452868e-62
1.898734 5.058352e-64
1.924051 1.51812e-65
1.949367 3.830676e-67
1.974684 7.78734e-69
2 1.045661e-70
