0.4050633 1
0.4303797 1
0.4556962 1
0.4810127 1
0.5063291 1
0.5316456 1
0.556962 1
0.5822785 1
0.6075949 1
0.6329114 1
0.6582278 1
0.6835443 1
0.7088608 1
0.7341772 1
0.7594937 1
0.7848101 1
0.8101266 1
0.835443 1
0.8607595 1
0.8860759 1
0.9113924 1
0.9367089 1
0.9620253 1
0.9873418 1
1.012658 1
1.037975 1
1.063291 1
1.088608 1
1.113924 0.9999991
1.139241 0.9997908
1.164557 0.9889525
1.189873 0.7839712
1.21519 0.138117
1.240506 0.004994241
1.265823 6.45066e-05
1.291139 8.844013e-08
1.316456 9.607648e-12
1.341772 7.063176e-17
1.367089 5.634123e-38
1.392405 3.134587e-72
1.417722 5.650501e-77
1.443038 1.262482e-76
1.468354 2.102112e-76
1.493671 2.63546e-76
1.518987 2.504518e-76
1.544304 1.431988e-76
1.56962 4.733589e-77
1.594937 8.53412e-78
1.620253 7.709158e-79
1.64557 3.105878e-80
1.670886 1.99598e-82
1.696203 1.334604e-85
1.721519 6.758348e-89
1.746835 2.152103e-92
1.772152 6.121305e-96
1.797468 1.012664e-99
1.822785 1.866678e-103
1.848101 3.902254e-107
1.873418 3.921107e-111
1.898734 1.536467e-115
1.924051 7.596998e-121
1.949367 2.036335e-127
1.974684 1.019442e-136
2 5.73808e-155
