0.1518987 1
0.1772152 1
0.2025316 1
0.2278481 1
0.2531646 1
0.278481 1
0.3037975 1
0.3291139 1
0.3544304 1
0.3797468 1
0.4050633 0.9999999
0.4303797 0.9999999
0.4556962 1
0.4810127 1
0.5063291 1
0.5316456 1
0.556962 0.9999991
0.5822785 0.9999318
0.6075949 0.9942862
0.6329114 0.6925255
0.6582278 0.1089179
0.6835443 0.003958823
0.7088608 2.871476e-05
0.7341772 3.095154e-08
0.7594937 2.562758e-10
0.7848101 1.865536e-09
0.8101266 1.068157e-09
0.835443 3.763442e-10
0.8607595 1.101283e-09
0.8860759 7.966385e-08
0.9113924 6.872947e-08
0.9367089 1.81489e-07
0.9620253 3.933598e-06
0.9873418 2.984402e-05
1.012658 2.147712e-05
1.037975 2.209539e-06
1.063291 5.687504e-06
1.088608 6.373648e-06
1.113924 8.376323e-07
1.139241 6.430644e-07
1.164557 1.406745e-06
1.189873 1.877886e-08
1.21519 3.675951e-07
1.240506 2.239731e-06
1.265823 2.454238e-06
1.291139 5.792159e-07
1.316456 1.795054e-08
1.341772 1.535785e-08
1.367089 2.033439e-08
1.392405 9.946859e-09
1.417722 1.423558e-10
1.443038 3.278936e-11
1.468354 4.671676e-11
1.493671 4.370973e-11
1.518987 2.593139e-11
1.544304 1.40595e-11
1.56962 6.756005e-12
1.594937 2.752837e-12
1.620253 9.351228e-13
1.64557 2.669876e-13
1.670886 6.401871e-14
1.696203 1.398244e-14
1.721519 3.512192e-15
1.746835 1.291607e-15
1.772152 4.615289e-16
1.797468 1.337542e-16
1.822785 3.067276e-17
1.848101 5.75101e-18
1.873418 1.114861e-18
1.898734 2.961107e-19
1.924051 8.250016e-20
1.949367 1.79612e-20
1.974684 2.635934e-21
2 1.949596e-22
