0.2531646 0.9999999
0.278481 1
0.3037975 1
0.3291139 0.9999967
0.3544304 0.9992142
0.3797468 0.9705505
0.4050633 0.6855976
0.4303797 0.06132263
0.4556962 0.0007668338
0.4810127 2.786952e-05
0.5063291 2.512751e-06
0.5316456 1.442314e-07
0.556962 5.471953e-09
0.5822785 1.789249e-10
0.6075949 9.624166e-12
0.6329114 7.590856e-13
0.6582278 3.179412e-13
0.6835443 6.651692e-11
0.7088608 6.213194e-09
0.7341772 1.016047e-07
0.7594937 3.191865e-07
0.7848101 2.829541e-07
0.8101266 6.789457e-08
0.835443 2.129313e-08
0.8607595 7.871867e-10
0.8860759 3.696898e-10
0.9113924 3.148558e-10
0.9367089 1.429579e-10
0.9620253 1.169807e-11
0.9873418 7.943665e-14
1.012658 3.527356e-15
1.037975 2.180544e-15
1.063291 1.446347e-15
1.088608 9.243986e-16
1.113924 5.399637e-16
1.139241 2.837733e-16
1.164557 1.328173e-16
1.189873 5.490426e-17
1.21519 1.999442e-17
1.240506 6.442086e-18
1.265823 1.861075e-18
1.291139 4.914496e-19
1.316456 1.205076e-19
1.341772 2.757749e-20
1.367089 5.890029e-21
1.392405 1.215764e-21
1.417722 2.862848e-22
1.443038 9.975955e-23
1.468354 4.930475e-23
1.493671 2.731997e-23
1.518987 1.521286e-23
1.544304 8.281714e-24
1.56962 4.365977e-24
1.594937 2.211843e-24
1.620253 1.068388e-24
1.64557 4.881799e-25
1.670886 2.093712e-25
1.696203 8.362788e-26
1.721519 3.086064e-26
1.746835 1.043234e-26
1.772152 3.20039e-27
1.797468 8.814589e-28
1.822785 2.151993e-28
1.848101 4.58413e-29
1.873418 8.345853e-30
1.898734 1.261632e-30
1.924051 1.516695e-31
1.949367 1.35394e-32
1.974684 7.955544e-34
2 2.301735e-35
