0.2531646 1
0.278481 1
0.3037975 0.9999957
0.3291139 0.9980956
0.3544304 0.9001515
0.3797468 0.2554217
0.4050633 0.01094501
0.4303797 0.002199047
0.4556962 0.0001212969
0.4810127 3.092638e-06
0.5063291 4.039595e-07
0.5316456 1.417482e-08
0.556962 5.624864e-10
0.5822785 2.747076e-11
0.6075949 4.436829e-12
0.6329114 9.23134e-12
0.6582278 1.894384e-10
0.6835443 3.389538e-09
0.7088608 7.489388e-08
0.7341772 6.390974e-07
0.7594937 7.717797e-07
0.7848101 8.773563e-08
0.8101266 4.40875e-09
0.835443 1.718974e-09
0.8607595 3.701025e-09
0.8860759 5.291449e-09
0.9113924 4.875502e-10
0.9367089 1.081049e-11
0.9620253 4.663898e-12
0.9873418 1.969794e-12
1.012658 9.117188e-13
1.037975 4.828718e-13
1.063291 1.579702e-13
1.088608 4.146399e-14
1.113924 1.050278e-14
1.139241 3.042372e-15
1.164557 1.208951e-15
1.189873 4.541967e-16
1.21519 1.55281e-16
1.240506 5.055286e-17
1.265823 1.572484e-17
1.291139 4.585384e-18
1.316456 1.243576e-18
1.341772 3.186545e-19
1.367089 8.485096e-20
1.392405 2.990821e-20
1.417722 1.617072e-20
1.443038 1.106568e-20
1.468354 7.955063e-21
1.493671 5.64187e-21
1.518987 3.880062e-21
1.544304 2.567458e-21
1.56962 1.624596e-21
1.594937 9.774299e-22
1.620253 5.560672e-22
1.64557 2.974933e-22
1.670886 1.488202e-22
1.696203 6.918898e-23
1.721519 2.969539e-23
1.746835 1.167665e-23
1.772152 4.169578e-24
1.797468 1.337976e-24
1.822785 3.809048e-25
1.848101 9.466655e-26
1.873418 2.011355e-26
1.898734 3.550882e-27
1.924051 4.999512e-28
1.949367 5.262542e-29
1.974684 3.679991e-30
2 1.278771e-31
