0.6075949 1
0.6329114 1
0.6582278 1
0.6835443 1
0.7088608 1
0.7341772 1
0.7594937 1
0.7848101 1
0.8101266 1
0.835443 1
0.8607595 1
0.8860759 1
0.9113924 1
0.9367089 1
0.9620253 1
0.9873418 1
1.012658 1
1.037975 1
1.063291 1
1.088608 0.9999999
1.113924 0.9999093
1.139241 0.9799633
1.164557 0.5789672
1.189873 0.09747405
1.21519 0.002536668
1.240506 2.03631e-05
1.265823 6.292786e-07
1.291139 7.540945e-09
1.316456 1.79391e-13
1.341772 4.019617e-18
1.367089 1.821452e-23
1.392405 1.224519e-25
1.417722 9.712827e-27
1.443038 5.675202e-29
1.468354 6.306341e-29
1.493671 6.529758e-29
1.518987 5.24123e-29
1.544304 3.212584e-29
1.56962 1.479988e-29
1.594937 5.070834e-30
1.620253 1.313849e-30
1.64557 2.708334e-31
1.670886 4.566697e-32
1.696203 6.124867e-33
1.721519 6.252058e-34
1.746835 5.008179e-35
1.772152 3.925132e-36
1.797468 4.430083e-37
1.822785 6.953192e-38
1.848101 1.097874e-38
1.873418 1.485028e-39
1.898734 1.706382e-40
1.924051 1.6579e-41
1.949367 1.40318e-42
1.974684 1.022282e-43
2 5.532475e-45
