0.556962 1
0.5822785 1
0.6075949 1
0.6329114 1
0.6582278 1
0.6835443 0.9999927
0.7088608 0.9980895
0.7341772 0.9272215
0.7594937 0.4400077
0.7848101 0.01806622
0.8101266 0.0007186238
0.835443 2.829807e-05
0.8607595 5.309101e-07
0.8860759 7.09145e-09
0.9113924 6.535664e-11
0.9367089 3.689577e-13
0.9620253 3.462392e-15
0.9873418 1.925958e-16
1.012658 6.124991e-18
1.037975 4.985957e-20
1.063291 3.275695e-23
1.088608 2.173507e-28
1.113924 8.502168e-32
1.139241 9.460373e-34
1.164557 3.594052e-35
1.189873 1.597918e-36
1.21519 6.153843e-38
1.240506 1.803791e-39
1.265823 4.107025e-41
1.291139 6.281188e-43
1.316456 6.185441e-45
1.341772 2.780204e-47
1.367089 1.160822e-50
1.392405 1.941701e-53
1.417722 1.694372e-54
1.443038 1.375326e-55
1.468354 9.868785e-57
1.493671 6.129791e-58
1.518987 3.258982e-59
1.544304 1.482104e-60
1.56962 5.878172e-62
1.594937 2.152028e-63
1.620253 8.045435e-65
1.64557 3.321361e-66
1.670886 1.461564e-67
1.696203 6.207571e-69
1.721519 2.368045e-70
1.746835 7.869997e-72
1.772152 2.288026e-73
1.797468 6.182552e-75
1.822785 1.810324e-76
1.848101 6.554734e-78
1.873418 2.704907e-79
1.898734 1.100224e-80
1.924051 4.036802e-82
1.949367 1.220427e-83
1.974684 2.650183e-85
2 3.048468e-87
