0.02531646 1
0.05063291 1
0.07594937 0.9999998
0.1012658 0.9999861
0.1265823 0.9982452
0.1518987 0.9709908
0.1772152 0.9975968
0.2025316 0.9965974
0.2278481 0.9957644
0.2531646 0.9992697
0.278481 0.9532793
0.3037975 0.975306
0.3291139 0.9946325
0.3544304 0.9831665
0.3797468 0.8885709
0.4050633 0.433785
0.4303797 0.1848685
0.4556962 0.1903444
0.4810127 0.4650494
0.5063291 0.8927419
0.5316456 0.9907694
0.556962 0.991623
0.5822785 0.9627641
0.6075949 0.5204382
0.6329114 0.06216747
0.6582278 0.001248155
0.6835443 3.829694e-05
0.7088608 9.093517e-05
0.7341772 0.0009824934
0.7594937 0.0006013806
0.7848101 7.883721e-05
0.8101266 0.000410622
0.835443 0.001134818
0.8607595 0.001147202
0.8860759 0.001147229
0.9113924 0.0004234694
0.9367089 0.0001985422
0.9620253 0.0001961507
0.9873418 0.0004488914
1.012658 0.0001969803
1.037975 0.0001468115
1.063291 9.325287e-05
1.088608 5.426968e-05
1.113924 3.335479e-05
1.139241 2.172256e-05
1.164557 1.390884e-05
1.189873 7.724314e-06
1.21519 2.29041e-06
1.240506 3.494033e-07
1.265823 6.035177e-08
1.291139 5.292032e-08
1.316456 2.127659e-07
1.341772 2.150307e-07
1.367089 5.325624e-08
1.392405 5.113841e-08
1.417722 8.76777e-07
1.443038 4.56602e-06
1.468354 9.775405e-06
1.493671 9.026913e-06
1.518987 3.129864e-06
1.544304 3.139895e-07
1.56962 2.248106e-08
1.594937 1.632576e-08
1.620253 1.632579e-08
1.64557 1.632582e-08
1.670886 1.632585e-08
1.696203 1.632589e-08
1.721519 3.983153e-08
1.746835 1.071437e-06
1.772152 3.038721e-06
1.797468 1.691174e-06
1.822785 3.42944e-07
1.848101 1.87828e-08
1.873418 3.795732e-08
1.898734 1.941403e-07
1.924051 1.207927e-06
1.949367 1.283544e-06
1.974684 9.478804e-07
2 4.531896e-08
