0.2531646 1
0.278481 1
0.3037975 1
0.3291139 0.9999979
0.3544304 0.9996507
0.3797468 0.9800141
0.4050633 0.716377
0.4303797 0.0630018
0.4556962 0.0006893129
0.4810127 2.944443e-05
0.5063291 2.782203e-06
0.5316456 8.08768e-08
0.556962 3.833524e-09
0.5822785 1.324254e-10
0.6075949 7.744967e-12
0.6329114 7.977229e-13
0.6582278 2.17048e-12
0.6835443 6.387873e-10
0.7088608 2.968655e-08
0.7341772 2.099362e-07
0.7594937 2.625909e-07
0.7848101 9.144406e-08
0.8101266 2.372943e-08
0.835443 3.041134e-08
0.8607595 7.539122e-10
0.8860759 4.234667e-10
0.9113924 4.775397e-10
0.9367089 1.857098e-10
0.9620253 7.293848e-12
0.9873418 3.248695e-14
1.012658 4.807576e-15
1.037975 3.080632e-15
1.063291 2.132762e-15
1.088608 1.377088e-15
1.113924 8.020963e-16
1.139241 4.191687e-16
1.164557 1.943073e-16
1.189873 7.930385e-17
1.21519 2.849137e-17
1.240506 9.08271e-18
1.265823 2.614334e-18
1.291139 6.932629e-19
1.316456 1.715075e-19
1.341772 3.966932e-20
1.367089 8.60134e-21
1.392405 1.844834e-21
1.417722 4.797549e-22
1.443038 1.908658e-22
1.468354 1.029511e-22
1.493671 6.024177e-23
1.518987 3.509135e-23
1.544304 1.991009e-23
1.56962 1.090343e-23
1.594937 5.719178e-24
1.620253 2.851841e-24
1.64557 1.342017e-24
1.670886 5.917067e-25
1.696203 2.426743e-25
1.721519 9.188117e-26
1.746835 3.185369e-26
1.772152 1.001925e-26
1.797468 2.828988e-27
1.822785 7.079779e-28
1.848101 1.545758e-28
1.873418 2.884462e-29
1.898734 4.470853e-30
1.924051 5.515431e-31
1.949367 5.056791e-32
1.974684 3.054542e-33
2 9.094056e-35
