0.02531646 1
0.05063291 0.9999978
0.07594937 0.9999974
0.1012658 0.9999997
0.1265823 1
0.1518987 0.9999996
0.1772152 0.9999996
0.2025316 0.9997709
0.2278481 0.999944
0.2531646 0.9997413
0.278481 0.9808907
0.3037975 0.9919963
0.3291139 0.9071807
0.3544304 0.9638756
0.3797468 0.9915639
0.4050633 0.9909521
0.4303797 0.9548986
0.4556962 0.9038901
0.4810127 0.9614101
0.5063291 0.9950241
0.5316456 0.9992622
0.556962 0.9990086
0.5822785 0.9557955
0.6075949 0.5319614
0.6329114 0.03994969
0.6582278 0.001218469
0.6835443 6.943052e-06
0.7088608 4.517302e-07
0.7341772 7.376856e-08
0.7594937 4.612061e-08
0.7848101 1.536841e-08
0.8101266 5.748833e-09
0.835443 1.49136e-08
0.8607595 8.181995e-08
0.8860759 1.039332e-07
0.9113924 3.430224e-08
0.9367089 5.047905e-09
0.9620253 2.989369e-09
0.9873418 3.877582e-09
1.012658 2.167585e-08
1.037975 3.84289e-08
1.063291 3.96906e-08
1.088608 1.904641e-08
1.113924 7.121002e-09
1.139241 4.010402e-09
1.164557 2.980352e-09
1.189873 3.473473e-09
1.21519 9.297194e-09
1.240506 5.215088e-09
1.265823 3.751272e-09
1.291139 2.084651e-09
1.316456 8.542151e-09
1.341772 2.28607e-09
1.367089 2.135113e-09
1.392405 6.112596e-10
1.417722 1.475871e-10
1.443038 1.112765e-10
1.468354 1.332323e-10
1.493671 1.448275e-10
1.518987 1.180923e-10
1.544304 9.405488e-11
1.56962 7.727824e-11
1.594937 6.838855e-11
1.620253 6.230041e-11
1.64557 5.290908e-11
1.670886 3.703818e-11
1.696203 2.555731e-11
1.721519 2.112299e-11
1.746835 1.724926e-11
1.772152 1.195104e-11
1.797468 6.934686e-12
1.822785 3.340978e-12
1.848101 1.277485e-12
1.873418 3.720677e-13
1.898734 7.563728e-14
1.924051 7.672308e-15
1.949367 2.769503e-16
1.974684 4.507688e-17
2 2.67123e-17
