0.2531646 1
0.278481 1
0.3037975 1
0.3291139 0.9999925
0.3544304 0.9977805
0.3797468 0.9183136
0.4050633 0.433943
0.4303797 0.02943997
0.4556962 0.001190132
0.4810127 3.614474e-05
0.5063291 2.207212e-06
0.5316456 2.22238e-07
0.556962 6.692361e-09
0.5822785 2.311052e-10
0.6075949 1.196705e-11
0.6329114 9.349473e-13
0.6582278 2.292824e-13
0.6835443 5.148224e-12
0.7088608 6.407394e-10
0.7341772 2.363314e-08
0.7594937 2.227703e-07
0.7848101 3.430347e-07
0.8101266 1.378129e-07
0.835443 6.891279e-09
0.8607595 1.320111e-09
0.8860759 4.421263e-10
0.9113924 2.1012e-10
0.9367089 9.462486e-11
0.9620253 1.491398e-11
0.9873418 1.592883e-13
1.012658 2.9954e-15
1.037975 1.582916e-15
1.063291 9.894982e-16
1.088608 6.152131e-16
1.113924 3.571525e-16
1.139241 1.88144e-16
1.164557 8.873281e-17
1.189873 3.711413e-17
1.21519 1.370173e-17
1.240506 4.470232e-18
1.265823 1.301204e-18
1.291139 3.437299e-19
1.316456 8.383127e-20
1.341772 1.902512e-20
1.367089 4.015918e-21
1.392405 8.060003e-22
1.417722 1.754913e-22
1.443038 5.394757e-23
1.468354 2.423254e-23
1.493671 1.263013e-23
1.518987 6.683242e-24
1.544304 3.468314e-24
1.56962 1.748535e-24
1.594937 8.504142e-25
1.620253 3.959673e-25
1.64557 1.750639e-25
1.670886 7.287673e-26
1.696203 2.832367e-26
1.721519 1.018881e-26
1.746835 3.361904e-27
1.772152 1.00759e-27
1.797468 2.712911e-28
1.822785 6.477786e-29
1.848101 1.349993e-29
1.873418 2.404729e-30
1.898734 3.555387e-31
1.924051 4.17688e-32
1.949367 3.641799e-33
1.974684 2.089016e-34
2 5.898284e-36
