0.02531646 1
0.05063291 1
0.07594937 1
0.1012658 0.999999
0.1265823 0.9996768
0.1518987 0.9999342
0.1772152 0.9997519
0.2025316 0.9737545
0.2278481 0.9938785
0.2531646 0.9998136
0.278481 0.9999217
0.3037975 0.9998981
0.3291139 0.999378
0.3544304 0.9776853
0.3797468 0.9947663
0.4050633 0.994424
0.4303797 0.9664017
0.4556962 0.9862037
0.4810127 0.9953245
0.5063291 0.9972963
0.5316456 0.9973616
0.556962 0.991907
0.5822785 0.9285831
0.6075949 0.4551546
0.6329114 0.06300512
0.6582278 0.002978045
0.6835443 7.159475e-05
0.7088608 6.890395e-06
0.7341772 5.418307e-06
0.7594937 2.324385e-06
0.7848101 6.183493e-07
0.8101266 8.968366e-08
0.835443 5.017009e-08
0.8607595 9.626257e-08
0.8860759 3.916508e-07
0.9113924 3.912267e-06
0.9367089 1.1111e-05
0.9620253 8.266215e-06
0.9873418 6.667631e-06
1.012658 6.483395e-06
1.037975 2.301142e-06
1.063291 2.016492e-07
1.088608 3.683876e-08
1.113924 4.466859e-08
1.139241 4.82088e-08
1.164557 4.073024e-08
1.189873 2.566992e-08
1.21519 2.24337e-08
1.240506 2.436476e-07
1.265823 3.029856e-06
1.291139 2.504836e-05
1.316456 3.099769e-05
1.341772 3.099769e-05
1.367089 3.099769e-05
1.392405 9.07442e-06
1.417722 7.548219e-07
1.443038 2.696209e-08
1.468354 1.935597e-08
1.493671 5.371779e-08
1.518987 1.388807e-07
1.544304 1.57031e-07
1.56962 8.078779e-08
1.594937 2.73773e-08
1.620253 3.027976e-09
1.64557 2.190709e-10
1.670886 8.003114e-11
1.696203 4.218854e-11
1.721519 9.560216e-12
1.746835 7.078656e-13
1.772152 1.321071e-13
1.797468 8.906668e-14
1.822785 8.815997e-14
1.848101 9.223626e-14
1.873418 1.094224e-13
1.898734 1.565969e-13
1.924051 2.561364e-13
1.949367 3.959799e-13
1.974684 4.819316e-13
2 5.01201e-13
