0.02531646 1
0.05063291 1
0.07594937 1
0.1012658 1
0.1265823 1
0.1518987 1
0.1772152 1
0.2025316 1
0.2278481 1
0.2531646 0.9999998
0.278481 0.9999945
0.3037975 0.9999941
0.3291139 0.9999987
0.3544304 0.9999999
0.3797468 1
0.4050633 0.9999998
0.4303797 0.9999957
0.4556962 0.9999916
0.4810127 0.9999799
0.5063291 0.999978
0.5316456 0.9999951
0.556962 0.999951
0.5822785 0.988181
0.6075949 0.7417721
0.6329114 0.147712
0.6582278 0.001184094
0.6835443 2.66555e-06
0.7088608 3.583406e-09
0.7341772 2.223446e-08
0.7594937 1.45989e-07
0.7848101 2.998814e-08
0.8101266 5.650583e-09
0.835443 5.650583e-09
0.8607595 6.439802e-09
0.8860759 6.535744e-09
0.9113924 1.19312e-08
0.9367089 6.178548e-08
0.9620253 1.251936e-07
0.9873418 8.137712e-08
1.012658 1.441473e-08
1.037975 6.678371e-10
1.063291 4.234453e-13
1.088608 1.193989e-16
1.113924 3.060737e-18
1.139241 5.740039e-19
1.164557 1.098512e-19
1.189873 1.730893e-20
1.21519 2.370945e-21
1.240506 2.979636e-22
1.265823 4.056978e-23
1.291139 6.401334e-24
1.316456 1.041995e-24
1.341772 1.626823e-25
1.367089 2.636409e-26
1.392405 4.959315e-27
1.417722 1.096625e-27
1.443038 2.830329e-28
1.468354 8.613464e-29
1.493671 2.946702e-29
1.518987 1.045213e-29
1.544304 3.618558e-30
1.56962 1.177676e-30
1.594937 3.567785e-31
1.620253 1.024041e-31
1.64557 2.820893e-32
1.670886 7.468574e-33
1.696203 1.906708e-33
1.721519 4.706567e-34
1.746835 1.13111e-34
1.772152 2.682873e-35
1.797468 6.420665e-36
1.822785 1.556426e-36
1.848101 3.726145e-37
1.873418 8.45355e-38
1.898734 1.818359e-38
1.924051 3.691362e-39
1.949367 6.969763e-40
1.974684 1.154576e-40
2 1.306827e-41
