/*--------------------------------*- C++ -*----------------------------------*\
| =========                 |                                                 |
| \\      /  F ield         | foam-extend: Open Source CFD                    |
|  \\    /   O peration     | Version:     3.1                                |
|   \\  /    A nd           | Web:         http://www.extend-project.de       |
|    \\/     M anipulation  |                                                 |
\*---------------------------------------------------------------------------*/
FoamFile
{
    version     2.0;
    format      ascii;
    class       volVectorField;
    location    "32";
    object      HU;
}
// * * * * * * * * * * * * * * * * * * * * * * * * * * * * * * * * * * * * * //

dimensions      [0 2 -1 0 0 0 0];

internalField   nonuniform List<vector> 
2539
(
(0.624831 0 0)
(0.624657 0 0)
(0.624663 0 0)
(0.624663 0 0)
(0.624662 0 0)
(0.624662 0 0)
(0.624661 0 0)
(0.624661 0 0)
(0.62466 0 0)
(0.62466 0 0)
(0.62466 0 0)
(0.624659 0 0)
(0.624659 0 0)
(0.624658 0 0)
(0.624658 0 0)
(0.624657 0 0)
(0.624657 0 0)
(0.624656 0 0)
(0.624656 0 0)
(0.624655 0 0)
(0.624655 0 0)
(0.624655 0 0)
(0.624654 0 0)
(0.624654 0 0)
(0.624653 0 0)
(0.624653 0 0)
(0.624652 0 0)
(0.624652 0 0)
(0.624651 0 0)
(0.624651 0 0)
(0.62465 0 0)
(0.62465 0 0)
(0.624649 0 0)
(0.624649 0 0)
(0.624648 0 0)
(0.624648 0 0)
(0.624647 0 0)
(0.624647 0 0)
(0.624646 0 0)
(0.624646 0 0)
(0.624645 0 0)
(0.624645 0 0)
(0.624644 0 0)
(0.624644 0 0)
(0.624643 0 0)
(0.624643 0 0)
(0.624642 0 0)
(0.624642 0 0)
(0.624641 0 0)
(0.624641 0 0)
(0.62464 0 0)
(0.62464 0 0)
(0.624639 0 0)
(0.624639 0 0)
(0.624638 0 0)
(0.624638 0 0)
(0.624637 0 0)
(0.624636 0 0)
(0.624636 0 0)
(0.624635 0 0)
(0.624635 0 0)
(0.624634 0 0)
(0.624634 0 0)
(0.624633 0 0)
(0.624633 0 0)
(0.624632 0 0)
(0.624632 0 0)
(0.624631 0 0)
(0.62463 0 0)
(0.62463 0 0)
(0.624629 0 0)
(0.624629 0 0)
(0.624628 0 0)
(0.624628 0 0)
(0.624627 0 0)
(0.624626 0 0)
(0.624626 0 0)
(0.624625 0 0)
(0.624625 0 0)
(0.624624 0 0)
(0.624624 0 0)
(0.624623 0 0)
(0.624622 0 0)
(0.624622 0 0)
(0.624621 0 0)
(0.624621 0 0)
(0.62462 0 0)
(0.624619 0 0)
(0.624619 0 0)
(0.624618 0 0)
(0.624618 0 0)
(0.624617 0 0)
(0.624616 0 0)
(0.624616 0 0)
(0.624615 0 0)
(0.624615 0 0)
(0.624614 0 0)
(0.624613 0 0)
(0.624613 0 0)
(0.624612 0 0)
(0.624611 0 0)
(0.624611 0 0)
(0.62461 0 0)
(0.624609 0 0)
(0.624609 0 0)
(0.624608 0 0)
(0.624608 0 0)
(0.624607 0 0)
(0.624606 0 0)
(0.624606 0 0)
(0.624605 0 0)
(0.624604 0 0)
(0.624604 0 0)
(0.624603 0 0)
(0.624602 0 0)
(0.624602 0 0)
(0.624601 0 0)
(0.6246 0 0)
(0.624599 0 0)
(0.624599 0 0)
(0.624598 0 0)
(0.624597 0 0)
(0.624597 0 0)
(0.624596 0 0)
(0.624595 0 0)
(0.624595 0 0)
(0.624594 0 0)
(0.624593 0 0)
(0.624592 0 0)
(0.624592 0 0)
(0.624591 0 0)
(0.62459 0 0)
(0.62459 0 0)
(0.624589 0 0)
(0.624588 0 0)
(0.624587 0 0)
(0.624587 0 0)
(0.624586 0 0)
(0.624585 0 0)
(0.624584 0 0)
(0.624584 0 0)
(0.624583 0 0)
(0.624582 0 0)
(0.624581 0 0)
(0.62458 0 0)
(0.62458 0 0)
(0.624579 0 0)
(0.624578 0 0)
(0.624577 0 0)
(0.624577 0 0)
(0.624576 0 0)
(0.624575 0 0)
(0.624574 0 0)
(0.624573 0 0)
(0.624573 0 0)
(0.624572 0 0)
(0.624571 0 0)
(0.62457 0 0)
(0.624569 0 0)
(0.624568 0 0)
(0.624568 0 0)
(0.624567 0 0)
(0.624566 0 0)
(0.624565 0 0)
(0.624564 0 0)
(0.624563 0 0)
(0.624562 0 0)
(0.624562 0 0)
(0.624561 0 0)
(0.62456 0 0)
(0.624559 0 0)
(0.624558 0 0)
(0.624557 0 0)
(0.624556 0 0)
(0.624555 0 0)
(0.624554 0 0)
(0.624553 0 0)
(0.624553 0 0)
(0.624552 0 0)
(0.624551 0 0)
(0.62455 0 0)
(0.624549 0 0)
(0.624548 0 0)
(0.624547 0 0)
(0.624336 0 0)
(0.624423 0 0)
(0.624843 0 0)
(0.624865 0 0)
(0.624866 0 0)
(0.624866 0 0)
(0.624866 0 0)
(0.624866 0 0)
(0.624866 0 0)
(0.624866 0 0)
(0.624866 0 0)
(0.624866 0 0)
(0.624866 0 0)
(0.624866 0 0)
(0.624866 0 0)
(0.624866 0 0)
(0.624865 0 0)
(0.624865 0 0)
(0.624865 0 0)
(0.624865 0 0)
(0.624865 0 0)
(0.624865 0 0)
(0.624865 0 0)
(0.624865 0 0)
(0.624865 0 0)
(0.624865 0 0)
(0.624865 0 0)
(0.624864 0 0)
(0.624864 0 0)
(0.624864 0 0)
(0.624864 0 0)
(0.624864 0 0)
(0.624864 0 0)
(0.624864 0 0)
(0.624864 0 0)
(0.624864 0 0)
(0.624864 0 0)
(0.624864 0 0)
(0.624863 0 0)
(0.624863 0 0)
(0.624863 0 0)
(0.624863 0 0)
(0.624863 0 0)
(0.624863 0 0)
(0.624863 0 0)
(0.624863 0 0)
(0.624863 0 0)
(0.624863 0 0)
(0.624863 0 0)
(0.624863 0 0)
(0.624862 0 0)
(0.624862 0 0)
(0.624862 0 0)
(0.624862 0 0)
(0.624862 0 0)
(0.624862 0 0)
(0.624862 0 0)
(0.624862 0 0)
(0.624862 0 0)
(0.624862 0 0)
(0.624861 0 0)
(0.624861 0 0)
(0.624861 0 0)
(0.624861 0 0)
(0.624861 0 0)
(0.624861 0 0)
(0.624861 0 0)
(0.624861 0 0)
(0.624861 0 0)
(0.624861 0 0)
(0.624861 0 0)
(0.62486 0 0)
(0.62486 0 0)
(0.62486 0 0)
(0.62486 0 0)
(0.62486 0 0)
(0.62486 0 0)
(0.62486 0 0)
(0.62486 0 0)
(0.62486 0 0)
(0.62486 0 0)
(0.624859 0 0)
(0.624859 0 0)
(0.624859 0 0)
(0.624859 0 0)
(0.624859 0 0)
(0.624859 0 0)
(0.624859 0 0)
(0.624859 0 0)
(0.624859 0 0)
(0.624859 0 0)
(0.624858 0 0)
(0.624858 0 0)
(0.624858 0 0)
(0.624858 0 0)
(0.624858 0 0)
(0.624858 0 0)
(0.624858 0 0)
(0.624858 0 0)
(0.624858 0 0)
(0.624858 0 0)
(0.624857 0 0)
(0.624857 0 0)
(0.624857 0 0)
(0.624857 0 0)
(0.624857 0 0)
(0.624857 0 0)
(0.624857 0 0)
(0.624857 0 0)
(0.624857 0 0)
(0.624857 0 0)
(0.624856 0 0)
(0.624856 0 0)
(0.624856 0 0)
(0.624856 0 0)
(0.624856 0 0)
(0.624856 0 0)
(0.624856 0 0)
(0.624856 0 0)
(0.624856 0 0)
(0.624856 0 0)
(0.624855 0 0)
(0.624855 0 0)
(0.624855 0 0)
(0.624855 0 0)
(0.624855 0 0)
(0.624855 0 0)
(0.624855 0 0)
(0.624855 0 0)
(0.624855 0 0)
(0.624854 0 0)
(0.624854 0 0)
(0.624854 0 0)
(0.624854 0 0)
(0.624854 0 0)
(0.624854 0 0)
(0.624854 0 0)
(0.624854 0 0)
(0.624854 0 0)
(0.624853 0 0)
(0.624853 0 0)
(0.624853 0 0)
(0.624853 0 0)
(0.624853 0 0)
(0.624853 0 0)
(0.624853 0 0)
(0.624853 0 0)
(0.624853 0 0)
(0.624852 0 0)
(0.624852 0 0)
(0.624852 0 0)
(0.624852 0 0)
(0.624852 0 0)
(0.624852 0 0)
(0.624852 0 0)
(0.624852 0 0)
(0.624852 0 0)
(0.624851 0 0)
(0.624851 0 0)
(0.624851 0 0)
(0.624851 0 0)
(0.624851 0 0)
(0.624851 0 0)
(0.624851 0 0)
(0.624851 0 0)
(0.624851 0 0)
(0.62485 0 0)
(0.62485 0 0)
(0.62485 0 0)
(0.62485 0 0)
(0.62485 0 0)
(0.62485 0 0)
(0.62485 0 0)
(0.62485 0 0)
(0.62485 0 0)
(0.624849 0 0)
(0.624849 0 0)
(0.624849 0 0)
(0.624849 0 0)
(0.624849 0 0)
(0.624849 0 0)
(0.624849 0 0)
(0.624849 0 0)
(0.624848 0 0)
(0.624848 0 0)
(0.624848 0 0)
(0.624848 0 0)
(0.624848 0 0)
(0.624848 0 0)
(0.624848 0 0)
(0.624848 0 0)
(0.624847 0 0)
(0.624847 0 0)
(0.624847 0 0)
(0.624847 0 0)
(0.624847 0 0)
(0.624847 0 0)
(0.624846 0 0)
(0.624853 0 0)
(0.624723 0 0)
(0.627348 0 0)
(0.597419 0 0)
(0.604911 0 0)
(0.612976 0 0)
(0.617567 0 0)
(0.619828 0 0)
(0.621023 0 0)
(0.621702 0 0)
(0.622118 0 0)
(0.622393 0 0)
(0.622588 0 0)
(0.622734 0 0)
(0.622849 0 0)
(0.622942 0 0)
(0.623021 0 0)
(0.623089 0 0)
(0.623148 0 0)
(0.623201 0 0)
(0.623248 0 0)
(0.62329 0 0)
(0.623329 0 0)
(0.623364 0 0)
(0.623396 0 0)
(0.623426 0 0)
(0.623453 0 0)
(0.623479 0 0)
(0.623503 0 0)
(0.623525 0 0)
(0.623546 0 0)
(0.623566 0 0)
(0.623584 0 0)
(0.623601 0 0)
(0.623618 0 0)
(0.623633 0 0)
(0.623648 0 0)
(0.623662 0 0)
(0.623675 0 0)
(0.623688 0 0)
(0.6237 0 0)
(0.623711 0 0)
(0.623722 0 0)
(0.623732 0 0)
(0.623742 0 0)
(0.623752 0 0)
(0.62376 0 0)
(0.623769 0 0)
(0.623777 0 0)
(0.623785 0 0)
(0.623792 0 0)
(0.623799 0 0)
(0.623806 0 0)
(0.623813 0 0)
(0.623819 0 0)
(0.623824 0 0)
(0.62383 0 0)
(0.623835 0 0)
(0.62384 0 0)
(0.623845 0 0)
(0.623849 0 0)
(0.623853 0 0)
(0.623857 0 0)
(0.62386 0 0)
(0.623863 0 0)
(0.623866 0 0)
(0.623869 0 0)
(0.623871 0 0)
(0.623873 0 0)
(0.623874 0 0)
(0.623876 0 0)
(0.623876 0 0)
(0.623877 0 0)
(0.623877 0 0)
(0.623876 0 0)
(0.623875 0 0)
(0.623874 0 0)
(0.623871 0 0)
(0.623869 0 0)
(0.623865 0 0)
(0.62386 0 0)
(0.623855 0 0)
(0.623848 0 0)
(0.62384 0 0)
(0.62383 0 0)
(0.623819 0 0)
(0.623805 0 0)
(0.623789 0 0)
(0.623769 0 0)
(0.623744 0 0)
(0.623715 0 0)
(0.623678 0 0)
(0.623633 0 0)
(0.623577 0 0)
(0.623507 0 0)
(0.623419 0 0)
(0.62331 0 0)
(0.623174 0 0)
(0.623009 0 0)
(0.622812 0 0)
(0.622588 0 0)
(0.622346 0 0)
(0.622116 0 0)
(0.621715 0 0)
(0.62196 0 0)
(0.622167 0 0)
(0.622344 0 0)
(0.622496 0 0)
(0.622628 0 0)
(0.622745 0 0)
(0.622849 0 0)
(0.622941 0 0)
(0.623024 0 0)
(0.6231 0 0)
(0.623168 0 0)
(0.623231 0 0)
(0.623288 0 0)
(0.623341 0 0)
(0.62339 0 0)
(0.623436 0 0)
(0.623478 0 0)
(0.623517 0 0)
(0.623554 0 0)
(0.623589 0 0)
(0.623622 0 0)
(0.623653 0 0)
(0.623682 0 0)
(0.623709 0 0)
(0.623736 0 0)
(0.62376 0 0)
(0.623784 0 0)
(0.623807 0 0)
(0.623828 0 0)
(0.623849 0 0)
(0.623868 0 0)
(0.623887 0 0)
(0.623905 0 0)
(0.623922 0 0)
(0.623939 0 0)
(0.623955 0 0)
(0.62397 0 0)
(0.623985 0 0)
(0.623999 0 0)
(0.624013 0 0)
(0.624027 0 0)
(0.624039 0 0)
(0.624052 0 0)
(0.624064 0 0)
(0.624076 0 0)
(0.624087 0 0)
(0.624098 0 0)
(0.624109 0 0)
(0.624119 0 0)
(0.624129 0 0)
(0.624139 0 0)
(0.624148 0 0)
(0.624158 0 0)
(0.624167 0 0)
(0.624176 0 0)
(0.624184 0 0)
(0.624192 0 0)
(0.624201 0 0)
(0.624208 0 0)
(0.624216 0 0)
(0.624224 0 0)
(0.624231 0 0)
(0.624238 0 0)
(0.624245 0 0)
(0.624252 0 0)
(0.624259 0 0)
(0.624266 0 0)
(0.624272 0 0)
(0.624278 0 0)
(0.624285 0 0)
(0.624291 0 0)
(0.624297 0 0)
(0.624302 0 0)
(0.624308 0 0)
(0.624314 0 0)
(0.624319 0 0)
(0.624325 0 0)
(0.62433 0 0)
(0.624335 0 0)
(0.62434 0 0)
(0.624345 0 0)
(0.62435 0 0)
(0.624355 0 0)
(0.62436 0 0)
(0.624364 0 0)
(0.624369 0 0)
(0.624373 0 0)
(0.624378 0 0)
(0.624382 0 0)
(0.624386 0 0)
(0.624391 0 0)
(0.624395 0 0)
(0.624398 0 0)
(0.6244 0 0)
(0.624399 0 0)
(0.624401 0 0)
(0.624418 0 0)
(0.624472 0 0)
(0.624567 0 0)
(0.624624 0 0)
(0.624626 0 0)
(0.624627 0 0)
(0.624629 0 0)
(0.62463 0 0)
(0.624632 0 0)
(0.624634 0 0)
(0.624635 0 0)
(0.624637 0 0)
(0.624638 0 0)
(0.62464 0 0)
(0.624641 0 0)
(0.624643 0 0)
(0.624644 0 0)
(0.624645 0 0)
(0.624647 0 0)
(0.624648 0 0)
(0.62465 0 0)
(0.624651 0 0)
(0.624652 0 0)
(0.624654 0 0)
(0.624655 0 0)
(0.624656 0 0)
(0.624658 0 0)
(0.624659 0 0)
(0.62466 0 0)
(0.624662 0 0)
(0.624663 0 0)
(0.624664 0 0)
(0.624665 0 0)
(0.624667 0 0)
(0.624668 0 0)
(0.624669 0 0)
(0.62467 0 0)
(0.624672 0 0)
(0.624673 0 0)
(0.624674 0 0)
(0.624675 0 0)
(0.624676 0 0)
(0.624677 0 0)
(0.624679 0 0)
(0.62468 0 0)
(0.624681 0 0)
(0.624682 0 0)
(0.624683 0 0)
(0.624684 0 0)
(0.624685 0 0)
(0.624686 0 0)
(0.624687 0 0)
(0.624689 0 0)
(0.62469 0 0)
(0.624691 0 0)
(0.624692 0 0)
(0.624693 0 0)
(0.624694 0 0)
(0.624695 0 0)
(0.624696 0 0)
(0.624697 0 0)
(0.624698 0 0)
(0.624699 0 0)
(0.6247 0 0)
(0.624701 0 0)
(0.624702 0 0)
(0.624703 0 0)
(0.624704 0 0)
(0.624705 0 0)
(0.624706 0 0)
(0.624707 0 0)
(0.624708 0 0)
(0.624708 0 0)
(0.624709 0 0)
(0.62471 0 0)
(0.624711 0 0)
(0.624712 0 0)
(0.624713 0 0)
(0.624714 0 0)
(0.624715 0 0)
(0.624716 0 0)
(0.624717 0 0)
(0.624717 0 0)
(0.624718 0 0)
(0.624719 0 0)
(0.62472 0 0)
(0.624721 0 0)
(0.624722 0 0)
(0.624723 0 0)
(0.624723 0 0)
(0.624724 0 0)
(0.624725 0 0)
(0.624726 0 0)
(0.624727 0 0)
(0.624727 0 0)
(0.624728 0 0)
(0.624729 0 0)
(0.62473 0 0)
(0.624731 0 0)
(0.624731 0 0)
(0.624732 0 0)
(0.624733 0 0)
(0.624734 0 0)
(0.624735 0 0)
(0.624735 0 0)
(0.624736 0 0)
(0.624737 0 0)
(0.624738 0 0)
(0.624738 0 0)
(0.624739 0 0)
(0.62474 0 0)
(0.624741 0 0)
(0.624741 0 0)
(0.624742 0 0)
(0.624743 0 0)
(0.624743 0 0)
(0.624744 0 0)
(0.624745 0 0)
(0.624745 0 0)
(0.624746 0 0)
(0.624747 0 0)
(0.624748 0 0)
(0.624748 0 0)
(0.624749 0 0)
(0.62475 0 0)
(0.62475 0 0)
(0.624751 0 0)
(0.624752 0 0)
(0.624752 0 0)
(0.624753 0 0)
(0.624754 0 0)
(0.624754 0 0)
(0.624755 0 0)
(0.624756 0 0)
(0.624756 0 0)
(0.624757 0 0)
(0.624757 0 0)
(0.624758 0 0)
(0.624759 0 0)
(0.624759 0 0)
(0.62476 0 0)
(0.624761 0 0)
(0.624761 0 0)
(0.624762 0 0)
(0.624762 0 0)
(0.624763 0 0)
(0.624764 0 0)
(0.624764 0 0)
(0.624765 0 0)
(0.624765 0 0)
(0.624766 0 0)
(0.624767 0 0)
(0.624767 0 0)
(0.624768 0 0)
(0.624768 0 0)
(0.624769 0 0)
(0.62477 0 0)
(0.62477 0 0)
(0.624771 0 0)
(0.624771 0 0)
(0.624772 0 0)
(0.624772 0 0)
(0.624773 0 0)
(0.624773 0 0)
(0.624774 0 0)
(0.624775 0 0)
(0.624775 0 0)
(0.624776 0 0)
(0.624776 0 0)
(0.624777 0 0)
(0.624777 0 0)
(0.624778 0 0)
(0.624778 0 0)
(0.624779 0 0)
(0.624779 0 0)
(0.62478 0 0)
(0.62478 0 0)
(0.624781 0 0)
(0.624781 0 0)
(0.624782 0 0)
(0.624782 0 0)
(0.624783 0 0)
(0.624784 0 0)
(0.624784 0 0)
(0.624785 0 0)
(0.624785 0 0)
(0.624786 0 0)
(0.624786 0 0)
(0.624787 0 0)
(0.624787 0 0)
(0.624787 0 0)
(0.624788 0 0)
(0.624788 0 0)
(0.624789 0 0)
(0.624789 0 0)
(0.62479 0 0)
(0.62479 0 0)
(0.624791 0 0)
(0.624791 0 0)
(0.624792 0 0)
(0.624792 0 0)
(0.624793 0 0)
(0.624793 0 0)
(0.624794 0 0)
(0.624794 0 0)
(0.624795 0 0)
(0.624795 0 0)
(0.624795 0 0)
(0.624796 0 0)
(0.624796 0 0)
(0.624797 0 0)
(0.624797 0 0)
(0.624798 0 0)
(0.624798 0 0)
(0.624799 0 0)
(0.624799 0 0)
(0.624799 0 0)
(0.6248 0 0)
(0.6248 0 0)
(0.624801 0 0)
(0.624801 0 0)
(0.624802 0 0)
(0.624802 0 0)
(0.624803 0 0)
(0.624803 0 0)
(0.624803 0 0)
(0.624804 0 0)
(0.624804 0 0)
(0.624805 0 0)
(0.624805 0 0)
(0.624805 0 0)
(0.624806 0 0)
(0.624806 0 0)
(0.624807 0 0)
(0.624807 0 0)
(0.624807 0 0)
(0.624808 0 0)
(0.624808 0 0)
(0.624809 0 0)
(0.624809 0 0)
(0.624809 0 0)
(0.62481 0 0)
(0.62481 0 0)
(0.624811 0 0)
(0.624811 0 0)
(0.624811 0 0)
(0.624812 0 0)
(0.624812 0 0)
(0.624813 0 0)
(0.624813 0 0)
(0.624813 0 0)
(0.624814 0 0)
(0.624814 0 0)
(0.624815 0 0)
(0.624815 0 0)
(0.624815 0 0)
(0.624816 0 0)
(0.624816 0 0)
(0.624816 0 0)
(0.624817 0 0)
(0.624817 0 0)
(0.624817 0 0)
(0.624818 0 0)
(0.624818 0 0)
(0.624819 0 0)
(0.624819 0 0)
(0.624819 0 0)
(0.62482 0 0)
(0.62482 0 0)
(0.62482 0 0)
(0.624821 0 0)
(0.624821 0 0)
(0.624821 0 0)
(0.624822 0 0)
(0.624822 0 0)
(0.624822 0 0)
(0.624823 0 0)
(0.624823 0 0)
(0.624824 0 0)
(0.624824 0 0)
(0.624824 0 0)
(0.624825 0 0)
(0.624825 0 0)
(0.624825 0 0)
(0.624826 0 0)
(0.624826 0 0)
(0.624826 0 0)
(0.624827 0 0)
(0.624827 0 0)
(0.624827 0 0)
(0.624828 0 0)
(0.624828 0 0)
(0.624828 0 0)
(0.624829 0 0)
(0.624829 0 0)
(0.624829 0 0)
(0.62483 0 0)
(0.62483 0 0)
(0.62483 0 0)
(0.624831 0 0)
(0.624831 0 0)
(0.624831 0 0)
(0.624831 0 0)
(0.624832 0 0)
(0.624832 0 0)
(0.624832 0 0)
(0.624833 0 0)
(0.624833 0 0)
(0.624833 0 0)
(0.624834 0 0)
(0.624834 0 0)
(0.624834 0 0)
(0.624835 0 0)
(0.624835 0 0)
(0.624835 0 0)
(0.624836 0 0)
(0.624836 0 0)
(0.624836 0 0)
(0.624836 0 0)
(0.624837 0 0)
(0.624837 0 0)
(0.624837 0 0)
(0.624838 0 0)
(0.624838 0 0)
(0.624838 0 0)
(0.624838 0 0)
(0.624839 0 0)
(0.624839 0 0)
(0.624839 0 0)
(0.62484 0 0)
(0.62484 0 0)
(0.62484 0 0)
(0.624841 0 0)
(0.624841 0 0)
(0.624841 0 0)
(0.624841 0 0)
(0.624842 0 0)
(0.624842 0 0)
(0.624842 0 0)
(0.624843 0 0)
(0.624843 0 0)
(0.624843 0 0)
(0.624843 0 0)
(0.624844 0 0)
(0.624844 0 0)
(0.624844 0 0)
(0.624844 0 0)
(0.624844 0 0)
(0.624845 0 0)
(0.624849 0 0)
(0.624852 0 0)
(0.624846 0 0)
(0.624817 0 0)
(0.624795 0 0)
(0.624796 0 0)
(0.624796 0 0)
(0.624796 0 0)
(0.624797 0 0)
(0.624797 0 0)
(0.624798 0 0)
(0.624798 0 0)
(0.624799 0 0)
(0.624799 0 0)
(0.624799 0 0)
(0.6248 0 0)
(0.6248 0 0)
(0.624801 0 0)
(0.624801 0 0)
(0.624802 0 0)
(0.624802 0 0)
(0.624802 0 0)
(0.624803 0 0)
(0.624803 0 0)
(0.624804 0 0)
(0.624804 0 0)
(0.624804 0 0)
(0.624805 0 0)
(0.624805 0 0)
(0.624806 0 0)
(0.624806 0 0)
(0.624806 0 0)
(0.624807 0 0)
(0.624807 0 0)
(0.624808 0 0)
(0.624808 0 0)
(0.624808 0 0)
(0.624809 0 0)
(0.624809 0 0)
(0.62481 0 0)
(0.62481 0 0)
(0.62481 0 0)
(0.624811 0 0)
(0.624811 0 0)
(0.624812 0 0)
(0.624812 0 0)
(0.624812 0 0)
(0.624813 0 0)
(0.624813 0 0)
(0.624813 0 0)
(0.624814 0 0)
(0.624814 0 0)
(0.624815 0 0)
(0.624815 0 0)
(0.624815 0 0)
(0.624816 0 0)
(0.624816 0 0)
(0.624816 0 0)
(0.624817 0 0)
(0.624817 0 0)
(0.624817 0 0)
(0.624818 0 0)
(0.624818 0 0)
(0.624818 0 0)
(0.624819 0 0)
(0.624819 0 0)
(0.62482 0 0)
(0.62482 0 0)
(0.62482 0 0)
(0.624821 0 0)
(0.624821 0 0)
(0.624821 0 0)
(0.624822 0 0)
(0.624822 0 0)
(0.624822 0 0)
(0.624823 0 0)
(0.624823 0 0)
(0.624823 0 0)
(0.624824 0 0)
(0.624824 0 0)
(0.624824 0 0)
(0.624825 0 0)
(0.624825 0 0)
(0.624825 0 0)
(0.624826 0 0)
(0.624826 0 0)
(0.624826 0 0)
(0.624827 0 0)
(0.624827 0 0)
(0.624827 0 0)
(0.624828 0 0)
(0.624828 0 0)
(0.624828 0 0)
(0.624829 0 0)
(0.624829 0 0)
(0.624829 0 0)
(0.62483 0 0)
(0.62483 0 0)
(0.62483 0 0)
(0.624831 0 0)
(0.624831 0 0)
(0.624831 0 0)
(0.624832 0 0)
(0.624832 0 0)
(0.624832 0 0)
(0.624832 0 0)
(0.624833 0 0)
(0.624833 0 0)
(0.624833 0 0)
(0.624834 0 0)
(0.624834 0 0)
(0.624834 0 0)
(0.624835 0 0)
(0.624835 0 0)
(0.624835 0 0)
(0.624835 0 0)
(0.624836 0 0)
(0.624836 0 0)
(0.624836 0 0)
(0.624837 0 0)
(0.624837 0 0)
(0.624837 0 0)
(0.624838 0 0)
(0.624838 0 0)
(0.624838 0 0)
(0.624838 0 0)
(0.624839 0 0)
(0.624839 0 0)
(0.624839 0 0)
(0.62484 0 0)
(0.62484 0 0)
(0.62484 0 0)
(0.62484 0 0)
(0.624841 0 0)
(0.624841 0 0)
(0.624841 0 0)
(0.624842 0 0)
(0.624842 0 0)
(0.624842 0 0)
(0.624842 0 0)
(0.624843 0 0)
(0.624843 0 0)
(0.624843 0 0)
(0.624844 0 0)
(0.624844 0 0)
(0.624844 0 0)
(0.624844 0 0)
(0.624845 0 0)
(0.624845 0 0)
(0.624845 0 0)
(0.624845 0 0)
(0.624846 0 0)
(0.624846 0 0)
(0.624846 0 0)
(0.624847 0 0)
(0.624847 0 0)
(0.624847 0 0)
(0.624847 0 0)
(0.624848 0 0)
(0.624848 0 0)
(0.624848 0 0)
(0.624848 0 0)
(0.624849 0 0)
(0.624849 0 0)
(0.624849 0 0)
(0.624849 0 0)
(0.62485 0 0)
(0.62485 0 0)
(0.62485 0 0)
(0.62485 0 0)
(0.624851 0 0)
(0.624851 0 0)
(0.624851 0 0)
(0.624851 0 0)
(0.624851 0 0)
(0.624852 0 0)
(0.624854 0 0)
(0.624856 0 0)
(0.624852 0 0)
(0.624835 0 0)
(0.624814 0 0)
(0.62485 0 0)
(0.625038 0 0)
(0.625284 0 0)
(0.62509 0 0)
(0.624951 0 0)
(0.624964 0 0)
(0.624967 0 0)
(0.624968 0 0)
(0.624977 0 0)
(0.624994 0 0)
(0.625008 0 0)
(0.625012 0 0)
(0.625013 0 0)
(0.62502 0 0)
(0.625035 0 0)
(0.625047 0 0)
(0.625051 0 0)
(0.625061 0 0)
(0.62507 0 0)
(0.625079 0 0)
(0.625091 0 0)
(0.625096 0 0)
(0.625105 0 0)
(0.625111 0 0)
(0.625116 0 0)
(0.625128 0 0)
(0.62514 0 0)
(0.625151 0 0)
(0.62516 0 0)
(0.625167 0 0)
(0.625173 0 0)
(0.625185 0 0)
(0.625197 0 0)
(0.625207 0 0)
(0.625213 0 0)
(0.625219 0 0)
(0.625228 0 0)
(0.625235 0 0)
(0.625244 0 0)
(0.625258 0 0)
(0.625268 0 0)
(0.625272 0 0)
(0.625283 0 0)
(0.6253 0 0)
(0.625307 0 0)
(0.625313 0 0)
(0.625324 0 0)
(0.625331 0 0)
(0.625338 0 0)
(0.625351 0 0)
(0.62536 0 0)
(0.625368 0 0)
(0.625375 0 0)
(0.625388 0 0)
(0.625402 0 0)
(0.625413 0 0)
(0.625421 0 0)
(0.625428 0 0)
(0.625439 0 0)
(0.625446 0 0)
(0.625454 0 0)
(0.625469 0 0)
(0.625484 0 0)
(0.625496 0 0)
(0.625504 0 0)
(0.625509 0 0)
(0.625518 0 0)
(0.625526 0 0)
(0.625542 0 0)
(0.625556 0 0)
(0.625569 0 0)
(0.625579 0 0)
(0.625588 0 0)
(0.625602 0 0)
(0.625612 0 0)
(0.625621 0 0)
(0.625633 0 0)
(0.625643 0 0)
(0.625653 0 0)
(0.625672 0 0)
(0.62569 0 0)
(0.625706 0 0)
(0.625716 0 0)
(0.62572 0 0)
(0.625724 0 0)
(0.625729 0 0)
(0.625735 0 0)
(0.625755 0 0)
(0.625807 0 0)
(0.625877 0 0)
(0.62593 0 0)
(0.625901 0 0)
(0.625738 0 0)
(0.625456 0 0)
(0.625243 0 0)
(0.625459 0 0)
(0.626428 0 0)
(0.628059 0 0)
(0.629375 0 0)
(0.628526 0 0)
(0.623682 0 0)
(0.614987 0 0)
(0.607112 0 0)
(0.610868 0 0)
(0.624859 0 0)
(0.624859 0 0)
(0.624859 0 0)
(0.624859 0 0)
(0.62486 0 0)
(0.62486 0 0)
(0.62486 0 0)
(0.62486 0 0)
(0.62486 0 0)
(0.624861 0 0)
(0.624861 0 0)
(0.624861 0 0)
(0.624861 0 0)
(0.624862 0 0)
(0.624862 0 0)
(0.624862 0 0)
(0.624862 0 0)
(0.624863 0 0)
(0.624863 0 0)
(0.624863 0 0)
(0.624863 0 0)
(0.624863 0 0)
(0.624864 0 0)
(0.624864 0 0)
(0.624864 0 0)
(0.624864 0 0)
(0.624864 0 0)
(0.624865 0 0)
(0.624865 0 0)
(0.624865 0 0)
(0.624865 0 0)
(0.624866 0 0)
(0.624866 0 0)
(0.624866 0 0)
(0.624866 0 0)
(0.624866 0 0)
(0.624867 0 0)
(0.624867 0 0)
(0.624867 0 0)
(0.624867 0 0)
(0.624868 0 0)
(0.624868 0 0)
(0.624868 0 0)
(0.624868 0 0)
(0.624868 0 0)
(0.624869 0 0)
(0.624869 0 0)
(0.624869 0 0)
(0.624869 0 0)
(0.624869 0 0)
(0.62487 0 0)
(0.62487 0 0)
(0.62487 0 0)
(0.62487 0 0)
(0.62487 0 0)
(0.624871 0 0)
(0.624871 0 0)
(0.624871 0 0)
(0.624871 0 0)
(0.624871 0 0)
(0.624872 0 0)
(0.624872 0 0)
(0.624872 0 0)
(0.624872 0 0)
(0.624872 0 0)
(0.624873 0 0)
(0.624873 0 0)
(0.624873 0 0)
(0.624873 0 0)
(0.624873 0 0)
(0.624874 0 0)
(0.624874 0 0)
(0.624874 0 0)
(0.624874 0 0)
(0.624874 0 0)
(0.624875 0 0)
(0.624875 0 0)
(0.624875 0 0)
(0.624875 0 0)
(0.624875 0 0)
(0.624876 0 0)
(0.624876 0 0)
(0.624877 0 0)
(0.624875 0 0)
(0.624869 0 0)
(0.624864 0 0)
(0.624884 0 0)
(0.624956 0 0)
(0.625008 0 0)
(0.625008 0 0)
(0.625008 0 0)
(0.625008 0 0)
(0.625008 0 0)
(0.625008 0 0)
(0.625008 0 0)
(0.625008 0 0)
(0.625008 0 0)
(0.625008 0 0)
(0.625008 0 0)
(0.625008 0 0)
(0.625008 0 0)
(0.625008 0 0)
(0.625008 0 0)
(0.625008 0 0)
(0.625008 0 0)
(0.625008 0 0)
(0.625008 0 0)
(0.625008 0 0)
(0.625008 0 0)
(0.625008 0 0)
(0.625008 0 0)
(0.625008 0 0)
(0.625008 0 0)
(0.625008 0 0)
(0.625008 0 0)
(0.625008 0 0)
(0.625008 0 0)
(0.625008 0 0)
(0.625008 0 0)
(0.625008 0 0)
(0.625008 0 0)
(0.625008 0 0)
(0.625008 0 0)
(0.625008 0 0)
(0.625008 0 0)
(0.625008 0 0)
(0.625008 0 0)
(0.625008 0 0)
(0.625008 0 0)
(0.625008 0 0)
(0.625008 0 0)
(0.625008 0 0)
(0.625008 0 0)
(0.625008 0 0)
(0.625008 0 0)
(0.625008 0 0)
(0.625008 0 0)
(0.625008 0 0)
(0.625008 0 0)
(0.625008 0 0)
(0.625008 0 0)
(0.625008 0 0)
(0.625008 0 0)
(0.625008 0 0)
(0.625008 0 0)
(0.625008 0 0)
(0.625008 0 0)
(0.625008 0 0)
(0.625008 0 0)
(0.625008 0 0)
(0.625008 0 0)
(0.625008 0 0)
(0.625008 0 0)
(0.625008 0 0)
(0.625008 0 0)
(0.625008 0 0)
(0.625008 0 0)
(0.625008 0 0)
(0.625008 0 0)
(0.625008 0 0)
(0.625008 0 0)
(0.625008 0 0)
(0.625008 0 0)
(0.625007 0 0)
(0.625007 0 0)
(0.625007 0 0)
(0.625007 0 0)
(0.625007 0 0)
(0.625007 0 0)
(0.625007 0 0)
(0.625007 0 0)
(0.625007 0 0)
(0.625007 0 0)
(0.625007 0 0)
(0.625007 0 0)
(0.625007 0 0)
(0.625007 0 0)
(0.625007 0 0)
(0.625007 0 0)
(0.625007 0 0)
(0.625007 0 0)
(0.625007 0 0)
(0.625007 0 0)
(0.625007 0 0)
(0.625007 0 0)
(0.625007 0 0)
(0.625007 0 0)
(0.625007 0 0)
(0.625007 0 0)
(0.625007 0 0)
(0.625007 0 0)
(0.625007 0 0)
(0.625007 0 0)
(0.625007 0 0)
(0.625007 0 0)
(0.625007 0 0)
(0.625007 0 0)
(0.625007 0 0)
(0.625007 0 0)
(0.625007 0 0)
(0.625007 0 0)
(0.625007 0 0)
(0.625007 0 0)
(0.625007 0 0)
(0.625007 0 0)
(0.625007 0 0)
(0.625007 0 0)
(0.625007 0 0)
(0.625007 0 0)
(0.625007 0 0)
(0.625007 0 0)
(0.625007 0 0)
(0.625007 0 0)
(0.625007 0 0)
(0.625007 0 0)
(0.625007 0 0)
(0.625007 0 0)
(0.625007 0 0)
(0.625007 0 0)
(0.625007 0 0)
(0.625007 0 0)
(0.625007 0 0)
(0.625007 0 0)
(0.625007 0 0)
(0.625007 0 0)
(0.625007 0 0)
(0.625007 0 0)
(0.625007 0 0)
(0.625007 0 0)
(0.625007 0 0)
(0.625007 0 0)
(0.625007 0 0)
(0.625007 0 0)
(0.625007 0 0)
(0.625007 0 0)
(0.625007 0 0)
(0.625007 0 0)
(0.625007 0 0)
(0.625007 0 0)
(0.625007 0 0)
(0.625007 0 0)
(0.625007 0 0)
(0.625007 0 0)
(0.625007 0 0)
(0.625007 0 0)
(0.625007 0 0)
(0.625007 0 0)
(0.625007 0 0)
(0.625007 0 0)
(0.625007 0 0)
(0.625007 0 0)
(0.625007 0 0)
(0.625007 0 0)
(0.625007 0 0)
(0.625007 0 0)
(0.625007 0 0)
(0.625007 0 0)
(0.625007 0 0)
(0.625007 0 0)
(0.625007 0 0)
(0.625007 0 0)
(0.625007 0 0)
(0.625007 0 0)
(0.625007 0 0)
(0.625007 0 0)
(0.625007 0 0)
(0.625007 0 0)
(0.625007 0 0)
(0.625007 0 0)
(0.625007 0 0)
(0.625007 0 0)
(0.625007 0 0)
(0.625007 0 0)
(0.625007 0 0)
(0.625007 0 0)
(0.625007 0 0)
(0.625007 0 0)
(0.625007 0 0)
(0.625007 0 0)
(0.625007 0 0)
(0.625007 0 0)
(0.625007 0 0)
(0.625007 0 0)
(0.625007 0 0)
(0.625007 0 0)
(0.625007 0 0)
(0.625007 0 0)
(0.625007 0 0)
(0.625007 0 0)
(0.625007 0 0)
(0.625007 0 0)
(0.625007 0 0)
(0.625007 0 0)
(0.625007 0 0)
(0.625007 0 0)
(0.625007 0 0)
(0.625007 0 0)
(0.625007 0 0)
(0.625007 0 0)
(0.625007 0 0)
(0.625007 0 0)
(0.625007 0 0)
(0.625007 0 0)
(0.625007 0 0)
(0.625007 0 0)
(0.625007 0 0)
(0.625007 0 0)
(0.625007 0 0)
(0.625007 0 0)
(0.625007 0 0)
(0.625007 0 0)
(0.625007 0 0)
(0.625007 0 0)
(0.625007 0 0)
(0.625007 0 0)
(0.625007 0 0)
(0.625007 0 0)
(0.625007 0 0)
(0.625007 0 0)
(0.625006 0 0)
(0.625007 0 0)
(0.625009 0 0)
(0.625014 0 0)
(0.625013 0 0)
(0.624982 0 0)
(0.624919 0 0)
(0.624929 0 0)
(0.625281 0 0)
(0.626061 0 0)
(0.626056 0 0)
(0.621967 0 0)
(0.612295 0 0)
(0.611232 0 0)
(0.65897 0 0)
(0.767302 0 0)
(0.818182 0 0)
(0.698982 0 0)
(0.612738 0 0)
(0.607179 0 0)
(0.607206 0 0)
(0.6072 0 0)
(0.607194 0 0)
(0.607187 0 0)
(0.607181 0 0)
(0.607175 0 0)
(0.607168 0 0)
(0.607162 0 0)
(0.607155 0 0)
(0.607149 0 0)
(0.607143 0 0)
(0.607136 0 0)
(0.60713 0 0)
(0.607123 0 0)
(0.607117 0 0)
(0.60711 0 0)
(0.607103 0 0)
(0.607097 0 0)
(0.60709 0 0)
(0.607084 0 0)
(0.607077 0 0)
(0.607071 0 0)
(0.607064 0 0)
(0.607057 0 0)
(0.607051 0 0)
(0.607044 0 0)
(0.607038 0 0)
(0.607031 0 0)
(0.607024 0 0)
(0.607018 0 0)
(0.607011 0 0)
(0.607004 0 0)
(0.606998 0 0)
(0.606991 0 0)
(0.606984 0 0)
(0.606978 0 0)
(0.606971 0 0)
(0.606964 0 0)
(0.606958 0 0)
(0.606951 0 0)
(0.606945 0 0)
(0.606938 0 0)
(0.606931 0 0)
(0.606925 0 0)
(0.606918 0 0)
(0.606912 0 0)
(0.606905 0 0)
(0.606898 0 0)
(0.606893 0 0)
(0.60688 0 0)
(0.606803 0 0)
(0.606736 0 0)
(0.606731 0 0)
(0.606724 0 0)
(0.606718 0 0)
(0.606712 0 0)
(0.606705 0 0)
(0.606699 0 0)
(0.606693 0 0)
(0.606686 0 0)
(0.60668 0 0)
(0.606674 0 0)
(0.606667 0 0)
(0.606661 0 0)
(0.606655 0 0)
(0.606648 0 0)
(0.606642 0 0)
(0.606636 0 0)
(0.606629 0 0)
(0.606623 0 0)
(0.606617 0 0)
(0.606611 0 0)
(0.606604 0 0)
(0.606598 0 0)
(0.606592 0 0)
(0.606585 0 0)
(0.606579 0 0)
(0.606573 0 0)
(0.606567 0 0)
(0.60656 0 0)
(0.606554 0 0)
(0.606548 0 0)
(0.606541 0 0)
(0.606535 0 0)
(0.606529 0 0)
(0.606522 0 0)
(0.606516 0 0)
(0.606509 0 0)
(0.606503 0 0)
(0.606497 0 0)
(0.60649 0 0)
(0.606484 0 0)
(0.606477 0 0)
(0.606471 0 0)
(0.606464 0 0)
(0.606458 0 0)
(0.606451 0 0)
(0.606445 0 0)
(0.606438 0 0)
(0.606431 0 0)
(0.606425 0 0)
(0.606418 0 0)
(0.606411 0 0)
(0.606405 0 0)
(0.606398 0 0)
(0.606391 0 0)
(0.606385 0 0)
(0.606378 0 0)
(0.606371 0 0)
(0.606364 0 0)
(0.606358 0 0)
(0.606351 0 0)
(0.606344 0 0)
(0.606337 0 0)
(0.60633 0 0)
(0.606323 0 0)
(0.606316 0 0)
(0.606309 0 0)
(0.606302 0 0)
(0.606296 0 0)
(0.606289 0 0)
(0.606282 0 0)
(0.606275 0 0)
(0.606268 0 0)
(0.606261 0 0)
(0.606254 0 0)
(0.606247 0 0)
(0.60624 0 0)
(0.606233 0 0)
(0.606226 0 0)
(0.606219 0 0)
(0.606211 0 0)
(0.606204 0 0)
(0.606197 0 0)
(0.60619 0 0)
(0.606183 0 0)
(0.606176 0 0)
(0.606169 0 0)
(0.606162 0 0)
(0.606155 0 0)
(0.606148 0 0)
(0.606141 0 0)
(0.606134 0 0)
(0.606127 0 0)
(0.60612 0 0)
(0.606113 0 0)
(0.606106 0 0)
(0.606099 0 0)
(0.606092 0 0)
(0.606085 0 0)
(0.606078 0 0)
(0.606071 0 0)
(0.606064 0 0)
(0.606057 0 0)
(0.60605 0 0)
(0.606043 0 0)
(0.606036 0 0)
(0.606029 0 0)
(0.606022 0 0)
(0.606015 0 0)
(0.606008 0 0)
(0.606001 0 0)
(0.605994 0 0)
(0.605987 0 0)
(0.60598 0 0)
(0.605973 0 0)
(0.605966 0 0)
(0.605959 0 0)
(0.605952 0 0)
(0.605945 0 0)
(0.605938 0 0)
(0.605931 0 0)
(0.605924 0 0)
(0.605917 0 0)
(0.60591 0 0)
(0.605903 0 0)
(0.605896 0 0)
(0.605889 0 0)
(0.605882 0 0)
(0.605875 0 0)
(0.605868 0 0)
(0.605861 0 0)
(0.605854 0 0)
(0.605847 0 0)
(0.605839 0 0)
(0.605832 0 0)
(0.605825 0 0)
(0.605818 0 0)
(0.605811 0 0)
(0.605804 0 0)
(0.605797 0 0)
(0.60579 0 0)
(0.605783 0 0)
(0.605776 0 0)
(0.605769 0 0)
(0.605761 0 0)
(0.605754 0 0)
(0.605747 0 0)
(0.60574 0 0)
(0.605733 0 0)
(0.605726 0 0)
(0.605719 0 0)
(0.605711 0 0)
(0.605704 0 0)
(0.605697 0 0)
(0.60569 0 0)
(0.605683 0 0)
(0.605676 0 0)
(0.605668 0 0)
(0.605661 0 0)
(0.605654 0 0)
(0.605647 0 0)
(0.60564 0 0)
(0.605633 0 0)
(0.605626 0 0)
(0.605619 0 0)
(0.605612 0 0)
(0.605605 0 0)
(0.605598 0 0)
(0.605591 0 0)
(0.605584 0 0)
(0.605577 0 0)
(0.60557 0 0)
(0.605563 0 0)
(0.605556 0 0)
(0.605549 0 0)
(0.605542 0 0)
(0.605535 0 0)
(0.605528 0 0)
(0.605522 0 0)
(0.605515 0 0)
(0.605508 0 0)
(0.605501 0 0)
(0.605495 0 0)
(0.605488 0 0)
(0.605482 0 0)
(0.605475 0 0)
(0.605468 0 0)
(0.605462 0 0)
(0.605456 0 0)
(0.605449 0 0)
(0.605443 0 0)
(0.605436 0 0)
(0.60543 0 0)
(0.605424 0 0)
(0.605418 0 0)
(0.605412 0 0)
(0.605405 0 0)
(0.605399 0 0)
(0.605393 0 0)
(0.605387 0 0)
(0.605381 0 0)
(0.605375 0 0)
(0.60537 0 0)
(0.605364 0 0)
(0.605358 0 0)
(0.605352 0 0)
(0.605347 0 0)
(0.605341 0 0)
(0.605335 0 0)
(0.60533 0 0)
(0.605324 0 0)
(0.605319 0 0)
(0.605313 0 0)
(0.605308 0 0)
(0.605302 0 0)
(0.605297 0 0)
(0.605292 0 0)
(0.605286 0 0)
(0.605281 0 0)
(0.605276 0 0)
(0.605271 0 0)
(0.605266 0 0)
(0.605261 0 0)
(0.605255 0 0)
(0.60525 0 0)
(0.605245 0 0)
(0.60524 0 0)
(0.605235 0 0)
(0.60523 0 0)
(0.605226 0 0)
(0.605221 0 0)
(0.605216 0 0)
(0.605211 0 0)
(0.605206 0 0)
(0.605201 0 0)
(0.605197 0 0)
(0.605192 0 0)
(0.605187 0 0)
(0.605182 0 0)
(0.605178 0 0)
(0.605173 0 0)
(0.605168 0 0)
(0.605164 0 0)
(0.605159 0 0)
(0.605155 0 0)
(0.60515 0 0)
(0.605146 0 0)
(0.605141 0 0)
(0.605137 0 0)
(0.605132 0 0)
(0.605128 0 0)
(0.605123 0 0)
(0.605119 0 0)
(0.605114 0 0)
(0.60511 0 0)
(0.605105 0 0)
(0.605101 0 0)
(0.605097 0 0)
(0.605092 0 0)
(0.605088 0 0)
(0.605084 0 0)
(0.60508 0 0)
(0.605075 0 0)
(0.605071 0 0)
(0.605067 0 0)
(0.605063 0 0)
(0.605058 0 0)
(0.605054 0 0)
(0.60505 0 0)
(0.605046 0 0)
(0.605042 0 0)
(0.605038 0 0)
(0.605034 0 0)
(0.60503 0 0)
(0.605026 0 0)
(0.605022 0 0)
(0.605018 0 0)
(0.605014 0 0)
(0.60501 0 0)
(0.605006 0 0)
(0.605002 0 0)
(0.604998 0 0)
(0.604994 0 0)
(0.60499 0 0)
(0.604987 0 0)
(0.604983 0 0)
(0.604979 0 0)
(0.604975 0 0)
(0.604971 0 0)
(0.604968 0 0)
(0.604964 0 0)
(0.60496 0 0)
(0.604957 0 0)
(0.604953 0 0)
(0.604949 0 0)
(0.604946 0 0)
(0.604942 0 0)
(0.604938 0 0)
(0.604935 0 0)
(0.604931 0 0)
(0.604928 0 0)
(0.604924 0 0)
(0.604921 0 0)
(0.604917 0 0)
(0.604913 0 0)
(0.60491 0 0)
(0.604906 0 0)
(0.604903 0 0)
(0.604899 0 0)
(0.604896 0 0)
(0.604892 0 0)
(0.604889 0 0)
(0.604885 0 0)
(0.604882 0 0)
(0.604878 0 0)
(0.604875 0 0)
(0.604872 0 0)
(0.604868 0 0)
(0.604865 0 0)
(0.604861 0 0)
(0.604858 0 0)
(0.604854 0 0)
(0.604851 0 0)
(0.604847 0 0)
(0.604844 0 0)
(0.60484 0 0)
(0.604836 0 0)
(0.604833 0 0)
(0.604829 0 0)
(0.604826 0 0)
(0.604822 0 0)
(0.604819 0 0)
(0.604815 0 0)
(0.604811 0 0)
(0.604808 0 0)
(0.604804 0 0)
(0.604801 0 0)
(0.604797 0 0)
(0.604793 0 0)
(0.60479 0 0)
(0.604786 0 0)
(0.604782 0 0)
(0.604778 0 0)
(0.604775 0 0)
(0.604771 0 0)
(0.604767 0 0)
(0.604763 0 0)
(0.604759 0 0)
(0.604756 0 0)
(0.604752 0 0)
(0.604748 0 0)
(0.604744 0 0)
(0.60474 0 0)
(0.604736 0 0)
(0.604732 0 0)
(0.604728 0 0)
(0.604724 0 0)
(0.60472 0 0)
(0.604716 0 0)
(0.604712 0 0)
(0.604708 0 0)
(0.604704 0 0)
(0.6047 0 0)
(0.604696 0 0)
(0.604692 0 0)
(0.604688 0 0)
(0.604684 0 0)
(0.60468 0 0)
(0.604675 0 0)
(0.604671 0 0)
(0.604667 0 0)
(0.604663 0 0)
(0.604659 0 0)
(0.604655 0 0)
(0.60465 0 0)
(0.604646 0 0)
(0.604642 0 0)
(0.604638 0 0)
(0.604633 0 0)
(0.604629 0 0)
(0.604625 0 0)
(0.604621 0 0)
(0.604616 0 0)
(0.604612 0 0)
(0.604608 0 0)
(0.604604 0 0)
(0.604599 0 0)
(0.604595 0 0)
(0.604591 0 0)
(0.604586 0 0)
(0.604582 0 0)
(0.604578 0 0)
(0.604573 0 0)
(0.604569 0 0)
(0.604564 0 0)
(0.60456 0 0)
(0.604556 0 0)
(0.604551 0 0)
(0.604547 0 0)
(0.604542 0 0)
(0.604538 0 0)
(0.604534 0 0)
(0.604529 0 0)
(0.604525 0 0)
(0.60452 0 0)
(0.604516 0 0)
(0.604511 0 0)
(0.604507 0 0)
(0.604502 0 0)
(0.604498 0 0)
(0.604493 0 0)
(0.604489 0 0)
(0.604484 0 0)
(0.60448 0 0)
(0.604475 0 0)
(0.60447 0 0)
(0.604466 0 0)
(0.604461 0 0)
(0.604456 0 0)
(0.604452 0 0)
(0.604447 0 0)
(0.604442 0 0)
(0.604438 0 0)
(0.604433 0 0)
(0.604428 0 0)
(0.604423 0 0)
(0.604418 0 0)
(0.604414 0 0)
(0.604409 0 0)
(0.604404 0 0)
(0.604399 0 0)
(0.604394 0 0)
(0.604389 0 0)
(0.604384 0 0)
(0.604379 0 0)
(0.604374 0 0)
(0.604369 0 0)
(0.604364 0 0)
(0.604359 0 0)
(0.604354 0 0)
(0.604349 0 0)
(0.604344 0 0)
(0.604339 0 0)
(0.604334 0 0)
(0.604328 0 0)
(0.604323 0 0)
(0.604318 0 0)
(0.604313 0 0)
(0.604308 0 0)
(0.604302 0 0)
(0.604297 0 0)
(0.604292 0 0)
(0.604286 0 0)
(0.604281 0 0)
(0.604276 0 0)
(0.60427 0 0)
(0.604265 0 0)
(0.604259 0 0)
(0.604254 0 0)
(0.604248 0 0)
(0.604243 0 0)
(0.604237 0 0)
(0.604232 0 0)
(0.604226 0 0)
(0.604221 0 0)
(0.604215 0 0)
(0.60421 0 0)
(0.604204 0 0)
(0.604198 0 0)
(0.604193 0 0)
(0.604187 0 0)
(0.604182 0 0)
(0.604176 0 0)
(0.60417 0 0)
(0.604165 0 0)
(0.604159 0 0)
(0.604153 0 0)
(0.604147 0 0)
(0.604142 0 0)
(0.604136 0 0)
(0.60413 0 0)
(0.604125 0 0)
(0.604119 0 0)
(0.604113 0 0)
(0.604107 0 0)
(0.604101 0 0)
(0.604096 0 0)
(0.60409 0 0)
(0.604084 0 0)
(0.604078 0 0)
(0.604072 0 0)
(0.604067 0 0)
(0.604061 0 0)
(0.604055 0 0)
(0.604049 0 0)
(0.604043 0 0)
(0.604037 0 0)
(0.604032 0 0)
(0.604026 0 0)
(0.60402 0 0)
(0.604014 0 0)
(0.604008 0 0)
(0.604002 0 0)
(0.603996 0 0)
(0.60399 0 0)
(0.603984 0 0)
(0.603978 0 0)
(0.603972 0 0)
(0.603966 0 0)
(0.60396 0 0)
(0.603954 0 0)
(0.603948 0 0)
(0.603942 0 0)
(0.603936 0 0)
(0.60393 0 0)
(0.603924 0 0)
(0.603918 0 0)
(0.603912 0 0)
(0.603906 0 0)
(0.6039 0 0)
(0.603893 0 0)
(0.603887 0 0)
(0.603881 0 0)
(0.603875 0 0)
(0.603869 0 0)
(0.603863 0 0)
(0.603856 0 0)
(0.60385 0 0)
(0.603844 0 0)
(0.603838 0 0)
(0.603831 0 0)
(0.603825 0 0)
(0.603819 0 0)
(0.603812 0 0)
(0.603806 0 0)
(0.6038 0 0)
(0.603793 0 0)
(0.603787 0 0)
(0.60378 0 0)
(0.603774 0 0)
(0.603768 0 0)
(0.603761 0 0)
(0.603755 0 0)
(0.603748 0 0)
(0.603742 0 0)
(0.603735 0 0)
(0.603729 0 0)
(0.603722 0 0)
(0.603716 0 0)
(0.603709 0 0)
(0.603702 0 0)
(0.603696 0 0)
(0.603689 0 0)
(0.603683 0 0)
(0.603676 0 0)
(0.603669 0 0)
(0.603663 0 0)
(0.603656 0 0)
(0.60365 0 0)
(0.603643 0 0)
(0.603636 0 0)
(0.60363 0 0)
(0.603623 0 0)
(0.603616 0 0)
(0.60361 0 0)
(0.603603 0 0)
(0.603596 0 0)
(0.60359 0 0)
(0.603583 0 0)
(0.603576 0 0)
(0.60357 0 0)
(0.603563 0 0)
(0.603556 0 0)
(0.60355 0 0)
(0.603543 0 0)
(0.603536 0 0)
(0.60353 0 0)
(0.603523 0 0)
(0.603516 0 0)
(0.603509 0 0)
(0.603503 0 0)
(0.603496 0 0)
(0.603489 0 0)
(0.603483 0 0)
(0.603476 0 0)
(0.603469 0 0)
(0.603463 0 0)
(0.603456 0 0)
(0.603449 0 0)
(0.603443 0 0)
(0.603436 0 0)
(0.603429 0 0)
(0.603423 0 0)
(0.603416 0 0)
(0.603409 0 0)
(0.603403 0 0)
(0.603396 0 0)
(0.603389 0 0)
(0.603383 0 0)
(0.603376 0 0)
(0.603369 0 0)
(0.603362 0 0)
(0.603356 0 0)
(0.603349 0 0)
(0.603342 0 0)
(0.603336 0 0)
(0.603329 0 0)
(0.603322 0 0)
(0.603316 0 0)
(0.603309 0 0)
(0.603302 0 0)
(0.603295 0 0)
(0.603289 0 0)
(0.603282 0 0)
(0.603275 0 0)
(0.603268 0 0)
(0.603262 0 0)
(0.603255 0 0)
(0.603248 0 0)
(0.603241 0 0)
(0.603235 0 0)
(0.603228 0 0)
(0.603221 0 0)
(0.603214 0 0)
(0.603208 0 0)
(0.603201 0 0)
(0.603194 0 0)
(0.603187 0 0)
(0.60318 0 0)
(0.603174 0 0)
(0.603167 0 0)
(0.60316 0 0)
(0.603153 0 0)
(0.603146 0 0)
(0.603139 0 0)
(0.603133 0 0)
(0.603126 0 0)
(0.603119 0 0)
(0.603112 0 0)
(0.603105 0 0)
(0.603098 0 0)
(0.603092 0 0)
(0.603085 0 0)
(0.603078 0 0)
(0.603071 0 0)
(0.603064 0 0)
(0.603057 0 0)
(0.603051 0 0)
(0.603044 0 0)
(0.603037 0 0)
(0.60303 0 0)
(0.603023 0 0)
(0.603016 0 0)
(0.60301 0 0)
(0.603003 0 0)
(0.602996 0 0)
(0.602989 0 0)
(0.602982 0 0)
(0.602975 0 0)
(0.602969 0 0)
(0.602962 0 0)
(0.602955 0 0)
(0.602948 0 0)
(0.602942 0 0)
(0.602935 0 0)
(0.602928 0 0)
(0.602921 0 0)
(0.602914 0 0)
(0.602908 0 0)
(0.602901 0 0)
(0.602894 0 0)
(0.602887 0 0)
(0.602881 0 0)
(0.602874 0 0)
(0.602867 0 0)
(0.602861 0 0)
(0.602854 0 0)
(0.602847 0 0)
(0.60284 0 0)
(0.602834 0 0)
(0.602827 0 0)
(0.60282 0 0)
(0.602814 0 0)
(0.602807 0 0)
(0.6028 0 0)
(0.602794 0 0)
(0.602787 0 0)
(0.60278 0 0)
(0.602774 0 0)
(0.602767 0 0)
(0.602761 0 0)
(0.602754 0 0)
(0.602747 0 0)
(0.602741 0 0)
(0.602734 0 0)
(0.602727 0 0)
(0.602721 0 0)
(0.602714 0 0)
(0.602708 0 0)
(0.602701 0 0)
(0.602694 0 0)
(0.602688 0 0)
(0.602681 0 0)
(0.602674 0 0)
(0.602668 0 0)
(0.602661 0 0)
(0.602655 0 0)
(0.602648 0 0)
(0.602641 0 0)
(0.602635 0 0)
(0.602628 0 0)
(0.602621 0 0)
(0.602615 0 0)
(0.602608 0 0)
(0.602602 0 0)
(0.602595 0 0)
(0.602588 0 0)
(0.602582 0 0)
(0.602575 0 0)
(0.602569 0 0)
(0.602562 0 0)
(0.602555 0 0)
(0.602549 0 0)
(0.602542 0 0)
(0.602536 0 0)
(0.602529 0 0)
(0.602522 0 0)
(0.602516 0 0)
(0.602509 0 0)
(0.602503 0 0)
(0.602496 0 0)
(0.602489 0 0)
(0.602483 0 0)
(0.602476 0 0)
(0.60247 0 0)
(0.602463 0 0)
(0.602456 0 0)
(0.60245 0 0)
(0.602443 0 0)
(0.602437 0 0)
(0.60243 0 0)
(0.602424 0 0)
(0.602417 0 0)
(0.602411 0 0)
(0.602404 0 0)
(0.602398 0 0)
(0.602391 0 0)
(0.602385 0 0)
(0.602378 0 0)
(0.602372 0 0)
(0.602365 0 0)
(0.602359 0 0)
(0.602352 0 0)
(0.602346 0 0)
(0.602339 0 0)
(0.602333 0 0)
(0.602326 0 0)
(0.60232 0 0)
(0.602314 0 0)
(0.602307 0 0)
(0.602301 0 0)
(0.602294 0 0)
(0.602288 0 0)
(0.602282 0 0)
(0.602275 0 0)
(0.602269 0 0)
(0.602262 0 0)
(0.602256 0 0)
(0.60225 0 0)
(0.602243 0 0)
(0.602237 0 0)
(0.602231 0 0)
(0.602224 0 0)
(0.602218 0 0)
(0.602211 0 0)
(0.602205 0 0)
(0.602199 0 0)
(0.602192 0 0)
(0.602186 0 0)
(0.60218 0 0)
(0.602173 0 0)
(0.602167 0 0)
(0.602161 0 0)
(0.602154 0 0)
(0.602148 0 0)
(0.602142 0 0)
(0.602136 0 0)
(0.602129 0 0)
(0.602123 0 0)
(0.602117 0 0)
(0.60211 0 0)
(0.602104 0 0)
(0.602098 0 0)
(0.602091 0 0)
(0.602085 0 0)
(0.602079 0 0)
(0.602072 0 0)
(0.602066 0 0)
(0.60206 0 0)
(0.602053 0 0)
(0.602047 0 0)
(0.602041 0 0)
(0.602035 0 0)
(0.602028 0 0)
(0.602022 0 0)
(0.602016 0 0)
(0.602009 0 0)
(0.602003 0 0)
(0.601997 0 0)
(0.60199 0 0)
(0.601984 0 0)
(0.601978 0 0)
(0.601972 0 0)
(0.601965 0 0)
(0.601959 0 0)
(0.601953 0 0)
(0.601946 0 0)
(0.60194 0 0)
(0.601934 0 0)
(0.601928 0 0)
(0.601921 0 0)
(0.601915 0 0)
(0.601909 0 0)
(0.601903 0 0)
(0.601896 0 0)
(0.60189 0 0)
(0.601884 0 0)
(0.601878 0 0)
(0.601872 0 0)
(0.601865 0 0)
(0.601859 0 0)
(0.601853 0 0)
(0.601847 0 0)
(0.60184 0 0)
(0.601834 0 0)
(0.601828 0 0)
(0.601822 0 0)
(0.601816 0 0)
(0.60181 0 0)
(0.601803 0 0)
(0.601797 0 0)
(0.601791 0 0)
(0.601785 0 0)
(0.601779 0 0)
(0.601773 0 0)
(0.601767 0 0)
(0.60176 0 0)
(0.601754 0 0)
(0.601748 0 0)
(0.601742 0 0)
(0.601736 0 0)
(0.60173 0 0)
(0.601724 0 0)
(0.601718 0 0)
(0.601712 0 0)
(0.601705 0 0)
(0.601699 0 0)
(0.601693 0 0)
(0.601687 0 0)
(0.601681 0 0)
(0.601675 0 0)
(0.601669 0 0)
(0.601663 0 0)
(0.601657 0 0)
(0.601651 0 0)
(0.601645 0 0)
(0.601638 0 0)
(0.601632 0 0)
(0.601626 0 0)
(0.60162 0 0)
(0.601614 0 0)
(0.601608 0 0)
(0.601602 0 0)
(0.601596 0 0)
(0.60159 0 0)
(0.601584 0 0)
(0.601578 0 0)
(0.601572 0 0)
(0.601566 0 0)
(0.60156 0 0)
(0.601554 0 0)
(0.601548 0 0)
(0.601541 0 0)
(0.601535 0 0)
(0.601529 0 0)
(0.601523 0 0)
(0.601517 0 0)
(0.601511 0 0)
(0.601505 0 0)
(0.601499 0 0)
(0.601493 0 0)
(0.601487 0 0)
(0.601481 0 0)
(0.601475 0 0)
(0.601469 0 0)
(0.601463 0 0)
(0.601457 0 0)
(0.601451 0 0)
(0.601445 0 0)
(0.601439 0 0)
(0.601433 0 0)
(0.601427 0 0)
(0.601421 0 0)
(0.601415 0 0)
(0.601409 0 0)
(0.601403 0 0)
(0.601397 0 0)
(0.601391 0 0)
(0.601385 0 0)
(0.601379 0 0)
(0.601373 0 0)
(0.601367 0 0)
(0.601361 0 0)
(0.601355 0 0)
(0.601349 0 0)
(0.601343 0 0)
(0.601337 0 0)
(0.601331 0 0)
(0.601325 0 0)
(0.601319 0 0)
(0.601313 0 0)
(0.601307 0 0)
(0.601302 0 0)
(0.601296 0 0)
(0.60129 0 0)
(0.601284 0 0)
(0.601278 0 0)
(0.601272 0 0)
(0.601266 0 0)
(0.60126 0 0)
(0.601254 0 0)
(0.601249 0 0)
(0.601242 0 0)
)
;

boundaryField
{
    inlet
    {
        type            flowRateInlet;
        flowRate        0.0625;
        value           uniform (0.625 -0 -0);
    }
    outlet
    {
        type            zeroGradient;
    }
    right
    {
        type            empty;
    }
    left
    {
        type            empty;
    }
    atmosphere
    {
        type            empty;
    }
    bottomWall
    {
        type            empty;
    }
}


// ************************************************************************* //
