0 0.857659
0.0100042 0.856956
0.0200083 0.856024
0.0300125 0.855102
0.0400166 0.854179
0.0500208 0.853256
0.0600249 0.852332
0.0700291 0.851409
0.0800332 0.850485
0.0900374 0.849561
0.100042 0.848637
0.110046 0.847712
0.12005 0.846787
0.130054 0.845862
0.140058 0.844937
0.150062 0.844012
0.160066 0.843086
0.170071 0.84216
0.180075 0.841234
0.190079 0.840308
0.200083 0.839381
0.210087 0.838454
0.220091 0.837527
0.230095 0.8366
0.2401 0.835672
0.250104 0.834744
0.260108 0.833816
0.270112 0.832888
0.280116 0.83196
0.29012 0.831031
0.300125 0.830102
0.310129 0.829172
0.320133 0.828243
0.330137 0.827313
0.340141 0.826383
0.350145 0.825453
0.360149 0.824522
0.370154 0.823591
0.380158 0.82266
0.390162 0.821729
0.400166 0.820797
0.41017 0.819865
0.420174 0.818933
0.430178 0.818001
0.440183 0.817068
0.450187 0.816135
0.460191 0.815202
0.470195 0.814269
0.480199 0.813335
0.490203 0.812401
0.500208 0.811466
0.510212 0.810532
0.520216 0.809597
0.53022 0.808662
0.540224 0.807726
0.550228 0.806791
0.560232 0.805855
0.570237 0.804918
0.580241 0.803982
0.590245 0.803045
0.600249 0.802108
0.610253 0.80117
0.620257 0.800232
0.630262 0.799294
0.640266 0.798356
0.65027 0.797417
0.660274 0.796478
0.670278 0.795539
0.680282 0.7946
0.690286 0.79366
0.700291 0.792719
0.710295 0.791779
0.720299 0.790838
0.730303 0.789897
0.740307 0.788955
0.750311 0.788014
0.760315 0.787072
0.77032 0.786129
0.780324 0.785186
0.790328 0.784243
0.800332 0.7833
0.810336 0.782356
0.82034 0.781412
0.830345 0.780468
0.840349 0.779523
0.850353 0.778578
0.860357 0.777632
0.870361 0.776687
0.880365 0.775741
0.890369 0.774794
0.900374 0.773847
0.910378 0.7729
0.920382 0.771953
0.930386 0.771005
0.94039 0.770057
0.950394 0.769108
0.960399 0.768159
0.970403 0.76721
0.980407 0.76626
0.990411 0.76531
1.00042 0.76436
1.01042 0.763409
1.02042 0.762458
1.03043 0.761506
1.04043 0.760554
1.05044 0.759602
1.06044 0.758649
1.07044 0.757696
1.08045 0.756743
1.09045 0.755789
1.10046 0.754835
1.11046 0.75388
1.12046 0.752925
1.13047 0.751969
1.14047 0.751014
1.15048 0.750057
1.16048 0.749101
1.17049 0.748144
1.18049 0.747186
1.19049 0.746228
1.2005 0.74527
1.2105 0.744311
1.22051 0.743352
1.23051 0.742392
1.24051 0.741432
1.25052 0.740472
1.26052 0.739511
1.27053 0.73855
1.28053 0.737588
1.29054 0.736626
1.30054 0.735663
1.31054 0.7347
1.32055 0.733736
1.33055 0.732772
1.34056 0.731808
1.35056 0.730843
1.36056 0.729877
1.37057 0.728911
1.38057 0.727945
1.39058 0.726978
1.40058 0.726011
1.41059 0.725043
1.42059 0.724075
1.43059 0.723106
1.4406 0.722137
1.4506 0.721167
1.46061 0.720197
1.47061 0.719226
1.48061 0.718255
1.49062 0.717283
1.50062 0.716311
1.51063 0.715338
1.52063 0.714364
1.53064 0.713391
1.54064 0.712416
1.55064 0.711441
1.56065 0.710466
1.57065 0.70949
1.58066 0.708513
1.59066 0.707536
1.60066 0.706559
1.61067 0.70558
1.62067 0.704602
1.63068 0.703622
1.64068 0.702643
1.65068 0.701662
1.66069 0.700681
1.67069 0.699699
1.6807 0.698717
1.6907 0.697735
1.70071 0.696751
1.71071 0.695767
1.72071 0.694783
1.73072 0.693798
1.74072 0.692812
1.75073 0.691825
1.76073 0.690838
1.77073 0.689851
1.78074 0.688863
1.79074 0.687874
1.80075 0.686884
1.81075 0.685894
1.82076 0.684903
1.83076 0.683912
1.84076 0.682691
1.85077 0.681336
1.86077 0.680537
1.87078 0.680219
1.88078 0.679927
1.89078 0.679636
1.90079 0.679345
1.91079 0.679054
1.9208 0.678763
1.9308 0.678472
1.94081 0.678181
1.95081 0.67789
1.96081 0.677598
1.97082 0.677307
1.98082 0.677016
1.99083 0.676724
2.00083 0.676433
2.01083 0.676141
2.02084 0.67585
2.03084 0.675558
2.04085 0.675266
2.05085 0.674974
2.06086 0.674682
2.07086 0.67439
2.08086 0.674098
2.09087 0.673806
2.10087 0.673514
2.11088 0.673222
2.12088 0.67293
2.13088 0.672637
2.14089 0.672345
2.15089 0.672052
2.1609 0.67176
2.1709 0.671467
2.1809 0.671175
2.19091 0.670882
2.20091 0.670589
2.21092 0.670296
2.22092 0.670003
2.23093 0.669711
2.24093 0.669417
2.25093 0.669124
2.26094 0.668831
2.27094 0.668538
2.28095 0.668245
2.29095 0.667951
2.30095 0.667658
2.31096 0.667364
2.32096 0.667071
2.33097 0.666777
2.34097 0.666483
2.35098 0.66619
2.36098 0.665896
2.37098 0.665602
2.38099 0.665308
2.39099 0.665014
2.401 0.66472
2.411 0.664426
2.421 0.664131
2.43101 0.663837
2.44101 0.663543
2.45102 0.663248
2.46102 0.662954
2.47103 0.662659
2.48103 0.662365
2.49103 0.66207
2.50104 0.661775
2.51104 0.66148
2.52105 0.661185
2.53105 0.66089
2.54105 0.660595
2.55106 0.6603
2.56106 0.660005
2.57107 0.65971
2.58107 0.659414
2.59108 0.659119
2.60108 0.658823
2.61108 0.658528
2.62109 0.658232
2.63109 0.657936
2.6411 0.657641
2.6511 0.657345
2.6611 0.657049
2.67111 0.656753
2.68111 0.656457
2.69112 0.656161
2.70112 0.655864
2.71112 0.655568
2.72113 0.655272
2.73113 0.654975
2.74114 0.654679
2.75114 0.654382
2.76115 0.654086
2.77115 0.653789
2.78115 0.653492
2.79116 0.653195
2.80116 0.652898
2.81117 0.652601
2.82117 0.652304
2.83117 0.652007
2.84118 0.65171
2.85118 0.651412
2.86119 0.651115
2.87119 0.650817
2.8812 0.65052
2.8912 0.650222
2.9012 0.649924
2.91121 0.649627
2.92121 0.649329
2.93122 0.649031
2.94122 0.648733
2.95122 0.648435
2.96123 0.648137
2.97123 0.647838
2.98124 0.64754
2.99124 0.647241
3.00125 0.646943
3.01125 0.646644
3.02125 0.646346
3.03126 0.646047
3.04126 0.645748
3.05127 0.645449
3.06127 0.64515
3.07127 0.644851
3.08128 0.644552
3.09128 0.644253
3.10129 0.643954
3.11129 0.643654
3.1213 0.643355
3.1313 0.643055
3.1413 0.642756
3.15131 0.642456
3.16131 0.642156
3.17132 0.641856
3.18132 0.641556
3.19132 0.641256
3.20133 0.640956
3.21133 0.640656
3.22134 0.640356
3.23134 0.640055
3.24134 0.639755
3.25135 0.639454
3.26135 0.639154
3.27136 0.638853
3.28136 0.638552
3.29137 0.638251
3.30137 0.637951
3.31137 0.637649
3.32138 0.637047
3.33138 0.636746
3.34139 0.636444
3.35139 0.636143
3.36139 0.635841
3.3714 0.63554
3.3814 0.635238
3.39141 0.634936
3.40141 0.634634
3.41142 0.634332
3.42142 0.63403
3.43142 0.633728
3.44143 0.633426
3.45143 0.633123
3.46144 0.632821
3.47144 0.632518
3.48144 0.632216
3.49145 0.631913
3.50145 0.63161
3.51146 0.631307
3.52146 0.631004
3.53147 0.630701
3.54147 0.630398
3.55147 0.630095
3.56148 0.629792
3.57148 0.629488
3.58149 0.629185
3.59149 0.628881
3.60149 0.628577
3.6115 0.628273
3.6215 0.627969
3.63151 0.627665
3.64151 0.627361
3.65152 0.627057
3.66152 0.626753
3.67152 0.626449
3.68153 0.626144
3.69153 0.625839
3.70154 0.625535
3.71154 0.62523
3.72154 0.624925
3.73155 0.62462
3.74155 0.624315
3.75156 0.62401
3.76156 0.623705
3.77156 0.623399
3.78157 0.623094
3.79157 0.622788
3.80158 0.622483
3.81158 0.622183
3.82159 0.62176
3.83159 0.623816
3.84159 0.59854
3.8516 0.572907
3.8616 0.509739
3.87161 0.490573
3.88161 0.47715
3.89161 0.465945
3.90162 0.456069
3.91162 0.447121
3.92163 0.438871
3.93163 0.431171
3.94164 0.423918
3.95164 0.417038
3.96164 0.410472
3.97165 0.404174
3.98165 0.398107
3.99166 0.392239
4.00166 0.386539
4.01166 0.380981
4.02167 0.376888
4.03167 0.371506
4.04168 0.366176
4.05168 0.360843
4.06169 0.355421
4.07169 0.349736
4.08169 0.343377
4.0917 0.335349
4.1017 0.319727
4.11171 0.316509
4.12171 0.31355
4.13171 0.310809
4.14172 0.308254
4.15172 0.305859
4.16173 0.303603
4.17173 0.301471
4.18174 0.299447
4.19174 0.297521
4.20174 0.295682
4.21175 0.293922
4.22175 0.292233
4.23176 0.290611
4.24176 0.289048
4.25176 0.28754
4.26177 0.286084
4.27177 0.284675
4.28178 0.28331
4.29178 0.281986
4.30178 0.2807
4.31179 0.27945
4.32179 0.278235
4.3318 0.277051
4.3418 0.275897
4.35181 0.274772
4.36181 0.273673
4.37181 0.2726
4.38182 0.271551
4.39182 0.270526
4.40183 0.269522
4.41183 0.268539
4.42183 0.267577
4.43184 0.266633
4.44184 0.265708
4.45185 0.2648
4.46185 0.26391
4.47186 0.263035
4.48186 0.262176
4.49186 0.261332
4.50187 0.260503
4.51187 0.259687
4.52188 0.258885
4.53188 0.258096
4.54188 0.257319
4.55189 0.256554
4.56189 0.255801
4.5719 0.25506
4.5819 0.254329
4.59191 0.253609
4.60191 0.252899
4.61191 0.2522
4.62192 0.25151
4.63192 0.250829
4.64193 0.250158
4.65193 0.249495
4.66193 0.248841
4.67194 0.248196
4.68194 0.247558
4.69195 0.246929
4.70195 0.246307
4.71196 0.245693
4.72196 0.245087
4.73196 0.244487
4.74197 0.243895
4.75197 0.24331
4.76198 0.242731
4.77198 0.242159
4.78198 0.241593
4.79199 0.241033
4.80199 0.24048
4.812 0.239932
4.822 0.23939
4.832 0.238854
4.84201 0.238324
4.85201 0.237799
4.86202 0.23728
4.87202 0.236765
4.88203 0.236256
4.89203 0.235752
4.90203 0.235253
4.91204 0.234758
4.92204 0.234269
4.93205 0.233784
4.94205 0.233304
4.95205 0.232828
4.96206 0.232356
4.97206 0.231889
4.98207 0.231426
4.99207 0.230967
5.00208 0.230513
5.01208 0.230062
5.02208 0.229616
5.03209 0.229173
5.04209 0.228733
5.0521 0.228294
5.0621 0.227856
5.0721 0.227425
5.08211 0.227022
5.09211 0.226673
5.10212 0.22638
5.11212 0.226108
5.12213 0.225838
5.13213 0.22557
5.14213 0.225303
5.15214 0.225037
5.16214 0.224773
5.17215 0.22451
5.18215 0.224249
5.19215 0.223988
5.20216 0.22373
5.21216 0.223472
5.22217 0.223216
5.23217 0.222962
5.24218 0.222708
5.25218 0.222456
5.26218 0.222206
5.27219 0.221956
5.28219 0.221708
5.2922 0.221461
5.3022 0.221215
5.3122 0.220971
5.32221 0.220727
5.33221 0.220485
5.34222 0.220244
5.35222 0.220005
5.36222 0.219766
5.37223 0.219529
5.38223 0.219292
5.39224 0.219057
5.40224 0.218823
5.41225 0.218591
5.42225 0.218359
5.43225 0.218128
5.44226 0.217899
5.45226 0.21767
5.46227 0.217443
5.47227 0.217216
5.48227 0.216991
5.49228 0.216767
5.50228 0.216544
5.51229 0.216321
5.52229 0.2161
5.5323 0.21588
5.5423 0.215661
5.5523 0.215443
5.56231 0.215225
5.57231 0.215009
5.58232 0.214794
5.59232 0.21458
5.60232 0.214366
5.61233 0.214154
5.62233 0.213942
5.63234 0.213732
5.64234 0.213522
5.65235 0.213313
5.66235 0.213105
5.67235 0.212898
5.68236 0.212692
5.69236 0.212487
5.70237 0.212283
5.71237 0.212079
5.72237 0.211877
5.73238 0.211675
5.74238 0.211474
5.75239 0.211274
5.76239 0.211075
5.7724 0.210876
5.7824 0.210679
5.7924 0.210482
5.80241 0.210286
5.81241 0.210091
5.82242 0.209897
5.83242 0.209703
5.84242 0.20951
5.85243 0.209318
5.86243 0.209127
5.87244 0.208936
5.88244 0.208747
5.89244 0.208558
5.90245 0.20837
5.91245 0.208182
5.92246 0.207995
5.93246 0.207809
5.94247 0.207624
5.95247 0.20744
5.96247 0.207256
5.97248 0.207073
5.98248 0.20689
5.99249 0.206709
6.00249 0.206528
6.01249 0.206347
6.0225 0.206168
6.0325 0.205989
6.04251 0.205811
6.05251 0.205633
6.06252 0.205456
6.07252 0.20528
6.08252 0.205104
6.09253 0.204929
6.10253 0.204755
6.11254 0.204582
6.12254 0.204409
6.13254 0.204236
6.14255 0.204065
6.15255 0.203893
6.16256 0.203723
6.17256 0.203553
6.18257 0.203384
6.19257 0.203215
6.20257 0.203047
6.21258 0.20288
6.22258 0.202713
6.23259 0.202547
6.24259 0.202381
6.25259 0.202216
6.2626 0.202052
6.2726 0.201888
6.28261 0.201725
6.29261 0.201562
6.30262 0.2014
6.31262 0.201239
6.32262 0.201078
6.33263 0.200917
6.34263 0.200757
6.35264 0.200598
6.36264 0.200439
6.37264 0.200281
6.38265 0.200123
6.39265 0.199966
6.40266 0.19981
6.41266 0.199654
6.42267 0.199498
6.43267 0.199343
6.44267 0.199189
6.45268 0.199035
6.46268 0.198881
6.47269 0.198728
6.48269 0.198576
6.49269 0.198424
6.5027 0.198273
6.5127 0.198122
6.52271 0.197971
6.53271 0.197822
6.54271 0.197672
6.55272 0.197523
6.56272 0.197375
6.57273 0.197227
6.58273 0.19708
6.59274 0.196933
6.60274 0.196786
6.61274 0.19664
6.62275 0.196495
6.63275 0.196349
6.64276 0.196205
6.65276 0.196061
6.66276 0.195917
6.67277 0.195774
6.68277 0.195631
6.69278 0.195489
6.70278 0.195347
6.71279 0.195205
6.72279 0.195064
6.73279 0.194924
6.7428 0.194784
6.7528 0.194644
6.76281 0.194505
6.77281 0.194366
6.78281 0.194228
6.79282 0.19409
6.80282 0.193952
6.81283 0.193815
6.82283 0.193679
6.83284 0.193543
6.84284 0.193407
6.85284 0.193271
6.86285 0.193136
6.87285 0.193002
6.88286 0.192868
6.89286 0.192734
6.90286 0.192601
6.91287 0.192468
6.92287 0.192335
6.93288 0.192203
6.94288 0.192071
6.95289 0.19194
6.96289 0.191809
6.97289 0.191678
6.9829 0.191548
6.9929 0.191418
7.00291 0.191289
7.01291 0.19116
7.02291 0.191031
7.03292 0.190903
7.04292 0.190775
7.05293 0.190647
7.06293 0.19052
7.07293 0.190394
7.08294 0.190267
7.09294 0.190141
7.10295 0.190015
7.11295 0.18989
7.12296 0.189765
7.13296 0.189641
7.14296 0.189516
7.15297 0.189392
7.16297 0.189269
7.17298 0.189146
7.18298 0.189023
7.19298 0.1889
7.20299 0.188778
7.21299 0.188656
7.223 0.188535
7.233 0.188414
7.24301 0.188293
7.25301 0.188173
7.26301 0.188053
7.27302 0.187933
7.28302 0.187814
7.29303 0.187694
7.30303 0.187576
7.31303 0.187457
7.32304 0.187339
7.33304 0.187221
7.34305 0.187104
7.35305 0.186987
7.36306 0.18687
7.37306 0.186754
7.38306 0.186637
7.39307 0.186522
7.40307 0.186406
7.41308 0.186291
7.42308 0.186176
7.43308 0.186061
7.44309 0.185947
7.45309 0.185833
7.4631 0.18572
7.4731 0.185606
7.48311 0.185493
7.49311 0.18538
7.50311 0.185268
7.51312 0.185156
7.52312 0.185044
7.53313 0.184932
7.54313 0.184821
7.55313 0.18471
7.56314 0.1846
7.57314 0.184489
7.58315 0.184379
7.59315 0.184269
7.60315 0.18416
7.61316 0.184051
7.62316 0.183942
7.63317 0.183833
7.64317 0.183725
7.65318 0.183617
7.66318 0.183509
7.67318 0.183401
7.68319 0.183294
7.69319 0.183187
7.7032 0.183081
7.7132 0.182974
7.7232 0.182868
7.73321 0.182762
7.74321 0.182657
7.75322 0.182551
7.76322 0.182446
7.77323 0.182341
7.78323 0.182237
7.79323 0.182133
7.80324 0.182029
7.81324 0.181925
7.82325 0.181821
7.83325 0.181718
7.84325 0.181615
7.85326 0.181513
7.86326 0.18141
7.87327 0.181308
7.88327 0.181206
7.89328 0.181105
7.90328 0.181003
7.91328 0.180902
7.92329 0.180801
7.93329 0.1807
7.9433 0.1806
7.9533 0.1805
7.9633 0.1804
7.97331 0.1803
7.98331 0.180201
7.99332 0.180102
8.00332 0.180003
8.01333 0.179904
8.02333 0.179806
8.03333 0.179708
8.04334 0.17961
8.05334 0.179512
8.06335 0.179414
8.07335 0.179317
8.08335 0.17922
8.09336 0.179123
8.10336 0.179027
8.11337 0.178931
8.12337 0.178834
8.13337 0.178739
8.14338 0.178643
8.15338 0.178548
8.16339 0.178452
8.17339 0.178358
8.1834 0.178263
8.1934 0.178168
8.2034 0.178074
8.21341 0.17798
8.22341 0.177886
8.23342 0.177793
8.24342 0.177699
8.25342 0.177606
8.26343 0.177513
8.27343 0.177421
8.28344 0.177328
8.29344 0.177236
8.30345 0.177144
8.31345 0.177052
8.32345 0.17696
8.33346 0.176869
8.34346 0.176778
8.35347 0.176687
8.36347 0.176596
8.37347 0.176505
8.38348 0.176415
8.39348 0.176325
8.40349 0.176235
8.41349 0.176145
8.4235 0.176056
8.4335 0.175966
8.4435 0.175877
8.45351 0.175788
8.46351 0.1757
8.47352 0.175611
8.48352 0.175523
8.49352 0.175435
8.50353 0.175347
8.51353 0.175259
8.52354 0.175172
8.53354 0.175084
8.54355 0.174997
8.55355 0.17491
8.56355 0.174824
8.57356 0.17474
8.58356 0.174656
8.59357 0.174562
8.60357 0.174453
8.61357 0.174339
8.62358 0.174225
8.63358 0.174111
8.64359 0.173998
8.65359 0.173885
8.66359 0.173772
8.6736 0.17366
8.6836 0.173548
8.69361 0.173436
8.70361 0.173325
8.71362 0.173214
8.72362 0.173103
8.73362 0.172992
8.74363 0.172882
8.75363 0.172772
8.76364 0.172663
8.77364 0.172553
8.78364 0.172444
8.79365 0.172335
8.80365 0.172227
8.81366 0.172119
8.82366 0.172011
8.83367 0.171903
8.84367 0.171796
8.85367 0.171689
8.86368 0.171582
8.87368 0.171476
8.88369 0.17137
8.89369 0.171264
8.90369 0.171159
8.9137 0.171053
8.9237 0.170948
8.93371 0.170843
8.94371 0.170739
8.95372 0.170635
8.96372 0.170531
8.97372 0.170427
8.98373 0.170324
8.99373 0.170221
9.00374 0.170118
9.01374 0.170016
9.02374 0.169913
9.03375 0.169811
9.04375 0.16971
9.05376 0.169608
9.06376 0.169507
9.07377 0.169406
9.08377 0.169305
9.09377 0.169205
9.10378 0.169105
9.11378 0.169005
9.12379 0.168905
9.13379 0.168806
9.14379 0.168706
9.1538 0.168607
9.1638 0.168509
9.17381 0.16841
9.18381 0.168312
9.19381 0.168214
9.20382 0.168117
9.21382 0.168019
9.22383 0.167922
9.23383 0.167825
9.24384 0.167729
9.25384 0.167632
9.26384 0.167536
9.27385 0.16744
9.28385 0.167344
9.29386 0.167249
9.30386 0.167154
9.31386 0.167059
9.32387 0.166964
9.33387 0.166869
9.34388 0.166775
9.35388 0.166681
9.36389 0.166587
9.37389 0.166494
9.38389 0.1664
9.3939 0.166307
9.4039 0.166214
9.41391 0.166122
9.42391 0.166029
9.43391 0.165937
9.44392 0.165845
9.45392 0.165753
9.46393 0.165662
9.47393 0.16557
9.48394 0.165479
9.49394 0.165388
9.50394 0.165298
9.51395 0.165207
9.52395 0.165117
9.53396 0.165027
9.54396 0.164937
9.55396 0.164848
9.56397 0.164758
9.57397 0.164669
9.58398 0.16458
9.59398 0.164492
9.60399 0.164403
9.61399 0.164315
9.62399 0.164227
9.634 0.164139
9.644 0.164051
9.65401 0.163964
9.66401 0.163876
9.67401 0.163789
9.68402 0.163703
9.69402 0.163616
9.70403 0.163529
9.71403 0.163443
9.72403 0.163357
9.73404 0.163271
9.74404 0.163186
9.75405 0.1631
9.76405 0.163015
9.77406 0.16293
9.78406 0.162845
9.79406 0.162761
9.80407 0.162676
9.81407 0.162592
9.82408 0.162508
9.83408 0.162424
9.84408 0.16234
9.85409 0.162257
9.86409 0.162174
9.8741 0.162091
9.8841 0.162008
9.89411 0.161925
9.90411 0.161842
9.91411 0.16176
9.92412 0.161678
9.93412 0.161596
9.94413 0.161514
9.95413 0.161433
9.96413 0.161351
9.97414 0.16127
9.98414 0.161189
9.99415 0.161108
10.0042 0.161028
10.0142 0.160947
10.0242 0.160867
10.0342 0.160787
10.0442 0.160707
10.0542 0.160627
10.0642 0.160547
10.0742 0.160468
10.0842 0.160389
10.0942 0.16031
10.1042 0.160231
10.1142 0.160152
10.1242 0.160074
10.1342 0.159995
10.1442 0.159917
10.1542 0.159839
10.1642 0.159761
10.1742 0.159684
10.1842 0.159606
10.1942 0.159529
10.2042 0.159452
10.2142 0.159375
10.2242 0.159298
10.2342 0.159221
10.2443 0.159145
10.2543 0.159069
10.2643 0.158993
10.2743 0.158917
10.2843 0.158841
10.2943 0.158765
10.3043 0.15869
10.3143 0.158614
10.3243 0.15854
10.3343 0.158466
10.3443 0.158392
10.3543 0.158312
10.3643 0.158223
10.3743 0.158138
10.3843 0.15811
10.3943 0.158191
10.4043 0.158248
10.4143 0.158219
10.4243 0.158188
10.4343 0.158181
10.4443 0.158192
10.4543 0.158214
10.4643 0.158259
10.4743 0.15832
10.4844 0.1584
10.4944 0.158553
10.5044 0.158673
10.5144 0.158815
10.5244 0.158977
10.5344 0.159154
10.5444 0.159353
10.5544 0.15957
10.5644 0.159802
10.5744 0.160187
10.5844 0.160468
10.5944 0.160773
10.6044 0.161096
10.6144 0.161438
10.6244 0.161799
10.6344 0.16218
10.6444 0.162583
10.6544 0.163233
10.6644 0.163691
10.6744 0.164169
10.6844 0.164677
10.6944 0.165208
10.7044 0.165756
10.7144 0.166331
10.7244 0.166937
10.7345 0.167893
10.7445 0.168561
10.7545 0.169256
10.7645 0.169985
10.7745 0.170753
10.7845 0.171541
10.7945 0.172344
10.8045 0.173653
10.8145 0.174666
10.8245 0.175459
10.8345 0.175851
10.8445 0.177654
10.8545 0.182067
10.8645 0.179403
10.8745 0.162979
10.8845 0.155511
10.8945 0.15544
10.9045 0.15537
10.9145 0.1553
10.9245 0.15523
10.9345 0.15516
10.9445 0.155091
10.9545 0.154952
10.9645 0.154883
10.9746 0.154813
10.9846 0.154745
10.9946 0.154676
11.0046 0.154607
11.0146 0.154539
11.0246 0.15447
11.0346 0.154402
11.0446 0.154334
11.0546 0.154266
11.0646 0.154198
11.0746 0.154131
11.0846 0.154063
11.0946 0.153996
11.1046 0.153928
11.1146 0.153861
11.1246 0.153794
11.1346 0.153727
11.1446 0.153661
11.1546 0.153594
11.1646 0.153528
11.1746 0.153461
11.1846 0.153395
11.1946 0.153329
11.2046 0.153263
11.2147 0.153198
11.2247 0.153132
11.2347 0.153066
11.2447 0.153001
11.2547 0.152936
11.2647 0.152871
11.2747 0.152806
11.2847 0.152741
11.2947 0.152676
11.3047 0.152612
11.3147 0.152547
11.3247 0.152483
11.3347 0.152419
11.3447 0.152355
11.3547 0.152291
11.3647 0.152227
11.3747 0.152163
11.3847 0.1521
11.3947 0.152036
11.4047 0.151973
11.4147 0.15191
11.4247 0.151847
11.4347 0.151784
11.4447 0.151721
11.4548 0.151658
11.4648 0.151596
11.4748 0.151533
11.4848 0.151471
11.4948 0.151409
11.5048 0.151347
11.5148 0.151285
11.5248 0.151223
11.5348 0.151161
11.5448 0.1511
11.5548 0.151038
11.5648 0.150977
11.5748 0.150916
11.5848 0.150855
11.5948 0.150794
11.6048 0.150733
11.6148 0.150672
11.6248 0.150611
11.6348 0.150551
11.6448 0.15049
11.6548 0.15043
11.6648 0.15037
11.6748 0.15031
11.6848 0.15025
11.6949 0.150191
11.7049 0.150131
11.7149 0.15007
11.7249 0.150006
11.7349 0.149945
11.7449 0.149906
11.7549 0.149898
11.7649 0.149901
11.7749 0.149905
11.7849 0.149908
11.7949 0.149912
11.8049 0.149915
11.8149 0.149919
11.8249 0.149923
11.8349 0.149926
11.8449 0.14993
11.8549 0.149933
11.8649 0.149937
11.8749 0.14994
11.8849 0.149944
11.8949 0.149948
11.9049 0.149951
11.9149 0.149955
11.9249 0.149958
11.935 0.149962
11.945 0.149965
11.955 0.149969
11.965 0.149972
11.975 0.149976
11.985 0.149979
11.995 0.149983
12.005 0.149987
12.015 0.14999
12.025 0.149994
12.035 0.149997
12.045 0.150001
12.055 0.150004
12.065 0.150008
12.075 0.150011
12.085 0.150015
12.095 0.150018
12.105 0.150022
12.115 0.150025
12.125 0.150029
12.135 0.150032
12.145 0.150036
12.155 0.150039
12.165 0.150043
12.1751 0.150046
12.1851 0.15005
12.1951 0.150053
12.2051 0.150057
12.2151 0.15006
12.2251 0.150064
12.2351 0.150067
12.2451 0.150071
12.2551 0.150074
12.2651 0.150078
12.2751 0.150081
12.2851 0.150085
12.2951 0.150088
12.3051 0.150092
12.3151 0.150095
12.3251 0.150099
12.3351 0.150102
12.3451 0.150106
12.3551 0.150109
12.3651 0.150113
12.3751 0.150116
12.3851 0.15012
12.3951 0.150123
12.4051 0.150127
12.4152 0.15013
12.4252 0.150134
12.4352 0.150137
12.4452 0.150141
12.4552 0.150144
12.4652 0.150148
12.4752 0.150151
12.4852 0.150154
12.4952 0.150158
12.5052 0.150161
12.5152 0.150165
12.5252 0.150168
12.5352 0.150172
12.5452 0.150175
12.5552 0.150179
12.5652 0.150182
12.5752 0.150185
12.5852 0.150189
12.5952 0.150192
12.6052 0.150196
12.6152 0.150199
12.6252 0.150203
12.6352 0.150206
12.6452 0.15021
12.6553 0.150213
12.6653 0.150216
12.6753 0.15022
12.6853 0.150223
12.6953 0.150227
12.7053 0.15023
12.7153 0.150234
12.7253 0.150237
12.7353 0.15024
12.7453 0.150244
12.7553 0.150247
12.7653 0.150251
12.7753 0.150254
12.7853 0.150257
12.7953 0.150261
12.8053 0.150264
12.8153 0.150268
12.8253 0.150271
12.8353 0.150274
12.8453 0.150278
12.8553 0.150281
12.8653 0.150285
12.8753 0.150288
12.8853 0.150291
12.8954 0.150295
12.9054 0.150298
12.9154 0.150302
12.9254 0.150305
12.9354 0.150308
12.9454 0.150312
12.9554 0.150315
12.9654 0.150319
12.9754 0.150322
12.9854 0.150325
12.9954 0.150329
13.0054 0.150332
13.0154 0.150335
13.0254 0.150339
13.0354 0.150342
13.0454 0.150345
13.0554 0.150349
13.0654 0.150352
13.0754 0.150356
13.0854 0.150359
13.0954 0.150362
13.1054 0.150366
13.1154 0.150369
13.1254 0.150372
13.1355 0.150376
13.1455 0.150379
13.1555 0.150382
13.1655 0.150386
13.1755 0.150389
13.1855 0.150392
13.1955 0.150396
13.2055 0.150399
13.2155 0.150402
13.2255 0.150406
13.2355 0.150409
13.2455 0.150412
13.2555 0.150416
13.2655 0.150419
13.2755 0.150422
13.2855 0.150426
13.2955 0.150429
13.3055 0.150432
13.3155 0.150436
13.3255 0.150439
13.3355 0.150442
13.3455 0.150446
13.3555 0.150449
13.3655 0.150452
13.3756 0.150456
13.3856 0.150459
13.3956 0.150462
13.4056 0.150466
13.4156 0.150469
13.4256 0.150472
13.4356 0.150476
13.4456 0.150479
13.4556 0.150482
13.4656 0.150485
13.4756 0.150489
13.4856 0.150492
13.4956 0.150495
13.5056 0.150499
13.5156 0.150502
13.5256 0.150505
13.5356 0.150509
13.5456 0.150512
13.5556 0.150515
13.5656 0.150518
13.5756 0.150522
13.5856 0.150525
13.5956 0.150528
13.6056 0.150532
13.6156 0.150535
13.6257 0.150538
13.6357 0.150541
13.6457 0.150545
13.6557 0.150548
13.6657 0.150551
13.6757 0.150554
13.6857 0.150558
13.6957 0.150561
13.7057 0.150564
13.7157 0.150567
13.7257 0.150571
13.7357 0.150574
13.7457 0.150577
13.7557 0.15058
13.7657 0.150584
13.7757 0.150587
13.7857 0.15059
13.7957 0.150594
13.8057 0.150597
13.8157 0.1506
13.8257 0.150603
13.8357 0.150606
13.8457 0.15061
13.8557 0.150613
13.8658 0.150616
13.8758 0.150619
13.8858 0.150623
13.8958 0.150626
13.9058 0.150629
13.9158 0.150632
13.9258 0.150636
13.9358 0.150639
13.9458 0.150642
13.9558 0.150645
13.9658 0.150649
13.9758 0.150652
13.9858 0.150655
13.9958 0.150658
14.0058 0.150661
14.0158 0.150665
14.0258 0.150668
14.0358 0.150671
14.0458 0.150674
14.0558 0.150677
14.0658 0.150681
14.0758 0.150684
14.0858 0.150687
14.0958 0.15069
14.1059 0.150693
14.1159 0.150697
14.1259 0.1507
14.1359 0.150703
14.1459 0.150706
14.1559 0.150709
14.1659 0.150713
14.1759 0.150716
14.1859 0.150719
14.1959 0.150722
14.2059 0.150725
14.2159 0.150729
14.2259 0.150732
14.2359 0.150735
14.2459 0.150738
14.2559 0.150741
14.2659 0.150744
14.2759 0.150748
14.2859 0.150751
14.2959 0.150754
14.3059 0.150757
14.3159 0.15076
14.3259 0.150764
14.3359 0.150767
14.346 0.15077
14.356 0.150773
14.366 0.150776
14.376 0.150779
14.386 0.150782
14.396 0.150786
14.406 0.150789
14.416 0.150792
14.426 0.150795
14.436 0.150798
14.446 0.150801
14.456 0.150805
14.466 0.150808
14.476 0.150811
14.486 0.150814
14.496 0.150817
14.506 0.15082
14.516 0.150823
14.526 0.150827
14.536 0.15083
14.546 0.150832
14.556 0.150836
14.566 0.150841
14.576 0.150848
14.5861 0.15085
14.5961 0.150831
14.6061 0.150788
14.6161 0.150794
14.6261 0.151038
14.6361 0.151593
14.6461 0.151676
14.6561 0.149063
14.6661 0.142709
14.6761 0.140872
14.6861 0.166559
14.6961 0.262438
14.7061 0.468953
14.7161 0.627382
14.7261 0.654294
14.7361 0.655872
14.7461 0.656286
14.7561 0.656655
14.7661 0.656936
14.7761 0.657071
14.7861 0.657136
14.7961 0.657199
14.8061 0.657261
14.8161 0.657322
14.8262 0.657384
14.8362 0.657445
14.8462 0.657505
14.8562 0.657566
14.8662 0.657626
14.8762 0.657686
14.8862 0.657745
14.8962 0.657804
14.9062 0.657864
14.9162 0.657922
14.9262 0.657981
14.9362 0.658039
14.9462 0.658098
14.9562 0.658155
14.9662 0.658213
14.9762 0.658271
14.9862 0.658328
14.9962 0.658386
15.0062 0.658443
15.0162 0.6585
15.0262 0.658557
15.0362 0.658613
15.0462 0.65867
15.0562 0.658726
15.0663 0.658783
15.0763 0.658839
15.0863 0.658895
15.0963 0.658951
15.1063 0.659007
15.1163 0.659062
15.1263 0.659118
15.1363 0.659174
15.1463 0.659229
15.1563 0.659285
15.1663 0.65934
15.1763 0.659395
15.1863 0.65945
15.1963 0.659505
15.2063 0.65956
15.2163 0.659615
15.2263 0.65967
15.2363 0.659725
15.2463 0.659779
15.2563 0.659834
15.2663 0.659888
15.2763 0.659943
15.2863 0.659997
15.2963 0.660052
15.3064 0.660106
15.3164 0.66016
15.3264 0.660214
15.3364 0.660268
15.3464 0.660322
15.3564 0.660376
15.3664 0.66043
15.3764 0.660484
15.3864 0.660537
15.3964 0.660591
15.4064 0.660645
15.4164 0.660698
15.4264 0.660752
15.4364 0.660805
15.4464 0.660859
15.4564 0.660912
15.4664 0.660965
15.4764 0.661018
15.4864 0.661072
15.4964 0.661125
15.5064 0.661178
15.5164 0.661231
15.5264 0.661284
15.5364 0.661336
15.5465 0.661389
15.5565 0.661442
15.5665 0.661495
15.5765 0.661547
15.5865 0.6616
15.5965 0.661652
15.6065 0.661705
15.6165 0.661757
15.6265 0.66181
15.6365 0.661862
15.6465 0.661914
15.6565 0.661966
15.6665 0.662019
15.6765 0.662071
15.6865 0.662123
15.6965 0.662175
15.7065 0.662227
15.7165 0.662278
15.7265 0.66233
15.7365 0.662382
15.7465 0.662434
15.7565 0.662485
15.7665 0.662537
15.7765 0.662589
15.7866 0.66264
15.7966 0.662692
15.8066 0.662743
15.8166 0.662795
15.8266 0.662846
15.8366 0.662897
15.8466 0.662949
15.8566 0.663
15.8666 0.663051
15.8766 0.663102
15.8866 0.663153
15.8966 0.663204
15.9066 0.663255
15.9166 0.663306
15.9266 0.663357
15.9366 0.663408
15.9466 0.663459
15.9566 0.66351
15.9666 0.663561
15.9766 0.663611
15.9866 0.663662
15.9966 0.663713
16.0066 0.663763
16.0166 0.663814
16.0267 0.663865
16.0367 0.663915
16.0467 0.663966
16.0567 0.664016
16.0667 0.664067
16.0767 0.664117
16.0867 0.664167
16.0967 0.664218
16.1067 0.664268
16.1167 0.664318
16.1267 0.664369
16.1367 0.664419
16.1467 0.664469
16.1567 0.664519
16.1667 0.664569
16.1767 0.664619
16.1867 0.664669
16.1967 0.664719
16.2067 0.664769
16.2167 0.664819
16.2267 0.664869
16.2367 0.664919
16.2467 0.664969
16.2567 0.665019
16.2667 0.665069
16.2768 0.665119
16.2868 0.665168
16.2968 0.665218
16.3068 0.665268
16.3168 0.665318
16.3268 0.665367
16.3368 0.665417
16.3468 0.665466
16.3568 0.665516
16.3668 0.665565
16.3768 0.665615
16.3868 0.665664
16.3968 0.665714
16.4068 0.665763
16.4168 0.665812
16.4268 0.665862
16.4368 0.665911
16.4468 0.66596
16.4568 0.666009
16.4668 0.666058
16.4768 0.666107
16.4868 0.666156
16.4968 0.666205
16.5068 0.666254
16.5169 0.666303
16.5269 0.666352
16.5369 0.666401
16.5469 0.666449
16.5569 0.666498
16.5669 0.666547
16.5769 0.666595
16.5869 0.666644
16.5969 0.666692
16.6069 0.66674
16.6169 0.666789
16.6269 0.666837
16.6369 0.666885
16.6469 0.666933
16.6569 0.666981
16.6669 0.667029
16.6769 0.667077
16.6869 0.667125
16.6969 0.667172
16.7069 0.66722
16.7169 0.667268
16.7269 0.667315
16.7369 0.667362
16.7469 0.66741
16.757 0.667457
16.767 0.667504
16.777 0.667552
16.787 0.667599
16.797 0.667646
16.807 0.667693
16.817 0.667739
16.827 0.667786
16.837 0.667833
16.847 0.667879
16.857 0.667926
16.867 0.667972
16.877 0.668018
16.887 0.668065
16.897 0.668111
16.907 0.668157
16.917 0.668203
16.927 0.668248
16.937 0.668294
16.947 0.66834
16.957 0.668385
16.967 0.66843
16.977 0.668476
16.987 0.668521
16.9971 0.668566
17.0071 0.66861
17.0171 0.668655
17.0271 0.6687
17.0371 0.668744
17.0471 0.668788
17.0571 0.668832
17.0671 0.668876
17.0771 0.66892
17.0871 0.668963
17.0971 0.669007
17.1071 0.66905
17.1171 0.669093
17.1271 0.669136
17.1371 0.669179
17.1471 0.669221
17.1571 0.669264
17.1671 0.669306
17.1771 0.669348
17.1871 0.66939
17.1971 0.669432
17.2071 0.669473
17.2171 0.669514
17.2271 0.669555
17.2372 0.669596
17.2472 0.669637
17.2572 0.669677
17.2672 0.669718
17.2772 0.669758
17.2872 0.669798
17.2972 0.669837
17.3072 0.669877
17.3172 0.669916
17.3272 0.669955
17.3372 0.669994
17.3472 0.670033
17.3572 0.670072
17.3672 0.67011
17.3772 0.670148
17.3872 0.670186
17.3972 0.670224
17.4072 0.670262
17.4172 0.670299
17.4272 0.670337
17.4372 0.670374
17.4472 0.670411
17.4572 0.670448
17.4672 0.670484
17.4773 0.670521
17.4873 0.670557
17.4973 0.670594
17.5073 0.67063
17.5173 0.670666
17.5273 0.670702
17.5373 0.670738
17.5473 0.670774
17.5573 0.670809
17.5673 0.670845
17.5773 0.67088
17.5873 0.670916
17.5973 0.670951
17.6073 0.670987
17.6173 0.671022
17.6273 0.671057
17.6373 0.671093
17.6473 0.671128
17.6573 0.671163
17.6673 0.671198
17.6773 0.671234
17.6873 0.671269
17.6973 0.671304
17.7073 0.67134
17.7174 0.671375
17.7274 0.67141
17.7374 0.671446
17.7474 0.671481
17.7574 0.671517
17.7674 0.671552
17.7774 0.671588
17.7874 0.671624
17.7974 0.67166
17.8074 0.671695
17.8174 0.671731
17.8274 0.671767
17.8374 0.671804
17.8474 0.67184
17.8574 0.671876
17.8674 0.671912
17.8774 0.671949
17.8874 0.671985
17.8974 0.672022
17.9074 0.672058
17.9174 0.672095
17.9274 0.672132
17.9374 0.672169
17.9474 0.672206
17.9575 0.672242
17.9675 0.672279
17.9775 0.672316
17.9875 0.672353
17.9975 0.67239
18.0075 0.672427
18.0175 0.672464
18.0275 0.672501
18.0375 0.672538
18.0475 0.672575
18.0575 0.672612
18.0675 0.672649
18.0775 0.672686
18.0875 0.672722
18.0975 0.672759
18.1075 0.672796
18.1175 0.672832
18.1275 0.672869
18.1375 0.672905
18.1475 0.672941
18.1575 0.672977
18.1675 0.673013
18.1775 0.673049
18.1875 0.673084
18.1976 0.67312
18.2076 0.673155
18.2176 0.67319
18.2276 0.673225
18.2376 0.67326
18.2476 0.673294
18.2576 0.673328
18.2676 0.673362
18.2776 0.673396
18.2876 0.67343
18.2976 0.673463
18.3076 0.673496
18.3176 0.673529
18.3276 0.673561
18.3376 0.673594
18.3476 0.673626
18.3576 0.673657
18.3676 0.673689
18.3776 0.67372
18.3876 0.673751
18.3976 0.673782
18.4076 0.673812
18.4176 0.673842
18.4276 0.673872
18.4377 0.673901
18.4477 0.67393
18.4577 0.673959
18.4677 0.673988
18.4777 0.674016
18.4877 0.674044
18.4977 0.674072
18.5077 0.6741
18.5177 0.674127
18.5277 0.674154
18.5377 0.67418
18.5477 0.674207
18.5577 0.674233
18.5677 0.674258
18.5777 0.674284
18.5877 0.674309
18.5977 0.674334
18.6077 0.674358
18.6177 0.674383
18.6277 0.674407
18.6377 0.67443
18.6477 0.674454
18.6577 0.674477
18.6677 0.6745
18.6778 0.674523
18.6878 0.674545
18.6978 0.674567
18.7078 0.674589
18.7178 0.67461
18.7278 0.674632
18.7378 0.674653
18.7478 0.674673
18.7578 0.674694
18.7678 0.674714
18.7778 0.674734
18.7878 0.674753
18.7978 0.674773
18.8078 0.674792
18.8178 0.674811
18.8278 0.674829
18.8378 0.674848
18.8478 0.674866
18.8578 0.674884
18.8678 0.674901
18.8778 0.674918
18.8878 0.674935
18.8978 0.674952
18.9078 0.674969
18.9178 0.674985
18.9279 0.675001
18.9379 0.675016
18.9479 0.675032
18.9579 0.675047
18.9679 0.675062
18.9779 0.675076
18.9879 0.675091
18.9979 0.675105
19.0079 0.675119
19.0179 0.675132
19.0279 0.675146
19.0379 0.675159
19.0479 0.675171
19.0579 0.675184
19.0679 0.675196
19.0779 0.675208
19.0879 0.675219
19.0979 0.675231
19.1079 0.675242
19.1179 0.675252
19.1279 0.675263
19.1379 0.675273
19.1479 0.675283
19.1579 0.675293
19.168 0.675302
19.178 0.675311
19.188 0.675319
19.198 0.675328
19.208 0.675336
19.218 0.675344
19.228 0.675351
19.238 0.675358
19.248 0.675365
19.258 0.675372
19.268 0.675378
19.278 0.675384
19.288 0.675389
19.298 0.675394
19.308 0.675399
19.318 0.675403
19.328 0.675408
19.338 0.675411
19.348 0.675415
19.358 0.675418
19.368 0.67542
19.378 0.675423
19.388 0.675424
19.398 0.675426
19.4081 0.675427
19.4181 0.675428
19.4281 0.675428
19.4381 0.675428
19.4481 0.675427
19.4581 0.675426
19.4681 0.675425
19.4781 0.675423
19.4881 0.675421
19.4981 0.675418
19.5081 0.675415
19.5181 0.675411
19.5281 0.675406
19.5381 0.675402
19.5481 0.675396
19.5581 0.675391
19.5681 0.675384
19.5781 0.675377
19.5881 0.67537
19.5981 0.675362
19.6081 0.675353
19.6181 0.675344
19.6281 0.675334
19.6381 0.675324
19.6482 0.675313
19.6582 0.675301
19.6682 0.675289
19.6782 0.675276
19.6882 0.675262
19.6982 0.675247
19.7082 0.675232
19.7182 0.675216
19.7282 0.675199
19.7382 0.675182
19.7482 0.675163
19.7582 0.675144
19.7682 0.675124
19.7782 0.675102
19.7882 0.67508
19.7982 0.675057
19.8082 0.675033
19.8182 0.675008
19.8282 0.674982
19.8382 0.674955
19.8482 0.674927
19.8582 0.674897
19.8682 0.674867
19.8782 0.674835
19.8883 0.674802
19.8983 0.674768
19.9083 0.674732
19.9183 0.674695
19.9283 0.674657
19.9383 0.674617
19.9483 0.674576
19.9583 0.674533
19.9683 0.674488
19.9783 0.674443
19.9883 0.674395
19.9983 0.674346
20.0083 0.674295
20.0183 0.674242
20.0283 0.674188
20.0383 0.674132
20.0483 0.674074
20.0583 0.674014
20.0683 0.673952
20.0783 0.673888
20.0883 0.673822
20.0983 0.673755
20.1083 0.673685
20.1183 0.673613
20.1284 0.673539
20.1384 0.673463
20.1484 0.673385
20.1584 0.673305
20.1684 0.673222
20.1784 0.673138
20.1884 0.673051
20.1984 0.672962
20.2084 0.672871
20.2184 0.672777
20.2284 0.672682
20.2384 0.672584
20.2484 0.672485
20.2584 0.672383
20.2684 0.672279
20.2784 0.672173
20.2884 0.672065
20.2984 0.671955
20.3084 0.671843
20.3184 0.671729
20.3284 0.671613
20.3384 0.671495
20.3484 0.671376
20.3584 0.671255
20.3685 0.671132
20.3785 0.671008
20.3885 0.670883
20.3985 0.670756
20.4085 0.670628
20.4185 0.670498
20.4285 0.670368
20.4385 0.670236
20.4485 0.670103
20.4585 0.66997
20.4685 0.669836
20.4785 0.669702
20.4885 0.669567
20.4985 0.669432
20.5085 0.669296
20.5185 0.669161
20.5285 0.669025
20.5385 0.66889
20.5485 0.668755
20.5585 0.66862
20.5685 0.668487
20.5785 0.668353
20.5885 0.668221
20.5985 0.66809
20.6086 0.66796
20.6186 0.667831
20.6286 0.667704
20.6386 0.667579
20.6486 0.667455
20.6586 0.667333
20.6686 0.667213
20.6786 0.667096
20.6886 0.66698
20.6986 0.666868
20.7086 0.666758
20.7186 0.66665
20.7286 0.666546
20.7386 0.666445
20.7486 0.666346
20.7586 0.666251
20.7686 0.66616
20.7786 0.666072
20.7886 0.665988
20.7986 0.665907
20.8086 0.66583
20.8186 0.665757
20.8286 0.665689
20.8386 0.665624
20.8487 0.665564
20.8587 0.665507
20.8687 0.665455
20.8787 0.665408
20.8887 0.665365
20.8987 0.665326
20.9087 0.665292
20.9187 0.665263
20.9287 0.665238
20.9387 0.665218
20.9487 0.665202
20.9587 0.665191
20.9687 0.665185
20.9787 0.665183
20.9887 0.665186
20.9987 0.665193
21.0087 0.665205
21.0187 0.665222
21.0287 0.665243
21.0387 0.665268
21.0487 0.665298
21.0587 0.665333
21.0687 0.665372
21.0787 0.665415
21.0888 0.665463
21.0988 0.665515
21.1088 0.665571
21.1188 0.665632
21.1288 0.665696
21.1388 0.665765
21.1488 0.665838
21.1588 0.665915
21.1688 0.665997
21.1788 0.666082
21.1888 0.666172
21.1988 0.666265
21.2088 0.666363
21.2188 0.666465
21.2288 0.66657
21.2388 0.66668
21.2488 0.666794
21.2588 0.666912
21.2688 0.667035
21.2788 0.667161
21.2888 0.667292
21.2988 0.667427
21.3088 0.667566
21.3188 0.667709
21.3289 0.667857
21.3389 0.668009
21.3489 0.668165
21.3589 0.668326
21.3689 0.668491
21.3789 0.66866
21.3889 0.668833
21.3989 0.669011
21.4089 0.669194
21.4189 0.66938
21.4289 0.669571
21.4389 0.669765
21.4489 0.669964
21.4589 0.670167
21.4689 0.670373
21.4789 0.670583
21.4889 0.670797
21.4989 0.671015
21.5089 0.671235
21.5189 0.671458
21.5289 0.671685
21.5389 0.671914
21.5489 0.672145
21.5589 0.672378
21.5689 0.672613
21.579 0.67285
21.589 0.673088
21.599 0.673327
21.609 0.673566
21.619 0.673806
21.629 0.674045
21.639 0.674285
21.649 0.674523
21.659 0.674761
21.669 0.674997
21.679 0.675231
21.689 0.675463
21.699 0.675693
21.709 0.67592
21.719 0.676144
21.729 0.676365
21.739 0.676582
21.749 0.676796
21.759 0.677005
21.769 0.677211
21.779 0.677411
21.789 0.677608
21.799 0.677799
21.809 0.677986
21.8191 0.678167
21.8291 0.678344
21.8391 0.678515
21.8491 0.678681
21.8591 0.678842
21.8691 0.678998
21.8791 0.679148
21.8891 0.679293
21.8991 0.679433
21.9091 0.679567
21.9191 0.679697
21.9291 0.679821
21.9391 0.679941
21.9491 0.680056
21.9591 0.680166
21.9691 0.680271
21.9791 0.680372
21.9891 0.680469
21.9991 0.680561
22.0091 0.68065
22.0191 0.680735
22.0291 0.680816
22.0391 0.680893
22.0491 0.680967
22.0592 0.681038
22.0692 0.681105
22.0792 0.68117
22.0892 0.681232
22.0992 0.681291
22.1092 0.681348
22.1192 0.681402
22.1292 0.681454
22.1392 0.681504
22.1492 0.681552
22.1592 0.681598
22.1692 0.681643
22.1792 0.681686
22.1892 0.681727
22.1992 0.681767
22.2092 0.681806
22.2192 0.681843
22.2292 0.681879
22.2392 0.681915
22.2492 0.681949
22.2592 0.681983
22.2692 0.682015
22.2792 0.682047
22.2892 0.682079
22.2993 0.682109
22.3093 0.68214
22.3193 0.682169
22.3293 0.682198
22.3393 0.682227
22.3493 0.682255
22.3593 0.682283
22.3693 0.682311
22.3793 0.682338
22.3893 0.682365
22.3993 0.682392
22.4093 0.682418
22.4193 0.682445
22.4293 0.682471
22.4393 0.682497
22.4493 0.682523
22.4593 0.682549
22.4693 0.682574
22.4793 0.6826
22.4893 0.682625
22.4993 0.68265
22.5093 0.682675
22.5193 0.6827
22.5293 0.682725
22.5394 0.68275
22.5494 0.682775
22.5594 0.6828
22.5694 0.682825
22.5794 0.682849
22.5894 0.682874
22.5994 0.682898
22.6094 0.682923
22.6194 0.682947
22.6294 0.682972
22.6394 0.682996
22.6494 0.683021
22.6594 0.683045
22.6694 0.683069
22.6794 0.683094
22.6894 0.683118
22.6994 0.683142
22.7094 0.683166
22.7194 0.68319
22.7294 0.683215
22.7394 0.683239
22.7494 0.683263
22.7594 0.683287
22.7694 0.683311
22.7795 0.683335
22.7895 0.683359
22.7995 0.683383
22.8095 0.683407
22.8195 0.683432
22.8295 0.683456
22.8395 0.68348
22.8495 0.683504
22.8595 0.683528
22.8695 0.683552
22.8795 0.683576
22.8895 0.6836
22.8995 0.683624
22.9095 0.683648
22.9195 0.683672
22.9295 0.683696
22.9395 0.68372
22.9495 0.683744
22.9595 0.683768
22.9695 0.683792
22.9795 0.683816
22.9895 0.68384
22.9995 0.683864
23.0095 0.683888
23.0196 0.683912
23.0296 0.683936
23.0396 0.68396
23.0496 0.683984
23.0596 0.684008
23.0696 0.684032
23.0796 0.684056
23.0896 0.68408
23.0996 0.684104
23.1096 0.684128
23.1196 0.684152
23.1296 0.684177
23.1396 0.684201
23.1496 0.684225
23.1596 0.684249
23.1696 0.684273
23.1796 0.684297
23.1896 0.684322
23.1996 0.684346
23.2096 0.68437
23.2196 0.684394
23.2296 0.684419
23.2396 0.684443
23.2496 0.684467
23.2597 0.684491
23.2697 0.684516
23.2797 0.68454
23.2897 0.684565
23.2997 0.684589
23.3097 0.684613
23.3197 0.684638
23.3297 0.684662
23.3397 0.684687
23.3497 0.684712
23.3597 0.684736
23.3697 0.684761
23.3797 0.684785
23.3897 0.68481
23.3997 0.684835
23.4097 0.68486
23.4197 0.684884
23.4297 0.684909
23.4397 0.684934
23.4497 0.684959
23.4597 0.684984
23.4697 0.685009
23.4797 0.685034
23.4897 0.685059
23.4998 0.685084
23.5098 0.685109
23.5198 0.685135
23.5298 0.68516
23.5398 0.685185
23.5498 0.68521
23.5598 0.685236
23.5698 0.685261
23.5798 0.685287
23.5898 0.685312
23.5998 0.685338
23.6098 0.685363
23.6198 0.685389
23.6298 0.685415
23.6398 0.685441
23.6498 0.685466
23.6598 0.685492
23.6698 0.685518
23.6798 0.685544
23.6898 0.68557
23.6998 0.685596
23.7098 0.685622
23.7198 0.685648
23.7298 0.685675
23.7399 0.685701
23.7499 0.685727
23.7599 0.685753
23.7699 0.68578
23.7799 0.685806
23.7899 0.685833
23.7999 0.685859
23.8099 0.685886
23.8199 0.685912
23.8299 0.685939
23.8399 0.685966
23.8499 0.685992
23.8599 0.686019
23.8699 0.686046
23.8799 0.686073
23.8899 0.6861
23.8999 0.686127
23.9099 0.686154
23.9199 0.686181
23.9299 0.686208
23.9399 0.686235
23.9499 0.686262
23.9599 0.686289
23.9699 0.686316
23.98 0.686343
23.99 0.68637
24 0.686397
24.01 0.686425
24.02 0.686452
24.03 0.686479
24.04 0.686507
24.05 0.686534
24.06 0.686561
24.07 0.686588
24.08 0.686616
24.09 0.686643
24.1 0.686674
