0	0.72865
0.0100042	0.729043
0.0200083	0.729845
0.0300125	0.7306319999999999
0.0400166	0.731421
0.0500208	0.7322109999999999
0.0600249	0.733004
0.0700291	0.733799
0.0800332	0.734596
0.0900374	0.735394
0.100042	0.736195
0.110046	0.736997
0.12005	0.737801
0.130054	0.738608
0.140058	0.739416
0.150062	0.7402260000000001
0.160066	0.741038
0.170071	0.741853
0.180075	0.742669
0.190079	0.743487
0.200083	0.7443070000000001
0.210087	0.74513
0.220091	0.745954
0.230095	0.74678
0.2401	0.747609
0.250104	0.748439
0.260108	0.749272
0.270112	0.7501060000000001
0.280116	0.750943
0.29012	0.751782
0.300125	0.752622
0.310129	0.7534650000000001
0.320133	0.75431
0.330137	0.755158
0.340141	0.756007
0.350145	0.7568589999999999
0.360149	0.7577120000000001
0.370154	0.758568
0.380158	0.759426
0.390162	0.760286
0.400166	0.761149
0.41017	0.7620130000000001
0.420174	0.76288
0.430178	0.763749
0.440183	0.76462
0.450187	0.765494
0.460191	0.766369
0.470195	0.767247
0.480199	0.768128
0.490203	0.76901
0.500208	0.769895
0.510212	0.770782
0.520216	0.771672
0.53022	0.772564
0.540224	0.773458
0.5502280000000001	0.774354
0.560232	0.775253
0.570237	0.776154
0.580241	0.777058
0.590245	0.777964
0.600249	0.778872
0.610253	0.779783
0.6202569999999999	0.7806959999999999
0.630262	0.781612
0.640266	0.7825299999999999
0.65027	0.78345
0.660274	0.784373
0.670278	0.785299
0.6802820000000001	0.786227
0.690286	0.787157
0.700291	0.78809
0.710295	0.789026
0.720299	0.789964
0.730303	0.7909040000000001
0.740307	0.791847
0.750311	0.792793
0.760315	0.793741
0.77032	0.794692
0.780324	0.795646
0.790328	0.796602
0.800332	0.797561
0.8103359999999999	0.798522
0.82034	0.799486
0.830345	0.800453
0.840349	0.801422
0.850353	0.8023940000000001
0.860357	0.803369
0.8703610000000001	0.804347
0.880365	0.805327
0.890369	0.80631
0.900374	0.807296
0.910378	0.808285
0.920382	0.809276
0.930386	0.81027
0.9403899999999999	0.811267
0.950394	0.812267
0.960399	0.81327
0.970403	0.814275
0.980407	0.815284
0.990411	0.816295
1.00042	0.817309
1.01042	0.818326
1.02042	0.819347
1.03043	0.82037
1.04043	0.821396
1.05044	0.822425
1.06044	0.823457
1.07044	0.824492
1.08045	0.82553
1.09045	0.8265709999999999
1.10046	0.827615
1.11046	0.828662
1.12046	0.829712
1.13047	0.830766
1.14047	0.831822
1.15048	0.832882
1.16048	0.833945
1.17049	0.8350109999999999
1.18049	0.83608
1.19049	0.837153
1.2005	0.838228
1.2105	0.839307
1.22051	0.8403890000000001
1.23051	0.841475
1.24051	0.842563
1.25052	0.843655
1.26052	0.844751
1.27053	0.845849
1.28053	0.846952
1.29054	0.8480569999999999
1.30054	0.849166
1.31054	0.850278
1.32055	0.851394
1.33055	0.852513
1.34056	0.853636
1.35056	0.854762
1.36056	0.855892
1.37057	0.857025
1.38057	0.858162
1.39058	0.859302
1.40058	0.860446
1.41059	0.861594
1.42059	0.862745
1.43059	0.8639
1.4406	0.865058
1.4506	0.866221
1.46061	0.867387
1.47061	0.868556
1.48061	0.86973
1.49062	0.870907
1.50062	0.872088
1.51063	0.873273
1.52063	0.874462
1.53064	0.875655
1.54064	0.876851
1.55064	0.8780520000000001
1.56065	0.879256
1.57065	0.8804650000000001
1.58066	0.881677
1.59066	0.882894
1.60066	0.884114
1.61067	0.885339
1.62067	0.886568
1.63068	0.887801
1.64068	0.889038
1.65068	0.890279
1.66069	0.891524
1.67069	0.892774
1.6807	0.894027
1.6907	0.895286
1.70071	0.896548
1.71071	0.897815
1.72071	0.8990860000000001
1.73072	0.900361
1.74072	0.901641
1.75073	0.902925
1.76073	0.904214
1.77073	0.905508
1.78074	0.906805
1.79074	0.908108
1.80075	0.909415
1.81075	0.910726
1.82076	0.912043
1.83076	0.913364
1.84076	0.914689
1.85077	0.9166339999999999
1.86077	0.918329
1.87078	0.91879
1.88078	0.9191859999999999
1.89078	0.91958
1.90079	0.919973
1.91079	0.920367
1.9208	0.920762
1.9308	0.921157
1.94081	0.921552
1.95081	0.921948
1.96081	0.9223440000000001
1.97082	0.92274
1.98082	0.923137
1.99083	0.923535
2.00083	0.923933
2.01083	0.924331
2.02084	0.9247300000000001
2.03084	0.925129
2.04085	0.925528
2.05085	0.925928
2.06086	0.926329
2.07086	0.9267300000000001
2.08086	0.927131
2.09087	0.9275330000000001
2.10087	0.927935
2.11088	0.928337
2.12088	0.92874
2.13088	0.929144
2.14089	0.929548
2.15089	0.929952
2.1609	0.930357
2.1709	0.930762
2.1809	0.931168
2.19091	0.931574
2.20091	0.93198
2.21092	0.932387
2.22092	0.932795
2.23093	0.933203
2.24093	0.933611
2.25093	0.93402
2.26094	0.934429
2.27094	0.934839
2.28095	0.935249
2.29095	0.935659
2.30095	0.936071
2.31096	0.936482
2.32096	0.936894
2.33097	0.937306
2.34097	0.937719
2.35098	0.938133
2.36098	0.938546
2.37098	0.938961
2.38099	0.939375
2.39099	0.939791
2.401	0.940206
2.411	0.940622
2.421	0.941039
2.43101	0.941456
2.44101	0.941873
2.45102	0.942291
2.46102	0.94271
2.47103	0.943129
2.48103	0.9435480000000001
2.49103	0.943968
2.50104	0.944388
2.51104	0.944809
2.52105	0.94523
2.53105	0.945652
2.54105	0.946074
2.55106	0.946497
2.56106	0.94692
2.57107	0.947344
2.58107	0.9477680000000001
2.59108	0.948193
2.60108	0.948618
2.61108	0.949044
2.62109	0.94947
2.63109	0.949896
2.6411	0.950323
2.6511	0.950751
2.6611	0.951179
2.67111	0.951607
2.68111	0.952036
2.69112	0.952466
2.70112	0.952896
2.71112	0.953327
2.72113	0.953758
2.73113	0.954189
2.74114	0.9546210000000001
2.75114	0.955054
2.76115	0.955487
2.77115	0.95592
2.78115	0.956354
2.79116	0.956789
2.80116	0.957224
2.81117	0.957659
2.82117	0.958095
2.83117	0.9585320000000001
2.84118	0.958969
2.85118	0.959406
2.86119	0.959844
2.87119	0.960283
2.8812	0.960722
2.8912	0.961162
2.9012	0.961602
2.91121	0.962042
2.92121	0.962484
2.93122	0.962925
2.94122	0.963368
2.95122	0.9638099999999999
2.96123	0.9642539999999999
2.97123	0.964697
2.98124	0.9651420000000001
2.99124	0.9655860000000001
3.00125	0.966032
3.01125	0.9664779999999999
3.02125	0.966924
3.03126	0.967371
3.04126	0.967819
3.05127	0.968267
3.06127	0.968715
3.07127	0.969164
3.08128	0.969614
3.09128	0.970064
3.10129	0.970515
3.11129	0.970966
3.1213	0.971418
3.1313	0.97187
3.1413	0.972323
3.15131	0.972777
3.16131	0.973231
3.17132	0.973685
3.18132	0.97414
3.19132	0.974596
3.20133	0.975052
3.21133	0.975509
3.22134	0.975966
3.23134	0.976424
3.24134	0.976882
3.25135	0.977341
3.26135	0.977801
3.27136	0.978261
3.28136	0.978722
3.29137	0.979183
3.30137	0.979645
3.31137	0.980107
3.32138	0.981033
3.33138	0.981497
3.34139	0.981962
3.35139	0.9824270000000001
3.36139	0.982893
3.3714	0.98336
3.3814	0.983826
3.39141	0.984294
3.40141	0.984762
3.41142	0.985231
3.42142	0.9857
3.43142	0.98617
3.44143	0.98664
3.45143	0.987112
3.46144	0.987583
3.47144	0.988055
3.48144	0.988528
3.49145	0.989002
3.50145	0.989476
3.51146	0.98995
3.52146	0.990425
3.53147	0.990901
3.54147	0.991378
3.55147	0.991855
3.56148	0.992332
3.57148	0.992811
3.58149	0.993289
3.59149	0.993769
3.60149	0.994249
3.6115	0.994729
3.6215	0.995211
3.63151	0.9956930000000001
3.64151	0.996175
3.65152	0.996658
3.66152	0.997142
3.67152	0.997626
3.68153	0.998111
3.69153	0.998597
3.70154	0.9990830000000001
3.71154	0.99957
3.72154	1.00006
3.73155	1.00055
3.74155	1.00103
3.75156	1.00152
3.76156	1.00201
3.77156	1.0025
3.78157	1.003
3.79157	1.00349
3.80158	1.00398
3.81158	1.00447
3.82159	1.00495
3.83159	1.00584
3.84159	0.998313
3.8516	1.05607
3.8616	1.21858
3.87161	1.26938
3.88161	1.306
3.89161	1.3379
3.90162	1.3672
3.91162	1.39481
3.92163	1.42122
3.93163	1.44675
3.94164	1.47163
3.95164	1.49601
3.96164	1.52003
3.97165	1.54379
3.98165	1.56738
3.99166	1.59089
4.00166	1.61438
4.01166	1.63796
4.02167	1.65577
4.03167	1.67975
4.04168	1.70418
4.05168	1.7293
4.06169	1.75554
4.07169	1.78376
4.08169	1.81604
4.0917	1.85771
4.1017	1.94507
4.11171	1.96562
4.12171	1.98484
4.13171	2.00291
4.14172	2.02001
4.15172	2.03627
4.16173	2.05178
4.17173	2.06664
4.18174	2.08092
4.19174	2.09468
4.20174	2.10797
4.21175	2.12083
4.22175	2.1333
4.23176	2.14541
4.24176	2.1572
4.25176	2.16868
4.26177	2.17988
4.27177	2.19083
4.28178	2.20152
4.29178	2.212
4.30178	2.22225
4.31179	2.23231
4.32179	2.24218
4.3318	2.25187
4.3418	2.26139
4.35181	2.27075
4.36181	2.27995
4.37181	2.28902
4.38182	2.29794
4.39182	2.30674
4.40183	2.31541
4.41183	2.32396
4.42183	2.33239
4.43184	2.34071
4.44184	2.34893
4.45185	2.35705
4.46185	2.36507
4.47186	2.37299
4.48186	2.38083
4.49186	2.38857
4.50187	2.39623
4.51187	2.40381
4.52188	2.41131
4.53188	2.41874
4.54188	2.42609
4.55189	2.43337
4.56189	2.44058
4.5719	2.44772
4.5819	2.4548
4.59191	2.46181
4.60191	2.46876
4.61191	2.47565
4.62192	2.48248
4.63192	2.48926
4.64193	2.49598
4.65193	2.50265
4.66193	2.50926
4.67194	2.51582
4.68194	2.52233
4.69195	2.5288
4.70195	2.53521
4.71196	2.54158
4.72196	2.5479
4.73196	2.55418
4.74197	2.56042
4.75197	2.56661
4.76198	2.57276
4.77198	2.57887
4.78198	2.58494
4.79199	2.59097
4.80199	2.59696
4.812	2.60291
4.822	2.60883
4.832	2.61471
4.84201	2.62056
4.85201	2.62637
4.86202	2.63214
4.87202	2.63789
4.88203	2.6436
4.89203	2.64927
4.90203	2.65492
4.91204	2.66053
4.92204	2.66612
4.93205	2.67167
4.94205	2.67719
4.95205	2.68269
4.96206	2.68815
4.97206	2.69359
4.98207	2.699
4.99207	2.70438
5.00208	2.70974
5.01208	2.71507
5.02208	2.72037
5.03209	2.72564
5.04209	2.73089
5.0521	2.73614
5.0621	2.74141
5.0721	2.74668
5.08211	2.7518
5.09211	2.75646
5.10212	2.76028
5.11212	2.76361
5.12213	2.76692
5.13213	2.77022
5.14213	2.77352
5.15214	2.7768
5.16214	2.78008
5.17215	2.78334
5.18215	2.78659
5.19215	2.78984
5.20216	2.79307
5.21216	2.7963
5.22217	2.79951
5.23217	2.80272
5.24218	2.80592
5.25218	2.80911
5.26218	2.81229
5.27219	2.81546
5.28219	2.81862
5.2922	2.82177
5.3022	2.82491
5.3122	2.82805
5.32221	2.83117
5.33221	2.83429
5.34222	2.8374
5.35222	2.8405
5.36222	2.84359
5.37223	2.84667
5.38223	2.84975
5.39224	2.85281
5.40224	2.85587
5.41225	2.85892
5.42225	2.86196
5.43225	2.865
5.44226	2.86802
5.45226	2.87104
5.46227	2.87405
5.47227	2.87706
5.48227	2.88005
5.49228	2.88304
5.50228	2.88602
5.51229	2.88899
5.52229	2.89195
5.5323	2.89491
5.5423	2.89786
5.5523	2.9008
5.56231	2.90374
5.57231	2.90667
5.58232	2.90959
5.59232	2.9125
5.60232	2.91541
5.61233	2.91831
5.62233	2.9212
5.63234	2.92409
5.64234	2.92697
5.65235	2.92984
5.66235	2.9327
5.67235	2.93556
5.68236	2.93841
5.69236	2.94126
5.70237	2.9441
5.71237	2.94693
5.72237	2.94975
5.73238	2.95257
5.74238	2.95538
5.75239	2.95819
5.76239	2.96099
5.7724	2.96378
5.7824	2.96657
5.7924	2.96935
5.80241	2.97212
5.81241	2.97489
5.82242	2.97765
5.83242	2.98041
5.84242	2.98315
5.85243	2.9859
5.86243	2.98864
5.87244	2.99137
5.88244	2.99409
5.89244	2.99681
5.90245	2.99952
5.91245	3.00223
5.92246	3.00493
5.93246	3.00763
5.94247	3.01032
5.95247	3.013
5.96247	3.01568
5.97248	3.01836
5.98248	3.02102
5.99249	3.02369
6.00249	3.02634
6.01249	3.02899
6.0225	3.03164
6.0325	3.03428
6.04251	3.03691
6.05251	3.03954
6.06252	3.04217
6.07252	3.04478
6.08252	3.0474
6.09253	3.05
6.10253	3.05261
6.11254	3.0552
6.12254	3.05779
6.13254	3.06038
6.14255	3.06296
6.15255	3.06554
6.16256	3.06811
6.17256	3.07068
6.18257	3.07324
6.19257	3.07579
6.20257	3.07834
6.21258	3.08089
6.22258	3.08343
6.23259	3.08597
6.24259	3.0885
6.25259	3.09102
6.2626	3.09355
6.2726	3.09606
6.28261	3.09857
6.29261	3.10108
6.30262	3.10358
6.31262	3.10608
6.32262	3.10857
6.33263	3.11106
6.34263	3.11354
6.35264	3.11602
6.36264	3.1185
6.37264	3.12097
6.38265	3.12343
6.39265	3.12589
6.40266	3.12835
6.41266	3.1308
6.42267	3.13324
6.43267	3.13569
6.44267	3.13812
6.45268	3.14056
6.46268	3.14298
6.47269	3.14541
6.48269	3.14783
6.49269	3.15024
6.5027	3.15266
6.5127	3.15506
6.52271	3.15746
6.53271	3.15986
6.54271	3.16226
6.55272	3.16465
6.56272	3.16703
6.57273	3.16941
6.58273	3.17179
6.59274	3.17416
6.60274	3.17653
6.61274	3.1789
6.62275	3.18126
6.63275	3.18361
6.64276	3.18596
6.65276	3.18831
6.66276	3.19066
6.67277	3.193
6.68277	3.19533
6.69278	3.19766
6.70278	3.19999
6.71279	3.20231
6.72279	3.20463
6.73279	3.20695
6.7428	3.20926
6.7528	3.21157
6.76281	3.21387
6.77281	3.21617
6.78281	3.21847
6.79282	3.22076
6.80282	3.22305
6.81283	3.22534
6.82283	3.22762
6.83284	3.2299
6.84284	3.23217
6.85284	3.23444
6.86285	3.2367
6.87285	3.23897
6.88286	3.24123
6.89286	3.24348
6.90286	3.24573
6.91287	3.24798
6.92287	3.25022
6.93288	3.25246
6.94288	3.2547
6.95289	3.25693
6.96289	3.25916
6.97289	3.26139
6.9829	3.26361
6.9929	3.26583
7.00291	3.26804
7.01291	3.27025
7.02291	3.27246
7.03292	3.27467
7.04292	3.27687
7.05293	3.27906
7.06293	3.28126
7.07293	3.28345
7.08294	3.28563
7.09294	3.28782
7.10295	3.29
7.11295	3.29217
7.12296	3.29435
7.13296	3.29652
7.14296	3.29868
7.15297	3.30085
7.16297	3.30301
7.17298	3.30516
7.18298	3.30732
7.19298	3.30947
7.20299	3.31161
7.21299	3.31375
7.223	3.31589
7.233	3.31803
7.24301	3.32016
7.25301	3.32229
7.26301	3.32442
7.27302	3.32654
7.28302	3.32866
7.29303	3.33078
7.30303	3.33289
7.31303	3.33501
7.32304	3.33711
7.33304	3.33922
7.34305	3.34132
7.35305	3.34342
7.36306	3.34551
7.37306	3.3476
7.38306	3.34969
7.39307	3.35178
7.40307	3.35386
7.41308	3.35594
7.42308	3.35801
7.43308	3.36009
7.44309	3.36216
7.45309	3.36422
7.4631	3.36629
7.4731	3.36835
7.48311	3.37041
7.49311	3.37246
7.50311	3.37451
7.51312	3.37656
7.52312	3.37861
7.53313	3.38065
7.54313	3.38269
7.55313	3.38473
7.56314	3.38676
7.57314	3.38879
7.58315	3.39082
7.59315	3.39285
7.60315	3.39487
7.61316	3.39689
7.62316	3.39891
7.63317	3.40092
7.64317	3.40293
7.65318	3.40494
7.66318	3.40694
7.67318	3.40895
7.68319	3.41094
7.69319	3.41294
7.7032	3.41494
7.7132	3.41693
7.7232	3.41891
7.73321	3.4209
7.74321	3.42288
7.75322	3.42486
7.76322	3.42684
7.77323	3.42881
7.78323	3.43078
7.79323	3.43275
7.80324	3.43472
7.81324	3.43668
7.82325	3.43864
7.83325	3.4406
7.84325	3.44256
7.85326	3.44451
7.86326	3.44646
7.87327	3.44841
7.88327	3.45035
7.89328	3.45229
7.90328	3.45423
7.91328	3.45617
7.92329	3.4581
7.93329	3.46003
7.9433	3.46196
7.9533	3.46389
7.9633	3.46581
7.97331	3.46773
7.98331	3.46965
7.99332	3.47156
8.00332	3.47348
8.01333	3.47539
8.02333	3.47729
8.033329999999999	3.4792
8.043340000000001	3.4811
8.05334	3.483
8.06335	3.4849
8.07335	3.48679
8.083349999999999	3.48869
8.093360000000001	3.49057
8.10336	3.49246
8.11337	3.49435
8.12337	3.49623
8.133369999999999	3.49811
8.143380000000001	3.49999
8.15338	3.50186
8.16339	3.50373
8.173389999999999	3.5056
8.183400000000001	3.50747
8.1934	3.50933
8.2034	3.5112
8.21341	3.51306
8.223409999999999	3.51491
8.233420000000001	3.51677
8.24342	3.51862
8.25342	3.52047
8.26343	3.52232
8.273429999999999	3.52417
8.283440000000001	3.52601
8.29344	3.52785
8.30345	3.52969
8.31345	3.53152
8.323449999999999	3.53336
8.333460000000001	3.53519
8.34346	3.53702
8.35347	3.53884
8.36347	3.54067
8.373469999999999	3.54249
8.38348	3.54431
8.39348	3.54612
8.40349	3.54794
8.413489999999999	3.54975
8.423500000000001	3.55156
8.4335	3.55337
8.4435	3.55517
8.45351	3.55698
8.463509999999999	3.55878
8.473520000000001	3.56058
8.48352	3.56237
8.49352	3.56417
8.50353	3.56596
8.513529999999999	3.56775
8.523540000000001	3.56953
8.53354	3.57132
8.54355	3.57311
8.55355	3.57489
8.563549999999999	3.57666
8.573560000000001	3.5784
8.58356	3.58011
8.59357	3.58187
8.603569999999999	3.58398
8.613569999999999	3.58633
8.62358	3.58868
8.63358	3.59103
8.64359	3.59338
8.653589999999999	3.59572
8.663589999999999	3.59806
8.6736	3.60039
8.6836	3.60272
8.69361	3.60505
8.703609999999999	3.60737
8.713620000000001	3.60969
8.72362	3.61201
8.73362	3.61432
8.74363	3.61663
8.753629999999999	3.61894
8.763640000000001	3.62124
8.77364	3.62354
8.78364	3.62584
8.79365	3.62813
8.803649999999999	3.63042
8.81366	3.63271
8.82366	3.63499
8.83367	3.63728
8.843669999999999	3.63955
8.853669999999999	3.64183
8.86368	3.6441
8.87368	3.64636
8.88369	3.64863
8.893689999999999	3.65089
8.903689999999999	3.65315
8.9137	3.6554
8.9237	3.65765
8.93371	3.6599
8.943709999999999	3.66214
8.953720000000001	3.66439
8.96372	3.66662
8.97372	3.66886
8.98373	3.67109
8.993729999999999	3.67332
9.003740000000001	3.67555
9.01374	3.67777
9.02374	3.67999
9.03375	3.6822
9.043749999999999	3.68442
9.05376	3.68663
9.06376	3.68884
9.07377	3.69104
9.083769999999999	3.69324
9.093769999999999	3.69544
9.10378	3.69763
9.11378	3.69983
9.12379	3.70201
9.133789999999999	3.7042
9.143789999999999	3.70638
9.1538	3.70856
9.1638	3.71074
9.17381	3.71291
9.183809999999999	3.71508
9.193809999999999	3.71725
9.20382	3.71942
9.21382	3.72158
9.22383	3.72374
9.233829999999999	3.72589
9.243840000000001	3.72805
9.25384	3.7302
9.26384	3.73234
9.273849999999999	3.73449
9.283849999999999	3.73663
9.29386	3.73877
9.30386	3.7409
9.31386	3.74304
9.323869999999999	3.74517
9.333869999999999	3.74729
9.34388	3.74942
9.35388	3.75154
9.36389	3.75366
9.373889999999999	3.75577
9.383889999999999	3.75789
9.3939	3.76
9.4039	3.7621
9.41391	3.76421
9.423909999999999	3.76631
9.433909999999999	3.76841
9.44392	3.7705
9.45392	3.7726
9.46393	3.77469
9.473929999999999	3.77677
9.48394	3.77886
9.49394	3.78094
9.50394	3.78302
9.513949999999999	3.7851
9.523949999999999	3.78717
9.53396	3.78924
9.54396	3.79131
9.55396	3.79338
9.563969999999999	3.79544
9.573969999999999	3.7975
9.58398	3.79956
9.59398	3.80161
9.60399	3.80366
9.613989999999999	3.80571
9.623989999999999	3.80776
9.634	3.8098
9.644	3.81185
9.65401	3.81388
9.664009999999999	3.81592
9.674010000000001	3.81795
9.68402	3.81998
9.69402	3.82201
9.704029999999999	3.82404
9.714029999999999	3.82606
9.724030000000001	3.82808
9.73404	3.8301
9.74404	3.83212
9.754049999999999	3.83413
9.764049999999999	3.83614
9.77406	3.83815
9.78406	3.84015
9.79406	3.84215
9.804069999999999	3.84415
9.814069999999999	3.84615
9.82408	3.84814
9.83408	3.85014
9.84408	3.85213
9.854089999999999	3.85411
9.864089999999999	3.8561
9.8741	3.85808
9.8841	3.86006
9.89411	3.86204
9.904109999999999	3.86401
9.914110000000001	3.86598
9.92412	3.86795
9.93412	3.86992
9.944129999999999	3.87188
9.954129999999999	3.87385
9.964130000000001	3.87581
9.97414	3.87776
9.98414	3.87972
9.994149999999999	3.88167
10.0042	3.88362
10.0142	3.88557
10.0242	3.88751
10.0342	3.88946
10.0442	3.8914
10.0542	3.89333
10.0642	3.89527
10.0742	3.8972
10.0842	3.89913
10.0942	3.90106
10.1042	3.90299
10.1142	3.90491
10.1242	3.90683
10.1342	3.90875
10.1442	3.91066
10.1542	3.91258
10.1642	3.91449
10.1742	3.9164
10.1842	3.91831
10.1942	3.92021
10.2042	3.92211
10.2142	3.92401
10.2242	3.92591
10.2342	3.9278
10.2443	3.9297
10.2543	3.93159
10.2643	3.93347
10.2743	3.93536
10.2843	3.93724
10.2943	3.93913
10.3043	3.94101
10.3143	3.94289
10.3243	3.94476
10.3343	3.94661
10.3443	3.94844
10.3543	3.95032
10.3643	3.95241
10.3743	3.95476
10.3843	3.95667
10.3943	3.9562
10.4043	3.95356
10.4143	3.95351
10.4243	3.95434
10.4343	3.95471
10.4443	3.95447
10.4543	3.95406
10.4643	3.95305
10.4743	3.95164
10.4844	3.94978
10.4944	3.9461
10.5044	3.94324
10.5144	3.93987
10.5244	3.93595
10.5344	3.93169
10.5444	3.92691
10.5544	3.92165
10.5644	3.91606
10.5744	3.90686
10.5844	3.90013
10.5944	3.89287
10.6044	3.88516
10.6144	3.87704
10.6244	3.86852
10.6344	3.85953
10.6444	3.85013
10.6544	3.83495
10.6644	3.82434
10.6744	3.81335
10.6844	3.80175
10.6944	3.78961
10.7044	3.77719
10.7144	3.76432
10.7244	3.7508
10.7345	3.72964
10.7445	3.71497
10.7545	3.69984
10.7645	3.6842
10.7745	3.66778
10.7845	3.65097
10.7945	3.63403
10.8045	3.60745
10.8145	3.58667
10.8245	3.56792
10.8345	3.55996
10.8445	3.53854
10.8545	3.45537
10.8645	3.43105
10.8745	3.75155
10.8845	4.02184
10.8945	4.02367
10.9045	4.0255
10.9145	4.02732
10.9245	4.02914
10.9345	4.03096
10.9445	4.03277
10.9545	4.0364
10.9645	4.03821
10.9746	4.04002
10.9846	4.04182
10.9946	4.04362
11.0046	4.04543
11.0146	4.04722
11.0246	4.04902
11.0346	4.05082
11.0446	4.05261
11.0546	4.0544
11.0646	4.05619
11.0746	4.05797
11.0846	4.05976
11.0946	4.06154
11.1046	4.06332
11.1146	4.0651
11.1246	4.06687
11.1346	4.06865
11.1446	4.07042
11.1546	4.07219
11.1646	4.07396
11.1746	4.07572
11.1846	4.07749
11.1946	4.07925
11.2046	4.08101
11.2147	4.08277
11.2247	4.08452
11.2347	4.08627
11.2447	4.08803
11.2547	4.08978
11.2647	4.09152
11.2747	4.09327
11.2847	4.09501
11.2947	4.09675
11.3047	4.09849
11.3147	4.10023
11.3247	4.10196
11.3347	4.1037
11.3447	4.10543
11.3547	4.10716
11.3647	4.10888
11.3747	4.11061
11.3847	4.11233
11.3947	4.11405
11.4047	4.11577
11.4147	4.11749
11.4247	4.11921
11.4347	4.12092
11.4447	4.12263
11.4548	4.12434
11.4648	4.12605
11.4748	4.12775
11.4848	4.12946
11.4948	4.13116
11.5048	4.13286
11.5148	4.13456
11.5248	4.13625
11.5348	4.13795
11.5448	4.13964
11.5548	4.14133
11.5648	4.14302
11.5748	4.1447
11.5848	4.14639
11.5948	4.14807
11.6048	4.14975
11.6148	4.15143
11.6248	4.15311
11.6348	4.15478
11.6448	4.15646
11.6548	4.15813
11.6648	4.1598
11.6748	4.16147
11.6848	4.16313
11.6949	4.16479
11.7049	4.16643
11.7149	4.16811
11.7249	4.16986
11.7349	4.17168
11.7449	4.17323
11.7549	4.17383
11.7649	4.17374
11.7749	4.17364
11.7849	4.17355
11.7949	4.17345
11.8049	4.17336
11.8149	4.17326
11.8249	4.17317
11.8349	4.17307
11.8449	4.17297
11.8549	4.17288
11.8649	4.17279
11.8749	4.17269
11.8849	4.1726
11.8949	4.1725
11.9049	4.17241
11.9149	4.17231
11.9249	4.17222
11.935	4.17212
11.945	4.17203
11.955	4.17193
11.965	4.17184
11.975	4.17174
11.985	4.17165
11.995	4.17156
12.005	4.17146
12.015	4.17137
12.025	4.17127
12.035	4.17118
12.045	4.17109
12.055	4.17099
12.065	4.1709
12.075	4.1708
12.085	4.17071
12.095	4.17062
12.105	4.17052
12.115	4.17043
12.125	4.17034
12.135	4.17024
12.145	4.17015
12.155	4.17006
12.165	4.16996
12.1751	4.16987
12.1851	4.16978
12.1951	4.16968
12.2051	4.16959
12.2151	4.1695
12.2251	4.1694
12.2351	4.16931
12.2451	4.16922
12.2551	4.16913
12.2651	4.16903
12.2751	4.16894
12.2851	4.16885
12.2951	4.16876
12.3051	4.16866
12.3151	4.16857
12.3251	4.16848
12.3351	4.16839
12.3451	4.16829
12.3551	4.1682
12.3651	4.16811
12.3751	4.16802
12.3851	4.16793
12.3951	4.16783
12.4051	4.16774
12.4152	4.16765
12.4252	4.16756
12.4352	4.16747
12.4452	4.16737
12.4552	4.16728
12.4652	4.16719
12.4752	4.1671
12.4852	4.16701
12.4952	4.16692
12.5052	4.16683
12.5152	4.16673
12.5252	4.16664
12.5352	4.16655
12.5452	4.16646
12.5552	4.16637
12.5652	4.16628
12.5752	4.16619
12.5852	4.1661
12.5952	4.16601
12.6052	4.16591
12.6152	4.16582
12.6252	4.16573
12.6352	4.16564
12.6452	4.16555
12.6553	4.16546
12.6653	4.16537
12.6753	4.16528
12.6853	4.16519
12.6953	4.1651
12.7053	4.16501
12.7153	4.16492
12.7253	4.16483
12.7353	4.16474
12.7453	4.16465
12.7553	4.16456
12.7653	4.16447
12.7753	4.16438
12.7853	4.16429
12.7953	4.1642
12.8053	4.16411
12.8153	4.16402
12.8253	4.16393
12.8353	4.16384
12.8453	4.16375
12.8553	4.16366
12.8653	4.16357
12.8753	4.16348
12.8853	4.16339
12.8954	4.1633
12.9054	4.16321
12.9154	4.16312
12.9254	4.16304
12.9354	4.16295
12.9454	4.16286
12.9554	4.16277
12.9654	4.16268
12.9754	4.16259
12.9854	4.1625
12.9954	4.16241
13.0054	4.16232
13.0154	4.16224
13.0254	4.16215
13.0354	4.16206
13.0454	4.16197
13.0554	4.16188
13.0654	4.16179
13.0754	4.1617
13.0854	4.16162
13.0954	4.16153
13.1054	4.16144
13.1154	4.16135
13.1254	4.16126
13.1355	4.16118
13.1455	4.16109
13.1555	4.161
13.1655	4.16091
13.1755	4.16082
13.1855	4.16074
13.1955	4.16065
13.2055	4.16056
13.2155	4.16047
13.2255	4.16038
13.2355	4.1603
13.2455	4.16021
13.2555	4.16012
13.2655	4.16004
13.2755	4.15995
13.2855	4.15986
13.2955	4.15977
13.3055	4.15969
13.3155	4.1596
13.3255	4.15951
13.3355	4.15942
13.3455	4.15934
13.3555	4.15925
13.3655	4.15916
13.3756	4.15908
13.3856	4.15899
13.3956	4.1589
13.4056	4.15882
13.4156	4.15873
13.4256	4.15864
13.4356	4.15856
13.4456	4.15847
13.4556	4.15838
13.4656	4.1583
13.4756	4.15821
13.4856	4.15813
13.4956	4.15804
13.5056	4.15795
13.5156	4.15787
13.5256	4.15778
13.5356	4.1577
13.5456	4.15761
13.5556	4.15752
13.5656	4.15744
13.5756	4.15735
13.5856	4.15727
13.5956	4.15718
13.6056	4.1571
13.6156	4.15701
13.6257	4.15692
13.6357	4.15684
13.6457	4.15675
13.6557	4.15667
13.6657	4.15658
13.6757	4.1565
13.6857	4.15641
13.6957	4.15633
13.7057	4.15624
13.7157	4.15616
13.7257	4.15607
13.7357	4.15599
13.7457	4.1559
13.7557	4.15582
13.7657	4.15573
13.7757	4.15565
13.7857	4.15556
13.7957	4.15548
13.8057	4.15539
13.8157	4.15531
13.8257	4.15522
13.8357	4.15514
13.8457	4.15505
13.8557	4.15497
13.8658	4.15489
13.8758	4.15482
13.8858	4.15473
13.8958	4.15459
13.9058	4.15439
13.9158	4.1543
13.9258	4.15482
13.9358	4.15619
13.9458	4.1564
13.9558	4.1495
13.9658	4.13198
13.9758	4.12586
13.9858	4.202
13.9958	4.42109
14.0058	4.52563
14.0158	3.6987
14.0258	2.06881
14.0358	1.11991
14.0458	0.942393
14.0558	0.934957
14.0658	0.934447
14.0758	0.934011
14.0858	0.933576
14.0958	0.933142
14.1059	0.932708
14.1159	0.932275
14.1259	0.9318419999999999
14.1359	0.93141
14.1459	0.930978
14.1559	0.930547
14.1659	0.9301160000000001
14.1759	0.929686
14.1859	0.929256
14.1959	0.928827
14.2059	0.9283979999999999
14.2159	0.92797
14.2259	0.927542
14.2359	0.927115
14.2459	0.926688
14.2559	0.926262
14.2659	0.925836
14.2759	0.925411
14.2859	0.924986
14.2959	0.924561
14.3059	0.924138
14.3159	0.923714
14.3259	0.923291
14.3359	0.9228690000000001
14.346	0.922447
14.356	0.922025
14.366	0.921604
14.376	0.921184
14.386	0.920763
14.396	0.9203440000000001
14.406	0.919925
14.416	0.919506
14.426	0.919088
14.436	0.91867
14.446	0.918253
14.456	0.917836
14.466	0.91742
14.476	0.917004
14.486	0.916588
14.496	0.916173
14.506	0.915759
14.516	0.915345
14.526	0.914931
14.536	0.9145180000000001
14.546	0.9141049999999999
14.556	0.913693
14.566	0.913281
14.576	0.91287
14.5861	0.912459
14.5961	0.912049
14.6061	0.911639
14.6161	0.911229
14.6261	0.91082
14.6361	0.910412
14.6461	0.910003
14.6561	0.909596
14.6661	0.909188
14.6761	0.908782
14.6861	0.908375
14.6961	0.907969
14.7061	0.907564
14.7161	0.907159
14.7261	0.9067539999999999
14.7361	0.90635
14.7461	0.905946
14.7561	0.90554
14.7661	0.905155
14.7761	0.904979
14.7861	0.904982
14.7961	0.904982
14.8061	0.904983
14.8161	0.904983
14.8262	0.904983
14.8362	0.904983
14.8462	0.904984
14.8562	0.904984
14.8662	0.904984
14.8762	0.904984
14.8862	0.904985
14.8962	0.904985
14.9062	0.904985
14.9162	0.904985
14.9262	0.904986
14.9362	0.904986
14.9462	0.904986
14.9562	0.904986
14.9662	0.904987
14.9762	0.904987
14.9862	0.904987
14.9962	0.904987
15.0062	0.904988
15.0162	0.904988
15.0262	0.904988
15.0362	0.904989
15.0462	0.904989
15.0562	0.904989
15.0663	0.904989
15.0763	0.90499
15.0863	0.90499
15.0963	0.90499
15.1063	0.904991
15.1163	0.904991
15.1263	0.904991
15.1363	0.904991
15.1463	0.904992
15.1563	0.904992
15.1663	0.904992
15.1763	0.904993
15.1863	0.904993
15.1963	0.904993
15.2063	0.904993
15.2163	0.904994
15.2263	0.904994
15.2363	0.904994
15.2463	0.904995
15.2563	0.904995
15.2663	0.904995
15.2763	0.904995
15.2863	0.904996
15.2963	0.904996
15.3064	0.904996
15.3164	0.904996
15.3264	0.9049970000000001
15.3364	0.9049970000000001
15.3464	0.9049970000000001
15.3564	0.9049970000000001
15.3664	0.904998
15.3764	0.904998
15.3864	0.904998
15.3964	0.904998
15.4064	0.904999
15.4164	0.904999
15.4264	0.904999
15.4364	0.904999
15.4464	0.905
15.4564	0.905
15.4664	0.905
15.4764	0.905
15.4864	0.9050010000000001
15.4964	0.9050010000000001
15.5064	0.9050010000000001
15.5164	0.9050010000000001
15.5264	0.9050010000000001
15.5364	0.905002
15.5465	0.905002
15.5565	0.905002
15.5665	0.905002
15.5765	0.905003
15.5865	0.905003
15.5965	0.905003
15.6065	0.905003
15.6165	0.905003
15.6265	0.905003
15.6365	0.905004
15.6465	0.905004
15.6565	0.905004
15.6665	0.905004
15.6765	0.905004
15.6865	0.9050049999999999
15.6965	0.9050049999999999
15.7065	0.9050049999999999
15.7165	0.9050049999999999
15.7265	0.9050049999999999
15.7365	0.9050049999999999
15.7465	0.905006
15.7565	0.905006
15.7665	0.905006
15.7765	0.905006
15.7866	0.905006
15.7966	0.905006
15.8066	0.905007
15.8166	0.905007
15.8266	0.905007
15.8366	0.905007
15.8466	0.905007
15.8566	0.905007
15.8666	0.905007
15.8766	0.905008
15.8866	0.905008
15.8966	0.905008
15.9066	0.905008
15.9166	0.905008
15.9266	0.905008
15.9366	0.905008
15.9466	0.905008
15.9566	0.905008
15.9666	0.905009
15.9766	0.905009
15.9866	0.905009
15.9966	0.905009
16.0066	0.905009
16.0166	0.905009
16.0267	0.905009
16.0367	0.905009
16.0467	0.905009
16.0567	0.905009
16.0667	0.90501
16.0767	0.90501
16.0867	0.90501
16.0967	0.90501
16.1067	0.90501
16.1167	0.90501
16.1267	0.90501
16.1367	0.90501
16.1467	0.90501
16.1567	0.90501
16.1667	0.90501
16.1767	0.90501
16.1867	0.90501
16.1967	0.90501
16.2067	0.90501
16.2167	0.90501
16.2267	0.905011
16.2367	0.905011
16.2467	0.905011
16.2567	0.905011
16.2667	0.905011
16.2768	0.905011
16.2868	0.905011
16.2968	0.905011
16.3068	0.905011
16.3168	0.905011
16.3268	0.905011
16.3368	0.905011
16.3468	0.905011
16.3568	0.905011
16.3668	0.905011
16.3768	0.905011
16.3868	0.905011
16.3968	0.905011
16.4068	0.905011
16.4168	0.90501
16.4268	0.90501
16.4368	0.90501
16.4468	0.90501
16.4568	0.90501
16.4668	0.90501
16.4768	0.90501
16.4868	0.90501
16.4968	0.90501
16.5068	0.90501
16.5169	0.90501
16.5269	0.90501
16.5369	0.90501
16.5469	0.90501
16.5569	0.905009
16.5669	0.905009
16.5769	0.905009
16.5869	0.905009
16.5969	0.905009
16.6069	0.905009
16.6169	0.905009
16.6269	0.905008
16.6369	0.905008
16.6469	0.905008
16.6569	0.905008
16.6669	0.905008
16.6769	0.905008
16.6869	0.905007
16.6969	0.905007
16.7069	0.905007
16.7169	0.905007
16.7269	0.905007
16.7369	0.905006
16.7469	0.905006
16.757	0.905006
16.767	0.905006
16.777	0.905006
16.787	0.9050049999999999
16.797	0.9050049999999999
16.807	0.9050049999999999
16.817	0.905004
16.827	0.905004
16.837	0.905004
16.847	0.905004
16.857	0.905003
16.867	0.905003
16.877	0.905003
16.887	0.905002
16.897	0.905002
16.907	0.905002
16.917	0.9050010000000001
16.927	0.9050010000000001
16.937	0.9050010000000001
16.947	0.905
16.957	0.905
16.967	0.905
16.977	0.904999
16.987	0.904999
16.9971	0.904998
17.0071	0.904998
17.0171	0.904998
17.0271	0.9049970000000001
17.0371	0.9049970000000001
17.0471	0.904996
17.0571	0.904996
17.0671	0.904996
17.0771	0.904995
17.0871	0.904995
17.0971	0.904994
17.1071	0.904994
17.1171	0.904993
17.1271	0.904993
17.1371	0.904992
17.1471	0.904992
17.1571	0.904991
17.1671	0.904991
17.1771	0.90499
17.1871	0.90499
17.1971	0.904989
17.2071	0.904989
17.2171	0.904988
17.2271	0.904988
17.2372	0.904987
17.2472	0.904987
17.2572	0.904986
17.2672	0.904986
17.2772	0.904985
17.2872	0.904985
17.2972	0.904984
17.3072	0.904983
17.3172	0.904983
17.3272	0.904982
17.3372	0.904982
17.3472	0.904981
17.3572	0.90498
17.3672	0.90498
17.3772	0.904979
17.3872	0.904979
17.3972	0.9049779999999999
17.4072	0.904977
17.4172	0.904977
17.4272	0.904976
17.4372	0.904976
17.4472	0.904975
17.4572	0.9049739999999999
17.4672	0.9049739999999999
17.4773	0.904973
17.4873	0.904972
17.4973	0.904972
17.5073	0.904971
17.5173	0.904971
17.5273	0.9049700000000001
17.5373	0.904969
17.5473	0.904969
17.5573	0.904968
17.5673	0.904967
17.5773	0.904967
17.5873	0.904966
17.5973	0.904965
17.6073	0.904965
17.6173	0.904964
17.6273	0.904963
17.6373	0.904963
17.6473	0.904962
17.6573	0.904961
17.6673	0.904961
17.6773	0.90496
17.6873	0.904959
17.6973	0.904959
17.7073	0.904958
17.7174	0.904957
17.7274	0.904957
17.7374	0.904956
17.7474	0.904955
17.7574	0.904955
17.7674	0.904954
17.7774	0.904953
17.7874	0.904953
17.7974	0.904952
17.8074	0.9049509999999999
17.8174	0.9049509999999999
17.8274	0.90495
17.8374	0.904949
17.8474	0.904949
17.8574	0.904948
17.8674	0.9049469999999999
17.8774	0.9049469999999999
17.8874	0.904946
17.8974	0.904945
17.9074	0.904945
17.9174	0.904944
17.9274	0.9049430000000001
17.9374	0.9049430000000001
17.9474	0.904942
17.9575	0.904941
17.9675	0.904941
17.9775	0.90494
17.9875	0.904939
17.9975	0.904939
18.0075	0.904938
18.0175	0.904937
18.0275	0.904937
18.0375	0.904936
18.0475	0.904935
18.0575	0.904935
18.0675	0.904934
18.0775	0.904933
18.0875	0.904933
18.0975	0.904932
18.1075	0.904932
18.1175	0.904931
18.1275	0.90493
18.1375	0.90493
18.1475	0.904929
18.1575	0.904928
18.1675	0.904928
18.1775	0.904927
18.1875	0.904926
18.1976	0.904926
18.2076	0.904925
18.2176	0.904925
18.2276	0.904924
18.2376	0.904923
18.2476	0.904923
18.2576	0.904922
18.2676	0.904922
18.2776	0.904921
18.2876	0.9049199999999999
18.2976	0.9049199999999999
18.3076	0.904919
18.3176	0.904918
18.3276	0.904918
18.3376	0.904917
18.3476	0.904917
18.3576	0.9049160000000001
18.3676	0.904915
18.3776	0.904915
18.3876	0.904914
18.3976	0.904914
18.4076	0.904913
18.4176	0.904912
18.4276	0.904912
18.4377	0.904911
18.4477	0.904911
18.4577	0.90491
18.4677	0.904909
18.4777	0.904909
18.4877	0.904908
18.4977	0.904907
18.5077	0.904907
18.5177	0.904906
18.5277	0.904906
18.5377	0.904905
18.5477	0.904904
18.5577	0.904904
18.5677	0.904903
18.5777	0.904903
18.5877	0.904902
18.5977	0.904901
18.6077	0.904901
18.6177	0.9049
18.6277	0.904899
18.6377	0.904899
18.6477	0.904898
18.6577	0.904898
18.6677	0.904897
18.6778	0.904896
18.6878	0.904896
18.6978	0.904895
18.7078	0.904894
18.7178	0.904894
18.7278	0.9048929999999999
18.7378	0.904892
18.7478	0.904892
18.7578	0.904891
18.7678	0.904891
18.7778	0.90489
18.7878	0.9048890000000001
18.7978	0.9048890000000001
18.8078	0.904888
18.8178	0.904887
18.8278	0.904887
18.8378	0.904886
18.8478	0.9048850000000001
18.8578	0.9048850000000001
18.8678	0.904884
18.8778	0.904883
18.8878	0.904883
18.8978	0.904882
18.9078	0.904881
18.9178	0.904881
18.9279	0.90488
18.9379	0.904879
18.9479	0.904879
18.9579	0.904878
18.9679	0.904877
18.9779	0.904876
18.9879	0.904876
18.9979	0.904875
19.0079	0.904874
19.0179	0.904874
19.0279	0.904873
19.0379	0.904872
19.0479	0.904871
19.0579	0.904871
19.0679	0.90487
19.0779	0.904869
19.0879	0.904869
19.0979	0.904868
19.1079	0.904867
19.1179	0.9048659999999999
19.1279	0.9048659999999999
19.1379	0.904865
19.1479	0.904864
19.1579	0.904863
19.168	0.904863
19.178	0.9048620000000001
19.188	0.904861
19.198	0.90486
19.208	0.90486
19.218	0.904859
19.228	0.9048580000000001
19.238	0.904857
19.248	0.904857
19.258	0.904856
19.268	0.904855
19.278	0.904854
19.288	0.904854
19.298	0.904853
19.308	0.904852
19.318	0.904851
19.328	0.904851
19.338	0.90485
19.348	0.904849
19.358	0.904848
19.368	0.904848
19.378	0.904847
19.388	0.904846
19.398	0.904845
19.4081	0.904844
19.4181	0.904844
19.4281	0.904843
19.4381	0.904842
19.4481	0.904841
19.4581	0.904841
19.4681	0.90484
19.4781	0.9048389999999999
19.4881	0.904838
19.4981	0.904837
19.5081	0.904837
19.5181	0.904836
19.5281	0.9048349999999999
19.5381	0.904834
19.5481	0.904834
19.5581	0.904833
19.5681	0.904832
19.5781	0.9048310000000001
19.5881	0.90483
19.5981	0.90483
19.6081	0.904829
19.6181	0.904828
19.6281	0.904827
19.6381	0.904827
19.6482	0.904826
19.6582	0.904825
19.6682	0.904824
19.6782	0.904823
19.6882	0.904823
19.6982	0.904822
19.7082	0.904821
19.7182	0.90482
19.7282	0.90482
19.7382	0.904819
19.7482	0.904818
19.7582	0.904817
19.7682	0.904817
19.7782	0.904816
19.7882	0.904815
19.7982	0.904814
19.8082	0.904813
19.8182	0.904813
19.8282	0.9048119999999999
19.8382	0.904811
19.8482	0.90481
19.8582	0.90481
19.8682	0.904809
19.8782	0.9048079999999999
19.8883	0.904807
19.8983	0.904807
19.9083	0.904806
19.9183	0.904805
19.9283	0.9048040000000001
19.9383	0.9048040000000001
19.9483	0.904803
19.9583	0.904802
19.9683	0.904801
19.9783	0.904801
19.9883	0.9048
19.9983	0.904799
20.0083	0.904798
20.0183	0.904798
20.0283	0.904797
20.0383	0.904796
20.0483	0.904795
20.0583	0.904795
20.0683	0.904794
20.0783	0.904793
20.0883	0.904792
20.0983	0.904792
20.1083	0.904791
20.1183	0.90479
20.1284	0.904789
20.1384	0.904789
20.1484	0.904788
20.1584	0.904787
20.1684	0.904786
20.1784	0.904786
20.1884	0.904785
20.1984	0.904784
20.2084	0.904783
20.2184	0.904783
20.2284	0.904782
20.2384	0.9047809999999999
20.2484	0.90478
20.2584	0.90478
20.2684	0.904779
20.2784	0.904778
20.2884	0.9047770000000001
20.2984	0.904776
20.3084	0.904776
20.3184	0.904775
20.3284	0.904774
20.3384	0.904773
20.3484	0.904773
20.3584	0.904772
20.3685	0.904771
20.3785	0.90477
20.3885	0.904769
20.3985	0.904769
20.4085	0.904768
20.4185	0.904767
20.4285	0.904766
20.4385	0.904765
20.4485	0.904765
20.4585	0.904764
20.4685	0.904763
20.4785	0.904762
20.4885	0.904761
20.4985	0.904761
20.5085	0.90476
20.5185	0.904759
20.5285	0.904758
20.5385	0.904757
20.5485	0.904756
20.5585	0.904756
20.5685	0.904755
20.5785	0.9047539999999999
20.5885	0.904753
20.5985	0.904752
20.6086	0.904751
20.6186	0.9047500000000001
20.6286	0.9047500000000001
20.6386	0.904749
20.6486	0.904748
20.6586	0.904747
20.6686	0.9047460000000001
20.6786	0.904745
20.6886	0.904744
20.6986	0.904743
20.7086	0.904743
20.7186	0.904742
20.7286	0.904741
20.7386	0.90474
20.7486	0.904739
20.7586	0.904738
20.7686	0.904737
20.7786	0.904736
20.7886	0.904735
20.7986	0.904734
20.8086	0.904733
20.8186	0.904733
20.8286	0.904732
20.8386	0.904731
20.8487	0.90473
20.8587	0.904729
20.8687	0.904728
20.8787	0.9047269999999999
20.8887	0.904726
20.8987	0.904725
20.9087	0.904724
20.9187	0.9047230000000001
20.9287	0.904722
20.9387	0.904721
20.9487	0.90472
20.9587	0.9047190000000001
20.9687	0.904718
20.9787	0.904717
20.9887	0.904716
20.9987	0.904715
21.0087	0.904714
21.0187	0.904713
21.0287	0.904712
21.0387	0.904711
21.0487	0.90471
21.0587	0.904709
21.0687	0.904708
21.0787	0.904707
21.0888	0.904706
21.0988	0.904705
21.1088	0.904704
21.1188	0.904703
21.1288	0.904702
21.1388	0.904701
21.1488	0.9046999999999999
21.1588	0.904699
21.1688	0.904698
21.1788	0.904697
21.1888	0.9046959999999999
21.1988	0.904695
21.2088	0.904694
21.2188	0.904693
21.2288	0.9046920000000001
21.2388	0.904691
21.2488	0.90469
21.2588	0.904689
21.2688	0.904688
21.2788	0.904687
21.2888	0.904685
21.2988	0.904684
21.3088	0.904683
21.3188	0.904682
21.3289	0.904681
21.3389	0.90468
21.3489	0.904679
21.3589	0.904678
21.3689	0.904677
21.3789	0.904676
21.3889	0.904675
21.3989	0.904674
21.4089	0.9046729999999999
21.4189	0.904672
21.4289	0.904671
21.4389	0.90467
21.4489	0.9046689999999999
21.4589	0.904668
21.4689	0.904667
21.4789	0.904666
21.4889	0.904664
21.4989	0.904663
21.5089	0.904662
21.5189	0.904661
21.5289	0.90466
21.5389	0.904659
21.5489	0.904658
21.5589	0.904657
21.5689	0.904656
21.579	0.904655
21.589	0.904654
21.599	0.904653
21.609	0.904652
21.619	0.904651
21.629	0.90465
21.639	0.904648
21.649	0.904647
21.659	0.904646
21.669	0.904645
21.679	0.904644
21.689	0.904643
21.699	0.9046419999999999
21.709	0.904641
21.719	0.90464
21.729	0.904639
21.739	0.9046380000000001
21.749	0.904637
21.759	0.904636
21.769	0.904635
21.779	0.904634
21.789	0.904632
21.799	0.904631
21.809	0.90463
21.8191	0.904629
21.8291	0.904628
21.8391	0.904627
21.8491	0.904626
21.8591	0.904625
21.8691	0.904624
21.8791	0.904623
21.8891	0.904622
21.8991	0.904621
21.9091	0.90462
21.9191	0.904618
21.9291	0.904617
21.9391	0.904616
21.9491	0.9046149999999999
21.9591	0.904614
21.9691	0.904613
21.9791	0.904612
21.9891	0.9046110000000001
21.9991	0.90461
22.0091	0.904609
22.0191	0.904607
22.0291	0.904606
22.0391	0.904605
22.0491	0.904604
22.0592	0.904603
22.0692	0.904602
22.0792	0.904601
22.0892	0.904599
22.0992	0.904598
22.1092	0.904597
22.1192	0.904596
22.1292	0.904595
22.1392	0.904594
22.1492	0.904592
22.1592	0.904591
22.1692	0.90459
22.1792	0.904589
22.1892	0.9045879999999999
22.1992	0.904586
22.2092	0.904585
22.2192	0.9045840000000001
22.2292	0.904583
22.2392	0.904582
22.2492	0.9045800000000001
22.2592	0.904579
22.2692	0.904578
22.2792	0.904577
22.2892	0.904575
22.2993	0.904574
22.3093	0.904573
22.3193	0.904572
22.3293	0.90457
22.3393	0.904569
22.3493	0.904568
22.3593	0.904567
22.3693	0.904565
22.3793	0.904564
22.3893	0.904563
22.3993	0.9045609999999999
22.4093	0.90456
22.4193	0.904559
22.4293	0.904558
22.4393	0.904556
22.4493	0.904555
22.4593	0.904554
22.4693	0.904552
22.4793	0.904551
22.4893	0.90455
22.4993	0.904548
22.5093	0.904547
22.5193	0.904546
22.5293	0.904544
22.5394	0.904543
22.5494	0.904542
22.5594	0.90454
22.5694	0.904539
22.5794	0.904538
22.5894	0.904536
22.5994	0.904535
22.6094	0.9045339999999999
22.6194	0.904532
22.6294	0.904531
22.6394	0.9045299999999999
22.6494	0.904528
22.6594	0.904527
22.6694	0.904525
22.6794	0.904524
22.6894	0.904523
22.6994	0.904521
22.7094	0.90452
22.7194	0.904518
22.7294	0.904517
22.7394	0.904515
22.7494	0.904514
22.7594	0.904513
22.7694	0.904511
22.7795	0.90451
22.7895	0.904508
22.7995	0.9045069999999999
22.8095	0.904505
22.8195	0.904504
22.8295	0.904502
22.8395	0.904501
22.8495	0.9045
22.8595	0.904498
22.8695	0.904497
22.8795	0.904495
22.8895	0.904494
22.8995	0.904492
22.9095	0.904491
22.9195	0.904489
22.9295	0.904488
22.9395	0.904486
22.9495	0.904485
22.9595	0.904483
22.9695	0.904482
22.9795	0.90448
22.9895	0.904479
22.9995	0.904477
23.0095	0.9044759999999999
23.0196	0.904474
23.0296	0.904473
23.0396	0.904471
23.0496	0.90447
23.0596	0.904468
23.0696	0.904467
23.0796	0.904465
23.0896	0.904464
23.0996	0.904462
23.1096	0.904461
23.1196	0.904459
23.1296	0.904458
23.1396	0.904457
23.1496	0.904455
23.1596	0.904454
23.1696	0.904452
23.1796	0.904451
23.1896	0.9044489999999999
23.1996	0.904448
23.2096	0.904446
23.2196	0.9044450000000001
23.2296	0.904443
23.2396	0.904442
23.2496	0.90444
23.2597	0.904439
23.2697	0.904437
23.2797	0.904436
23.2897	0.904434
23.2997	0.904433
23.3097	0.904431
23.3197	0.90443
23.3297	0.904429
23.3397	0.904427
23.3497	0.904426
23.3597	0.904424
23.3697	0.904423
23.3797	0.904421
23.3897	0.90442
23.3997	0.9044180000000001
23.4097	0.904417
23.4197	0.904415
23.4297	0.9044140000000001
23.4397	0.904412
23.4497	0.90441
23.4597	0.904409
23.4697	0.904407
23.4797	0.904406
23.4897	0.904404
23.4998	0.904403
23.5098	0.904401
23.5198	0.9044
23.5298	0.904398
23.5398	0.904397
23.5498	0.9043949999999999
23.5598	0.904393
23.5698	0.904392
23.5798	0.90439
23.5898	0.904389
23.5998	0.9043870000000001
23.6098	0.904386
23.6198	0.904384
23.6298	0.904382
23.6398	0.904381
23.6498	0.904379
23.6598	0.904378
23.6698	0.904376
23.6798	0.904374
23.6898	0.904373
23.6998	0.904371
23.7098	0.90437
23.7198	0.9043679999999999
23.7298	0.904366
23.7399	0.904365
23.7499	0.904363
23.7599	0.904362
23.7699	0.9043600000000001
23.7799	0.904358
23.7899	0.904357
23.7999	0.904355
23.8099	0.904353
23.8199	0.904352
23.8299	0.90435
23.8399	0.904349
23.8499	0.904347
23.8599	0.904345
23.8699	0.904344
23.8799	0.904342
23.8899	0.90434
23.8999	0.904339
23.9099	0.9043369999999999
23.9199	0.904335
23.9299	0.904334
23.9399	0.904332
23.9499	0.90433
23.9599	0.904329
23.9699	0.904327
23.98	0.904325
23.99	0.904324
24	0.904322
24.01	0.90432
24.02	0.904319
24.03	0.904317
24.04	0.904315
24.05	0.904314
24.06	0.904312
24.07	0.9043099999999999
24.08	0.904308
24.09	0.904307
24.1	0.904305
