0 0.857519
0.0100042 0.856817
0.0200083 0.855885
0.0300125 0.854963
0.0400166 0.85404
0.0500208 0.853117
0.0600249 0.852193
0.0700291 0.85127
0.0800332 0.850346
0.0900374 0.849422
0.100042 0.848498
0.110046 0.847574
0.12005 0.846649
0.130054 0.845724
0.140058 0.844799
0.150062 0.843874
0.160066 0.842948
0.170071 0.842022
0.180075 0.841096
0.190079 0.84017
0.200083 0.839243
0.210087 0.838317
0.220091 0.83739
0.230095 0.836462
0.2401 0.835535
0.250104 0.834607
0.260108 0.833679
0.270112 0.832751
0.280116 0.831823
0.29012 0.830894
0.300125 0.829965
0.310129 0.829036
0.320133 0.828106
0.330137 0.827177
0.340141 0.826247
0.350145 0.825316
0.360149 0.824386
0.370154 0.823455
0.380158 0.822524
0.390162 0.821593
0.400166 0.820661
0.41017 0.81973
0.420174 0.818798
0.430178 0.817865
0.440183 0.816933
0.450187 0.816
0.460191 0.815067
0.470195 0.814133
0.480199 0.8132
0.490203 0.812266
0.500208 0.811331
0.510212 0.810397
0.520216 0.809462
0.53022 0.808527
0.540224 0.807592
0.550228 0.806656
0.560232 0.80572
0.570237 0.804784
0.580241 0.803847
0.590245 0.802911
0.600249 0.801974
0.610253 0.801036
0.620257 0.800098
0.630262 0.799161
0.640266 0.798222
0.65027 0.797284
0.660274 0.796345
0.670278 0.795406
0.680282 0.794466
0.690286 0.793526
0.700291 0.792586
0.710295 0.791646
0.720299 0.790705
0.730303 0.789764
0.740307 0.788823
0.750311 0.787881
0.760315 0.786939
0.77032 0.785996
0.780324 0.785054
0.790328 0.784111
0.800332 0.783167
0.810336 0.782224
0.82034 0.78128
0.830345 0.780336
0.840349 0.779391
0.850353 0.778446
0.860357 0.777501
0.870361 0.776555
0.880365 0.775609
0.890369 0.774662
0.900374 0.773716
0.910378 0.772769
0.920382 0.771821
0.930386 0.770873
0.94039 0.769925
0.950394 0.768977
0.960399 0.768028
0.970403 0.767079
0.980407 0.766129
0.990411 0.765179
1.00042 0.764229
1.01042 0.763278
1.02042 0.762327
1.03043 0.761376
1.04043 0.760424
1.05044 0.759472
1.06044 0.758519
1.07044 0.757566
1.08045 0.756613
1.09045 0.755659
1.10046 0.754705
1.11046 0.75375
1.12046 0.752795
1.13047 0.75184
1.14047 0.750884
1.15048 0.749928
1.16048 0.748971
1.17049 0.748014
1.18049 0.747057
1.19049 0.746099
1.2005 0.745141
1.2105 0.744182
1.22051 0.743223
1.23051 0.742264
1.24051 0.741304
1.25052 0.740343
1.26052 0.739382
1.27053 0.738421
1.28053 0.737459
1.29054 0.736497
1.30054 0.735535
1.31054 0.734572
1.32055 0.733608
1.33055 0.732644
1.34056 0.73168
1.35056 0.730715
1.36056 0.72975
1.37057 0.728784
1.38057 0.727817
1.39058 0.726851
1.40058 0.725883
1.41059 0.724916
1.42059 0.723948
1.43059 0.722979
1.4406 0.72201
1.4506 0.72104
1.46061 0.72007
1.47061 0.719099
1.48061 0.718128
1.49062 0.717156
1.50062 0.716184
1.51063 0.715211
1.52063 0.714238
1.53064 0.713264
1.54064 0.71229
1.55064 0.711315
1.56065 0.71034
1.57065 0.709364
1.58066 0.708387
1.59066 0.70741
1.60066 0.706433
1.61067 0.705455
1.62067 0.704476
1.63068 0.703497
1.64068 0.702517
1.65068 0.701537
1.66069 0.700556
1.67069 0.699574
1.6807 0.698592
1.6907 0.697609
1.70071 0.696626
1.71071 0.695642
1.72071 0.694658
1.73072 0.693673
1.74072 0.692687
1.75073 0.691701
1.76073 0.690714
1.77073 0.689726
1.78074 0.688738
1.79074 0.687749
1.80075 0.68676
1.81075 0.68577
1.82076 0.684779
1.83076 0.683788
1.84076 0.682567
1.85077 0.681212
1.86077 0.680413
1.87078 0.680096
1.88078 0.679804
1.89078 0.679513
1.90079 0.679222
1.91079 0.678931
1.9208 0.67864
1.9308 0.678349
1.94081 0.678058
1.95081 0.677767
1.96081 0.677476
1.97082 0.677185
1.98082 0.676893
1.99083 0.676602
2.00083 0.67631
2.01083 0.676019
2.02084 0.675727
2.03084 0.675436
2.04085 0.675144
2.05085 0.674852
2.06086 0.674561
2.07086 0.674269
2.08086 0.673977
2.09087 0.673685
2.10087 0.673393
2.11088 0.673101
2.12088 0.672808
2.13088 0.672516
2.14089 0.672224
2.15089 0.671931
2.1609 0.671639
2.1709 0.671347
2.1809 0.671054
2.19091 0.670761
2.20091 0.670469
2.21092 0.670176
2.22092 0.669883
2.23093 0.66959
2.24093 0.669297
2.25093 0.669004
2.26094 0.668711
2.27094 0.668418
2.28095 0.668125
2.29095 0.667831
2.30095 0.667538
2.31096 0.667245
2.32096 0.666951
2.33097 0.666658
2.34097 0.666364
2.35098 0.66607
2.36098 0.665776
2.37098 0.665483
2.38099 0.665189
2.39099 0.664895
2.401 0.664601
2.411 0.664307
2.421 0.664012
2.43101 0.663718
2.44101 0.663424
2.45102 0.66313
2.46102 0.662835
2.47103 0.662541
2.48103 0.662246
2.49103 0.661951
2.50104 0.661657
2.51104 0.661362
2.52105 0.661067
2.53105 0.660772
2.54105 0.660477
2.55106 0.660182
2.56106 0.659887
2.57107 0.659592
2.58107 0.659296
2.59108 0.659001
2.60108 0.658705
2.61108 0.65841
2.62109 0.658114
2.63109 0.657819
2.6411 0.657523
2.6511 0.657227
2.6611 0.656931
2.67111 0.656635
2.68111 0.656339
2.69112 0.656043
2.70112 0.655747
2.71112 0.655451
2.72113 0.655155
2.73113 0.654858
2.74114 0.654562
2.75114 0.654265
2.76115 0.653969
2.77115 0.653672
2.78115 0.653375
2.79116 0.653078
2.80116 0.652781
2.81117 0.652485
2.82117 0.652187
2.83117 0.65189
2.84118 0.651593
2.85118 0.651296
2.86119 0.650998
2.87119 0.650701
2.8812 0.650404
2.8912 0.650106
2.9012 0.649808
2.91121 0.649511
2.92121 0.649213
2.93122 0.648915
2.94122 0.648617
2.95122 0.648319
2.96123 0.648021
2.97123 0.647722
2.98124 0.647424
2.99124 0.647126
3.00125 0.646827
3.01125 0.646529
3.02125 0.64623
3.03126 0.645932
3.04126 0.645633
3.05127 0.645334
3.06127 0.645035
3.07127 0.644736
3.08128 0.644437
3.09128 0.644138
3.10129 0.643838
3.11129 0.643539
3.1213 0.64324
3.1313 0.64294
3.1413 0.642641
3.15131 0.642341
3.16131 0.642041
3.17132 0.641741
3.18132 0.641441
3.19132 0.641141
3.20133 0.640841
3.21133 0.640541
3.22134 0.640241
3.23134 0.639941
3.24134 0.63964
3.25135 0.63934
3.26135 0.639039
3.27136 0.638738
3.28136 0.638438
3.29137 0.638137
3.30137 0.637836
3.31137 0.637535
3.32138 0.636933
3.33138 0.636631
3.34139 0.63633
3.35139 0.636029
3.36139 0.635727
3.3714 0.635425
3.3814 0.635124
3.39141 0.634822
3.40141 0.63452
3.41142 0.634218
3.42142 0.633916
3.43142 0.633614
3.44143 0.633312
3.45143 0.633009
3.46144 0.632707
3.47144 0.632404
3.48144 0.632102
3.49145 0.631799
3.50145 0.631496
3.51146 0.631193
3.52146 0.63089
3.53147 0.630587
3.54147 0.630284
3.55147 0.629981
3.56148 0.629678
3.57148 0.629374
3.58149 0.629071
3.59149 0.628767
3.60149 0.628463
3.6115 0.62816
3.6215 0.627856
3.63151 0.627552
3.64151 0.627248
3.65152 0.626943
3.66152 0.626639
3.67152 0.626335
3.68153 0.62603
3.69153 0.625726
3.70154 0.625421
3.71154 0.625116
3.72154 0.624812
3.73155 0.624507
3.74155 0.624202
3.75156 0.623896
3.76156 0.623591
3.77156 0.623286
3.78157 0.62298
3.79157 0.622675
3.80158 0.622369
3.81158 0.622069
3.82159 0.621646
3.83159 0.623704
3.84159 0.598428
3.8516 0.572794
3.8616 0.509629
3.87161 0.490465
3.88161 0.477043
3.89161 0.465839
3.90162 0.455964
3.91162 0.447017
3.92163 0.438767
3.93163 0.431068
3.94164 0.423816
3.95164 0.416936
3.96164 0.410371
3.97165 0.404074
3.98165 0.398007
3.99166 0.392139
4.00166 0.38644
4.01166 0.380883
4.02167 0.37679
4.03167 0.371409
4.04168 0.366079
4.05168 0.360748
4.06169 0.355326
4.07169 0.349642
4.08169 0.343284
4.0917 0.335258
4.1017 0.319637
4.11171 0.316419
4.12171 0.31346
4.13171 0.310719
4.14172 0.308164
4.15172 0.305769
4.16173 0.303514
4.17173 0.301381
4.18174 0.299358
4.19174 0.297432
4.20174 0.295593
4.21175 0.293832
4.22175 0.292144
4.23176 0.290521
4.24176 0.288959
4.25176 0.287451
4.26177 0.285995
4.27177 0.284586
4.28178 0.283221
4.29178 0.281897
4.30178 0.280611
4.31179 0.279362
4.32179 0.278146
4.3318 0.276962
4.3418 0.275808
4.35181 0.274683
4.36181 0.273584
4.37181 0.272511
4.38182 0.271463
4.39182 0.270437
4.40183 0.269433
4.41183 0.268451
4.42183 0.267488
4.43184 0.266545
4.44184 0.265619
4.45185 0.264712
4.46185 0.263821
4.47186 0.262947
4.48186 0.262088
4.49186 0.261244
4.50187 0.260414
4.51187 0.259599
4.52188 0.258796
4.53188 0.258007
4.54188 0.25723
4.55189 0.256466
4.56189 0.255713
4.5719 0.254971
4.5819 0.25424
4.59191 0.25352
4.60191 0.252811
4.61191 0.252111
4.62192 0.251421
4.63192 0.25074
4.64193 0.250069
4.65193 0.249406
4.66193 0.248752
4.67194 0.248107
4.68194 0.247469
4.69195 0.24684
4.70195 0.246218
4.71196 0.245604
4.72196 0.244998
4.73196 0.244398
4.74197 0.243806
4.75197 0.243221
4.76198 0.242642
4.77198 0.24207
4.78198 0.241504
4.79199 0.240944
4.80199 0.24039
4.812 0.239843
4.822 0.239301
4.832 0.238765
4.84201 0.238235
4.85201 0.23771
4.86202 0.23719
4.87202 0.236676
4.88203 0.236167
4.89203 0.235663
4.90203 0.235163
4.91204 0.234669
4.92204 0.234179
4.93205 0.233694
4.94205 0.233214
4.95205 0.232738
4.96206 0.232267
4.97206 0.231799
4.98207 0.231336
4.99207 0.230878
5.00208 0.230423
5.01208 0.229973
5.02208 0.229526
5.03209 0.229083
5.04209 0.228643
5.0521 0.228204
5.0621 0.227766
5.0721 0.227335
5.08211 0.226932
5.09211 0.226583
5.10212 0.22629
5.11212 0.226018
5.12213 0.225748
5.13213 0.225479
5.14213 0.225212
5.15214 0.224946
5.16214 0.224682
5.17215 0.224419
5.18215 0.224158
5.19215 0.223897
5.20216 0.223639
5.21216 0.223381
5.22217 0.223125
5.23217 0.22287
5.24218 0.222617
5.25218 0.222365
5.26218 0.222114
5.27219 0.221864
5.28219 0.221616
5.2922 0.221369
5.3022 0.221123
5.3122 0.220879
5.32221 0.220635
5.33221 0.220393
5.34222 0.220152
5.35222 0.219912
5.36222 0.219674
5.37223 0.219436
5.38223 0.2192
5.39224 0.218965
5.40224 0.218731
5.41225 0.218498
5.42225 0.218266
5.43225 0.218035
5.44226 0.217805
5.45226 0.217577
5.46227 0.217349
5.47227 0.217123
5.48227 0.216898
5.49228 0.216673
5.50228 0.21645
5.51229 0.216228
5.52229 0.216006
5.5323 0.215786
5.5423 0.215567
5.5523 0.215348
5.56231 0.215131
5.57231 0.214915
5.58232 0.214699
5.59232 0.214485
5.60232 0.214272
5.61233 0.214059
5.62233 0.213847
5.63234 0.213637
5.64234 0.213427
5.65235 0.213218
5.66235 0.21301
5.67235 0.212803
5.68236 0.212597
5.69236 0.212392
5.70237 0.212187
5.71237 0.211984
5.72237 0.211781
5.73238 0.211579
5.74238 0.211378
5.75239 0.211178
5.76239 0.210979
5.7724 0.21078
5.7824 0.210583
5.7924 0.210386
5.80241 0.21019
5.81241 0.209994
5.82242 0.2098
5.83242 0.209606
5.84242 0.209413
5.85243 0.209221
5.86243 0.20903
5.87244 0.208839
5.88244 0.20865
5.89244 0.208461
5.90245 0.208272
5.91245 0.208085
5.92246 0.207898
5.93246 0.207712
5.94247 0.207527
5.95247 0.207342
5.96247 0.207158
5.97248 0.206975
5.98248 0.206792
5.99249 0.206611
6.00249 0.20643
6.01249 0.206249
6.0225 0.206069
6.0325 0.20589
6.04251 0.205712
6.05251 0.205534
6.06252 0.205357
6.07252 0.205181
6.08252 0.205005
6.09253 0.20483
6.10253 0.204656
6.11254 0.204482
6.12254 0.204309
6.13254 0.204137
6.14255 0.203965
6.15255 0.203794
6.16256 0.203623
6.17256 0.203453
6.18257 0.203284
6.19257 0.203115
6.20257 0.202947
6.21258 0.20278
6.22258 0.202613
6.23259 0.202447
6.24259 0.202281
6.25259 0.202116
6.2626 0.201951
6.2726 0.201787
6.28261 0.201624
6.29261 0.201461
6.30262 0.201299
6.31262 0.201138
6.32262 0.200976
6.33263 0.200816
6.34263 0.200656
6.35264 0.200497
6.36264 0.200338
6.37264 0.20018
6.38265 0.200022
6.39265 0.199865
6.40266 0.199708
6.41266 0.199552
6.42267 0.199396
6.43267 0.199241
6.44267 0.199086
6.45268 0.198932
6.46268 0.198779
6.47269 0.198626
6.48269 0.198473
6.49269 0.198321
6.5027 0.19817
6.5127 0.198019
6.52271 0.197869
6.53271 0.197719
6.54271 0.197569
6.55272 0.19742
6.56272 0.197272
6.57273 0.197124
6.58273 0.196976
6.59274 0.196829
6.60274 0.196682
6.61274 0.196536
6.62275 0.196391
6.63275 0.196245
6.64276 0.196101
6.65276 0.195956
6.66276 0.195813
6.67277 0.195669
6.68277 0.195527
6.69278 0.195384
6.70278 0.195242
6.71279 0.195101
6.72279 0.19496
6.73279 0.194819
6.7428 0.194679
6.7528 0.194539
6.76281 0.1944
6.77281 0.194261
6.78281 0.194122
6.79282 0.193984
6.80282 0.193847
6.81283 0.19371
6.82283 0.193573
6.83284 0.193437
6.84284 0.193301
6.85284 0.193165
6.86285 0.19303
6.87285 0.192896
6.88286 0.192761
6.89286 0.192627
6.90286 0.192494
6.91287 0.192361
6.92287 0.192228
6.93288 0.192096
6.94288 0.191964
6.95289 0.191833
6.96289 0.191702
6.97289 0.191571
6.9829 0.191441
6.9929 0.191311
7.00291 0.191181
7.01291 0.191052
7.02291 0.190923
7.03292 0.190795
7.04292 0.190667
7.05293 0.190539
7.06293 0.190412
7.07293 0.190285
7.08294 0.190159
7.09294 0.190033
7.10295 0.189907
7.11295 0.189782
7.12296 0.189656
7.13296 0.189532
7.14296 0.189407
7.15297 0.189283
7.16297 0.18916
7.17298 0.189037
7.18298 0.188914
7.19298 0.188791
7.20299 0.188669
7.21299 0.188547
7.223 0.188425
7.233 0.188304
7.24301 0.188183
7.25301 0.188063
7.26301 0.187943
7.27302 0.187823
7.28302 0.187703
7.29303 0.187584
7.30303 0.187465
7.31303 0.187347
7.32304 0.187229
7.33304 0.187111
7.34305 0.186993
7.35305 0.186876
7.36306 0.186759
7.37306 0.186643
7.38306 0.186526
7.39307 0.18641
7.40307 0.186295
7.41308 0.186179
7.42308 0.186064
7.43308 0.18595
7.44309 0.185835
7.45309 0.185721
7.4631 0.185608
7.4731 0.185494
7.48311 0.185381
7.49311 0.185268
7.50311 0.185156
7.51312 0.185043
7.52312 0.184931
7.53313 0.18482
7.54313 0.184708
7.55313 0.184597
7.56314 0.184487
7.57314 0.184376
7.58315 0.184266
7.59315 0.184156
7.60315 0.184047
7.61316 0.183937
7.62316 0.183828
7.63317 0.18372
7.64317 0.183611
7.65318 0.183503
7.66318 0.183395
7.67318 0.183287
7.68319 0.18318
7.69319 0.183073
7.7032 0.182966
7.7132 0.18286
7.7232 0.182754
7.73321 0.182648
7.74321 0.182542
7.75322 0.182436
7.76322 0.182331
7.77323 0.182226
7.78323 0.182122
7.79323 0.182017
7.80324 0.181913
7.81324 0.18181
7.82325 0.181706
7.83325 0.181603
7.84325 0.1815
7.85326 0.181397
7.86326 0.181294
7.87327 0.181192
7.88327 0.18109
7.89328 0.180988
7.90328 0.180887
7.91328 0.180786
7.92329 0.180685
7.93329 0.180584
7.9433 0.180483
7.9533 0.180383
7.9633 0.180283
7.97331 0.180183
7.98331 0.180084
7.99332 0.179985
8.00332 0.179886
8.01333 0.179787
8.02333 0.179688
8.03333 0.17959
8.04334 0.179492
8.05334 0.179394
8.06335 0.179297
8.07335 0.179199
8.08335 0.179102
8.09336 0.179005
8.10336 0.178909
8.11337 0.178812
8.12337 0.178716
8.13337 0.17862
8.14338 0.178524
8.15338 0.178429
8.16339 0.178334
8.17339 0.178239
8.1834 0.178144
8.1934 0.178049
8.2034 0.177955
8.21341 0.177861
8.22341 0.177767
8.23342 0.177673
8.24342 0.17758
8.25342 0.177486
8.26343 0.177393
8.27343 0.177301
8.28344 0.177208
8.29344 0.177116
8.30345 0.177023
8.31345 0.176932
8.32345 0.17684
8.33346 0.176748
8.34346 0.176657
8.35347 0.176566
8.36347 0.176475
8.37347 0.176384
8.38348 0.176294
8.39348 0.176204
8.40349 0.176114
8.41349 0.176024
8.4235 0.175934
8.4335 0.175845
8.4435 0.175756
8.45351 0.175667
8.46351 0.175578
8.47352 0.175489
8.48352 0.175401
8.49352 0.175313
8.50353 0.175225
8.51353 0.175137
8.52354 0.175049
8.53354 0.174962
8.54355 0.174874
8.55355 0.174787
8.56355 0.174701
8.57356 0.174617
8.58356 0.174533
8.59357 0.174438
8.60357 0.17433
8.61357 0.174216
8.62358 0.174102
8.63358 0.173988
8.64359 0.173874
8.65359 0.173761
8.66359 0.173649
8.6736 0.173536
8.6836 0.173424
8.69361 0.173312
8.70361 0.173201
8.71362 0.173089
8.72362 0.172979
8.73362 0.172868
8.74363 0.172758
8.75363 0.172648
8.76364 0.172538
8.77364 0.172428
8.78364 0.172319
8.79365 0.172211
8.80365 0.172102
8.81366 0.171994
8.82366 0.171886
8.83367 0.171778
8.84367 0.171671
8.85367 0.171564
8.86368 0.171457
8.87368 0.17135
8.88369 0.171244
8.89369 0.171138
8.90369 0.171033
8.9137 0.170927
8.9237 0.170822
8.93371 0.170717
8.94371 0.170613
8.95372 0.170509
8.96372 0.170405
8.97372 0.170301
8.98373 0.170197
8.99373 0.170094
9.00374 0.169991
9.01374 0.169889
9.02374 0.169786
9.03375 0.169684
9.04375 0.169582
9.05376 0.169481
9.06376 0.16938
9.07377 0.169279
9.08377 0.169178
9.09377 0.169077
9.10378 0.168977
9.11378 0.168877
9.12379 0.168777
9.13379 0.168678
9.14379 0.168578
9.1538 0.168479
9.1638 0.168381
9.17381 0.168282
9.18381 0.168184
9.19381 0.168086
9.20382 0.167988
9.21382 0.167891
9.22383 0.167794
9.23383 0.167697
9.24384 0.1676
9.25384 0.167503
9.26384 0.167407
9.27385 0.167311
9.28385 0.167215
9.29386 0.16712
9.30386 0.167024
9.31386 0.166929
9.32387 0.166834
9.33387 0.16674
9.34388 0.166645
9.35388 0.166551
9.36389 0.166457
9.37389 0.166364
9.38389 0.16627
9.3939 0.166177
9.4039 0.166084
9.41391 0.165991
9.42391 0.165899
9.43391 0.165806
9.44392 0.165714
9.45392 0.165623
9.46393 0.165531
9.47393 0.165439
9.48394 0.165348
9.49394 0.165257
9.50394 0.165167
9.51395 0.165076
9.52395 0.164986
9.53396 0.164896
9.54396 0.164806
9.55396 0.164716
9.56397 0.164627
9.57397 0.164537
9.58398 0.164448
9.59398 0.16436
9.60399 0.164271
9.61399 0.164183
9.62399 0.164094
9.634 0.164007
9.644 0.163919
9.65401 0.163831
9.66401 0.163744
9.67401 0.163657
9.68402 0.16357
9.69402 0.163483
9.70403 0.163397
9.71403 0.16331
9.72403 0.163224
9.73404 0.163138
9.74404 0.163052
9.75405 0.162967
9.76405 0.162882
9.77406 0.162797
9.78406 0.162712
9.79406 0.162627
9.80407 0.162542
9.81407 0.162458
9.82408 0.162374
9.83408 0.16229
9.84408 0.162206
9.85409 0.162123
9.86409 0.162039
9.8741 0.161956
9.8841 0.161873
9.89411 0.16179
9.90411 0.161708
9.91411 0.161625
9.92412 0.161543
9.93412 0.161461
9.94413 0.161379
9.95413 0.161298
9.96413 0.161216
9.97414 0.161135
9.98414 0.161054
9.99415 0.160973
10.0042 0.160892
10.0142 0.160811
10.0242 0.160731
10.0342 0.160651
10.0442 0.160571
10.0542 0.160491
10.0642 0.160411
10.0742 0.160332
10.0842 0.160252
10.0942 0.160173
10.1042 0.160094
10.1142 0.160016
10.1242 0.159937
10.1342 0.159859
10.1442 0.15978
10.1542 0.159702
10.1642 0.159624
10.1742 0.159547
10.1842 0.159469
10.1942 0.159392
10.2042 0.159314
10.2142 0.159237
10.2242 0.15916
10.2342 0.159084
10.2443 0.159007
10.2543 0.158931
10.2643 0.158855
10.2743 0.158778
10.2843 0.158703
10.2943 0.158627
10.3043 0.158551
10.3143 0.158476
10.3243 0.158401
10.3343 0.158327
10.3443 0.158253
10.3543 0.158173
10.3643 0.158084
10.3743 0.157999
10.3843 0.157971
10.3943 0.158052
10.4043 0.158108
10.4143 0.158079
10.4243 0.158048
10.4343 0.158041
10.4443 0.158052
10.4543 0.158074
10.4643 0.158119
10.4743 0.15818
10.4844 0.15826
10.4944 0.158412
10.5044 0.158531
10.5144 0.158673
10.5244 0.158835
10.5344 0.159012
10.5444 0.159211
10.5544 0.159427
10.5644 0.159659
10.5744 0.160044
10.5844 0.160324
10.5944 0.160629
10.6044 0.160952
10.6144 0.161293
10.6244 0.161654
10.6344 0.162034
10.6444 0.162437
10.6544 0.163086
10.6644 0.163543
10.6744 0.164021
10.6844 0.164528
10.6944 0.165059
10.7044 0.165606
10.7144 0.16618
10.7244 0.166786
10.7345 0.167741
10.7445 0.168409
10.7545 0.169103
10.7645 0.169831
10.7745 0.170598
10.7845 0.171386
10.7945 0.172187
10.8045 0.173496
10.8145 0.174508
10.8245 0.1753
10.8345 0.175693
10.8445 0.177491
10.8545 0.181898
10.8645 0.179242
10.8745 0.162831
10.8845 0.155366
10.8945 0.155296
10.9045 0.155225
10.9145 0.155155
10.9245 0.155085
10.9345 0.155015
10.9445 0.154945
10.9545 0.154806
10.9645 0.154737
10.9746 0.154668
10.9846 0.154599
10.9946 0.15453
11.0046 0.154461
11.0146 0.154393
11.0246 0.154324
11.0346 0.154256
11.0446 0.154188
11.0546 0.15412
11.0646 0.154052
11.0746 0.153984
11.0846 0.153916
11.0946 0.153849
11.1046 0.153781
11.1146 0.153714
11.1246 0.153647
11.1346 0.15358
11.1446 0.153513
11.1546 0.153447
11.1646 0.15338
11.1746 0.153314
11.1846 0.153248
11.1946 0.153181
11.2046 0.153115
11.2147 0.15305
11.2247 0.152984
11.2347 0.152918
11.2447 0.152853
11.2547 0.152788
11.2647 0.152722
11.2747 0.152657
11.2847 0.152592
11.2947 0.152527
11.3047 0.152463
11.3147 0.152398
11.3247 0.152334
11.3347 0.15227
11.3447 0.152205
11.3547 0.152141
11.3647 0.152077
11.3747 0.152014
11.3847 0.15195
11.3947 0.151887
11.4047 0.151823
11.4147 0.15176
11.4247 0.151697
11.4347 0.151634
11.4447 0.151571
11.4548 0.151508
11.4648 0.151445
11.4748 0.151383
11.4848 0.15132
11.4948 0.151258
11.5048 0.151196
11.5148 0.151134
11.5248 0.151072
11.5348 0.15101
11.5448 0.150948
11.5548 0.150887
11.5648 0.150825
11.5748 0.150764
11.5848 0.150703
11.5948 0.150642
11.6048 0.150581
11.6148 0.15052
11.6248 0.150459
11.6348 0.150399
11.6448 0.150338
11.6548 0.150278
11.6648 0.150218
11.6748 0.150157
11.6848 0.150098
11.6949 0.150038
11.7049 0.149978
11.7149 0.149917
11.7249 0.149853
11.7349 0.149792
11.7449 0.149753
11.7549 0.149744
11.7649 0.149748
11.7749 0.149751
11.7849 0.149754
11.7949 0.149758
11.8049 0.149761
11.8149 0.149765
11.8249 0.149768
11.8349 0.149772
11.8449 0.149775
11.8549 0.149778
11.8649 0.149782
11.8749 0.149785
11.8849 0.149789
11.8949 0.149792
11.9049 0.149795
11.9149 0.149799
11.9249 0.149802
11.935 0.149806
11.945 0.149809
11.955 0.149812
11.965 0.149816
11.975 0.149819
11.985 0.149822
11.995 0.149826
12.005 0.149829
12.015 0.149833
12.025 0.149836
12.035 0.149839
12.045 0.149843
12.055 0.149846
12.065 0.14985
12.075 0.149853
12.085 0.149856
12.095 0.14986
12.105 0.149863
12.115 0.149866
12.125 0.14987
12.135 0.149873
12.145 0.149876
12.155 0.14988
12.165 0.149883
12.1751 0.149886
12.1851 0.14989
12.1951 0.149893
12.2051 0.149896
12.2151 0.1499
12.2251 0.149903
12.2351 0.149907
12.2451 0.14991
12.2551 0.149913
12.2651 0.149917
12.2751 0.14992
12.2851 0.149923
12.2951 0.149926
12.3051 0.14993
12.3151 0.149933
12.3251 0.149936
12.3351 0.14994
12.3451 0.149943
12.3551 0.149946
12.3651 0.14995
12.3751 0.149953
12.3851 0.149956
12.3951 0.14996
12.4051 0.149963
12.4152 0.149966
12.4252 0.14997
12.4352 0.149973
12.4452 0.149976
12.4552 0.149979
12.4652 0.149983
12.4752 0.149986
12.4852 0.149989
12.4952 0.149993
12.5052 0.149996
12.5152 0.149999
12.5252 0.150003
12.5352 0.150006
12.5452 0.150009
12.5552 0.150012
12.5652 0.150016
12.5752 0.150019
12.5852 0.150022
12.5952 0.150025
12.6052 0.150029
12.6152 0.150032
12.6252 0.150035
12.6352 0.150039
12.6452 0.150042
12.6553 0.150045
12.6653 0.150048
12.6753 0.150052
12.6853 0.150055
12.6953 0.150058
12.7053 0.150061
12.7153 0.150065
12.7253 0.150068
12.7353 0.150071
12.7453 0.150074
12.7553 0.150078
12.7653 0.150081
12.7753 0.150084
12.7853 0.150087
12.7953 0.150091
12.8053 0.150094
12.8153 0.150097
12.8253 0.1501
12.8353 0.150103
12.8453 0.150107
12.8553 0.15011
12.8653 0.150113
12.8753 0.150116
12.8853 0.15012
12.8954 0.150123
12.9054 0.150126
12.9154 0.150129
12.9254 0.150132
12.9354 0.150136
12.9454 0.150139
12.9554 0.150142
12.9654 0.150145
12.9754 0.150149
12.9854 0.150152
12.9954 0.150155
13.0054 0.150158
13.0154 0.150161
13.0254 0.150165
13.0354 0.150168
13.0454 0.150171
13.0554 0.150174
13.0654 0.150177
13.0754 0.15018
13.0854 0.150184
13.0954 0.150187
13.1054 0.15019
13.1154 0.150193
13.1254 0.150196
13.1355 0.1502
13.1455 0.150203
13.1555 0.150206
13.1655 0.150209
13.1755 0.150212
13.1855 0.150215
13.1955 0.150219
13.2055 0.150222
13.2155 0.150225
13.2255 0.150228
13.2355 0.150231
13.2455 0.150234
13.2555 0.150238
13.2655 0.150241
13.2755 0.150244
13.2855 0.150247
13.2955 0.15025
13.3055 0.150253
13.3155 0.150256
13.3255 0.15026
13.3355 0.150263
13.3455 0.150266
13.3555 0.150269
13.3655 0.150272
13.3756 0.150275
13.3856 0.150278
13.3956 0.150282
13.4056 0.150285
13.4156 0.150288
13.4256 0.150291
13.4356 0.150294
13.4456 0.150297
13.4556 0.1503
13.4656 0.150303
13.4756 0.150307
13.4856 0.15031
13.4956 0.150313
13.5056 0.150316
13.5156 0.150319
13.5256 0.150322
13.5356 0.150325
13.5456 0.150328
13.5556 0.150331
13.5656 0.150335
13.5756 0.150338
13.5856 0.150341
13.5956 0.150344
13.6056 0.150347
13.6156 0.15035
13.6257 0.150353
13.6357 0.150356
13.6457 0.150359
13.6557 0.150362
13.6657 0.150365
13.6757 0.150369
13.6857 0.150372
13.6957 0.150375
13.7057 0.150378
13.7157 0.150381
13.7257 0.150384
13.7357 0.150387
13.7457 0.15039
13.7557 0.150393
13.7657 0.150396
13.7757 0.150399
13.7857 0.150402
13.7957 0.150405
13.8057 0.150408
13.8157 0.150412
13.8257 0.150415
13.8357 0.150418
13.8457 0.150421
13.8557 0.150424
13.8658 0.150427
13.8758 0.150429
13.8858 0.150433
13.8958 0.15044
13.9058 0.150445
13.9158 0.150437
13.9258 0.150403
13.9358 0.150375
13.9458 0.150494
13.9558 0.150935
13.9658 0.151368
13.9758 0.15011
13.9858 0.145
13.9958 0.139752
14.0058 0.151877
14.0158 0.215899
14.0258 0.388111
14.0358 0.598138
14.0458 0.657019
14.0558 0.659817
14.0658 0.660148
14.0758 0.660453
14.0858 0.660758
14.0958 0.661062
14.1059 0.661367
14.1159 0.661671
14.1259 0.661976
14.1359 0.66228
14.1459 0.662584
14.1559 0.662888
14.1659 0.663192
14.1759 0.663496
14.1859 0.6638
14.1959 0.664104
14.2059 0.664408
14.2159 0.664712
14.2259 0.665016
14.2359 0.665319
14.2459 0.665623
14.2559 0.665926
14.2659 0.66623
14.2759 0.666533
14.2859 0.666837
14.2959 0.66714
14.3059 0.667443
14.3159 0.667746
14.3259 0.668049
14.3359 0.668352
14.346 0.668655
14.356 0.668958
14.366 0.669261
14.376 0.669564
14.386 0.669866
14.396 0.670169
14.406 0.670472
14.416 0.670774
14.426 0.671077
14.436 0.671379
14.446 0.671681
14.456 0.671984
14.466 0.672286
14.476 0.672588
14.486 0.67289
14.496 0.673192
14.506 0.673494
14.516 0.673796
14.526 0.674098
14.536 0.6744
14.546 0.674701
14.556 0.675003
14.566 0.675305
14.576 0.675606
14.5861 0.675908
14.5961 0.676209
14.6061 0.67651
14.6161 0.676812
14.6261 0.677113
14.6361 0.677414
14.6461 0.677715
14.6561 0.678016
14.6661 0.678317
14.6761 0.678618
14.6861 0.678919
14.6961 0.67922
14.7061 0.679521
14.7161 0.679822
14.7261 0.680122
14.7361 0.680423
14.7461 0.680725
14.7561 0.681019
14.7661 0.681228
14.7761 0.68129
14.7861 0.681286
14.7961 0.681284
14.8061 0.681281
14.8161 0.681278
14.8262 0.681275
14.8362 0.681272
14.8462 0.68127
14.8562 0.681267
14.8662 0.681264
14.8762 0.681261
14.8862 0.681259
14.8962 0.681256
14.9062 0.681253
14.9162 0.68125
14.9262 0.681247
14.9362 0.681245
14.9462 0.681242
14.9562 0.681239
14.9662 0.681236
14.9762 0.681233
14.9862 0.681231
14.9962 0.681228
15.0062 0.681225
15.0162 0.681222
15.0262 0.681219
15.0362 0.681217
15.0462 0.681214
15.0562 0.681211
15.0663 0.681208
15.0763 0.681205
15.0863 0.681202
15.0963 0.6812
15.1063 0.681197
15.1163 0.681194
15.1263 0.681191
15.1363 0.681188
15.1463 0.681185
15.1563 0.681183
15.1663 0.68118
15.1763 0.681177
15.1863 0.681174
15.1963 0.681171
15.2063 0.681168
15.2163 0.681166
15.2263 0.681163
15.2363 0.68116
15.2463 0.681157
15.2563 0.681154
15.2663 0.681151
15.2763 0.681149
15.2863 0.681146
15.2963 0.681143
15.3064 0.68114
15.3164 0.681137
15.3264 0.681134
15.3364 0.681131
15.3464 0.681129
15.3564 0.681126
15.3664 0.681123
15.3764 0.68112
15.3864 0.681117
15.3964 0.681114
15.4064 0.681111
15.4164 0.681109
15.4264 0.681106
15.4364 0.681103
15.4464 0.6811
15.4564 0.681097
15.4664 0.681094
15.4764 0.681091
15.4864 0.681089
15.4964 0.681086
15.5064 0.681083
15.5164 0.68108
15.5264 0.681077
15.5364 0.681074
15.5465 0.681071
15.5565 0.681069
15.5665 0.681066
15.5765 0.681063
15.5865 0.68106
15.5965 0.681057
15.6065 0.681054
15.6165 0.681051
15.6265 0.681049
15.6365 0.681046
15.6465 0.681043
15.6565 0.68104
15.6665 0.681037
15.6765 0.681034
15.6865 0.681031
15.6965 0.681029
15.7065 0.681026
15.7165 0.681023
15.7265 0.68102
15.7365 0.681017
15.7465 0.681014
15.7565 0.681011
15.7665 0.681009
15.7765 0.681006
15.7866 0.681003
15.7966 0.681
15.8066 0.680997
15.8166 0.680994
15.8266 0.680991
15.8366 0.680989
15.8466 0.680986
15.8566 0.680983
15.8666 0.68098
15.8766 0.680977
15.8866 0.680974
15.8966 0.680971
15.9066 0.680969
15.9166 0.680966
15.9266 0.680963
15.9366 0.68096
15.9466 0.680957
15.9566 0.680954
15.9666 0.680951
15.9766 0.680949
15.9866 0.680946
15.9966 0.680943
16.0066 0.68094
16.0166 0.680937
16.0267 0.680934
16.0367 0.680932
16.0467 0.680929
16.0567 0.680926
16.0667 0.680923
16.0767 0.68092
16.0867 0.680917
16.0967 0.680914
16.1067 0.680912
16.1167 0.680909
16.1267 0.680906
16.1367 0.680903
16.1467 0.6809
16.1567 0.680897
16.1667 0.680895
16.1767 0.680892
16.1867 0.680889
16.1967 0.680886
16.2067 0.680883
16.2167 0.68088
16.2267 0.680878
16.2367 0.680875
16.2467 0.680872
16.2567 0.680869
16.2667 0.680866
16.2768 0.680863
16.2868 0.68086
16.2968 0.680858
16.3068 0.680855
16.3168 0.680852
16.3268 0.680849
16.3368 0.680846
16.3468 0.680843
16.3568 0.680841
16.3668 0.680838
16.3768 0.680835
16.3868 0.680832
16.3968 0.680829
16.4068 0.680826
16.4168 0.680824
16.4268 0.680821
16.4368 0.680818
16.4468 0.680815
16.4568 0.680812
16.4668 0.680809
16.4768 0.680807
16.4868 0.680804
16.4968 0.680801
16.5068 0.680798
16.5169 0.680795
16.5269 0.680792
16.5369 0.68079
16.5469 0.680787
16.5569 0.680784
16.5669 0.680781
16.5769 0.680778
16.5869 0.680775
16.5969 0.680773
16.6069 0.68077
16.6169 0.680767
16.6269 0.680764
16.6369 0.680761
16.6469 0.680758
16.6569 0.680756
16.6669 0.680753
16.6769 0.68075
16.6869 0.680747
16.6969 0.680744
16.7069 0.680741
16.7169 0.680739
16.7269 0.680736
16.7369 0.680733
16.7469 0.68073
16.757 0.680727
16.767 0.680724
16.777 0.680722
16.787 0.680719
16.797 0.680716
16.807 0.680713
16.817 0.68071
16.827 0.680707
16.837 0.680705
16.847 0.680702
16.857 0.680699
16.867 0.680696
16.877 0.680693
16.887 0.68069
16.897 0.680688
16.907 0.680685
16.917 0.680682
16.927 0.680679
16.937 0.680676
16.947 0.680673
16.957 0.680671
16.967 0.680668
16.977 0.680665
16.987 0.680662
16.9971 0.680659
17.0071 0.680656
17.0171 0.680654
17.0271 0.680651
17.0371 0.680648
17.0471 0.680645
17.0571 0.680642
17.0671 0.680639
17.0771 0.680637
17.0871 0.680634
17.0971 0.680631
17.1071 0.680628
17.1171 0.680625
17.1271 0.680622
17.1371 0.68062
17.1471 0.680617
17.1571 0.680614
17.1671 0.680611
17.1771 0.680608
17.1871 0.680605
17.1971 0.680602
17.2071 0.6806
17.2171 0.680597
17.2271 0.680594
17.2372 0.680591
17.2472 0.680588
17.2572 0.680585
17.2672 0.680583
17.2772 0.68058
17.2872 0.680577
17.2972 0.680574
17.3072 0.680571
17.3172 0.680568
17.3272 0.680566
17.3372 0.680563
17.3472 0.68056
17.3572 0.680557
17.3672 0.680554
17.3772 0.680551
17.3872 0.680549
17.3972 0.680546
17.4072 0.680543
17.4172 0.68054
17.4272 0.680537
17.4372 0.680534
17.4472 0.680531
17.4572 0.680529
17.4672 0.680526
17.4773 0.680523
17.4873 0.68052
17.4973 0.680517
17.5073 0.680514
17.5173 0.680512
17.5273 0.680509
17.5373 0.680506
17.5473 0.680503
17.5573 0.6805
17.5673 0.680497
17.5773 0.680495
17.5873 0.680492
17.5973 0.680489
17.6073 0.680486
17.6173 0.680483
17.6273 0.68048
17.6373 0.680478
17.6473 0.680475
17.6573 0.680472
17.6673 0.680469
17.6773 0.680466
17.6873 0.680463
17.6973 0.680461
17.7073 0.680458
17.7174 0.680455
17.7274 0.680452
17.7374 0.680449
17.7474 0.680446
17.7574 0.680443
17.7674 0.680441
17.7774 0.680438
17.7874 0.680435
17.7974 0.680432
17.8074 0.680429
17.8174 0.680426
17.8274 0.680424
17.8374 0.680421
17.8474 0.680418
17.8574 0.680415
17.8674 0.680412
17.8774 0.680409
17.8874 0.680407
17.8974 0.680404
17.9074 0.680401
17.9174 0.680398
17.9274 0.680395
17.9374 0.680392
17.9474 0.68039
17.9575 0.680387
17.9675 0.680384
17.9775 0.680381
17.9875 0.680378
17.9975 0.680375
18.0075 0.680373
18.0175 0.68037
18.0275 0.680367
18.0375 0.680364
18.0475 0.680361
18.0575 0.680358
18.0675 0.680356
18.0775 0.680353
18.0875 0.68035
18.0975 0.680347
18.1075 0.680344
18.1175 0.680341
18.1275 0.680339
18.1375 0.680336
18.1475 0.680333
18.1575 0.68033
18.1675 0.680327
18.1775 0.680324
18.1875 0.680322
18.1976 0.680319
18.2076 0.680316
18.2176 0.680313
18.2276 0.68031
18.2376 0.680307
18.2476 0.680305
18.2576 0.680302
18.2676 0.680299
18.2776 0.680296
18.2876 0.680293
18.2976 0.68029
18.3076 0.680288
18.3176 0.680285
18.3276 0.680282
18.3376 0.680279
18.3476 0.680276
18.3576 0.680273
18.3676 0.680271
18.3776 0.680268
18.3876 0.680265
18.3976 0.680262
18.4076 0.680259
18.4176 0.680256
18.4276 0.680253
18.4377 0.680251
18.4477 0.680248
18.4577 0.680245
18.4677 0.680242
18.4777 0.680239
18.4877 0.680236
18.4977 0.680234
18.5077 0.680231
18.5177 0.680228
18.5277 0.680225
18.5377 0.680222
18.5477 0.680219
18.5577 0.680216
18.5677 0.680214
18.5777 0.680211
18.5877 0.680208
18.5977 0.680205
18.6077 0.680202
18.6177 0.680199
18.6277 0.680196
18.6377 0.680194
18.6477 0.680191
18.6577 0.680188
18.6677 0.680185
18.6778 0.680182
18.6878 0.680179
18.6978 0.680176
18.7078 0.680173
18.7178 0.680171
18.7278 0.680168
18.7378 0.680165
18.7478 0.680162
18.7578 0.680159
18.7678 0.680156
18.7778 0.680153
18.7878 0.68015
18.7978 0.680148
18.8078 0.680145
18.8178 0.680142
18.8278 0.680139
18.8378 0.680136
18.8478 0.680133
18.8578 0.68013
18.8678 0.680127
18.8778 0.680125
18.8878 0.680122
18.8978 0.680119
18.9078 0.680116
18.9178 0.680113
18.9279 0.68011
18.9379 0.680107
18.9479 0.680104
18.9579 0.680101
18.9679 0.680099
18.9779 0.680096
18.9879 0.680093
18.9979 0.68009
19.0079 0.680087
19.0179 0.680084
19.0279 0.680081
19.0379 0.680078
19.0479 0.680075
19.0579 0.680073
19.0679 0.68007
19.0779 0.680067
19.0879 0.680064
19.0979 0.680061
19.1079 0.680058
19.1179 0.680055
19.1279 0.680052
19.1379 0.680049
19.1479 0.680046
19.1579 0.680044
19.168 0.680041
19.178 0.680038
19.188 0.680035
19.198 0.680032
19.208 0.680029
19.218 0.680026
19.228 0.680023
19.238 0.68002
19.248 0.680017
19.258 0.680014
19.268 0.680012
19.278 0.680009
19.288 0.680006
19.298 0.680003
19.308 0.68
19.318 0.679997
19.328 0.679994
19.338 0.679991
19.348 0.679988
19.358 0.679985
19.368 0.679983
19.378 0.67998
19.388 0.679977
19.398 0.679974
19.4081 0.679971
19.4181 0.679968
19.4281 0.679965
19.4381 0.679962
19.4481 0.679959
19.4581 0.679956
19.4681 0.679953
19.4781 0.679951
19.4881 0.679948
19.4981 0.679945
19.5081 0.679942
19.5181 0.679939
19.5281 0.679936
19.5381 0.679933
19.5481 0.67993
19.5581 0.679927
19.5681 0.679924
19.5781 0.679921
19.5881 0.679919
19.5981 0.679916
19.6081 0.679913
19.6181 0.67991
19.6281 0.679907
19.6381 0.679904
19.6482 0.679901
19.6582 0.679898
19.6682 0.679895
19.6782 0.679892
19.6882 0.67989
19.6982 0.679887
19.7082 0.679884
19.7182 0.679881
19.7282 0.679878
19.7382 0.679875
19.7482 0.679872
19.7582 0.679869
19.7682 0.679866
19.7782 0.679863
19.7882 0.679861
19.7982 0.679858
19.8082 0.679855
19.8182 0.679852
19.8282 0.679849
19.8382 0.679846
19.8482 0.679843
19.8582 0.67984
19.8682 0.679837
19.8782 0.679834
19.8883 0.679832
19.8983 0.679829
19.9083 0.679826
19.9183 0.679823
19.9283 0.67982
19.9383 0.679817
19.9483 0.679814
19.9583 0.679811
19.9683 0.679808
19.9783 0.679806
19.9883 0.679803
19.9983 0.6798
20.0083 0.679797
20.0183 0.679794
20.0283 0.679791
20.0383 0.679788
20.0483 0.679785
20.0583 0.679782
20.0683 0.67978
20.0783 0.679777
20.0883 0.679774
20.0983 0.679771
20.1083 0.679768
20.1183 0.679765
20.1284 0.679762
20.1384 0.679759
20.1484 0.679756
20.1584 0.679754
20.1684 0.679751
20.1784 0.679748
20.1884 0.679745
20.1984 0.679742
20.2084 0.679739
20.2184 0.679736
20.2284 0.679733
20.2384 0.679731
20.2484 0.679728
20.2584 0.679725
20.2684 0.679722
20.2784 0.679719
20.2884 0.679716
20.2984 0.679713
20.3084 0.67971
20.3184 0.679707
20.3284 0.679705
20.3384 0.679702
20.3484 0.679699
20.3584 0.679696
20.3685 0.679693
20.3785 0.67969
20.3885 0.679687
20.3985 0.679684
20.4085 0.679681
20.4185 0.679679
20.4285 0.679676
20.4385 0.679673
20.4485 0.67967
20.4585 0.679667
20.4685 0.679664
20.4785 0.679661
20.4885 0.679658
20.4985 0.679655
20.5085 0.679652
20.5185 0.67965
20.5285 0.679647
20.5385 0.679644
20.5485 0.679641
20.5585 0.679638
20.5685 0.679635
20.5785 0.679632
20.5885 0.679629
20.5985 0.679626
20.6086 0.679623
20.6186 0.679621
20.6286 0.679618
20.6386 0.679615
20.6486 0.679612
20.6586 0.679609
20.6686 0.679606
20.6786 0.679603
20.6886 0.6796
20.6986 0.679597
20.7086 0.679594
20.7186 0.679591
20.7286 0.679589
20.7386 0.679586
20.7486 0.679583
20.7586 0.67958
20.7686 0.679577
20.7786 0.679574
20.7886 0.679571
20.7986 0.679568
20.8086 0.679565
20.8186 0.679562
20.8286 0.679559
20.8386 0.679557
20.8487 0.679554
20.8587 0.679551
20.8687 0.679548
20.8787 0.679545
20.8887 0.679542
20.8987 0.679539
20.9087 0.679536
20.9187 0.679533
20.9287 0.67953
20.9387 0.679527
20.9487 0.679524
20.9587 0.679522
20.9687 0.679519
20.9787 0.679516
20.9887 0.679513
20.9987 0.67951
21.0087 0.679507
21.0187 0.679504
21.0287 0.679501
21.0387 0.679498
21.0487 0.679495
21.0587 0.679492
21.0687 0.679489
21.0787 0.679486
21.0888 0.679484
21.0988 0.679481
21.1088 0.679478
21.1188 0.679475
21.1288 0.679472
21.1388 0.679469
21.1488 0.679466
21.1588 0.679463
21.1688 0.67946
21.1788 0.679457
21.1888 0.679454
21.1988 0.679451
21.2088 0.679449
21.2188 0.679446
21.2288 0.679443
21.2388 0.67944
21.2488 0.679437
21.2588 0.679434
21.2688 0.679431
21.2788 0.679428
21.2888 0.679425
21.2988 0.679422
21.3088 0.679419
21.3188 0.679416
21.3289 0.679414
21.3389 0.679411
21.3489 0.679408
21.3589 0.679405
21.3689 0.679402
21.3789 0.679399
21.3889 0.679396
21.3989 0.679393
21.4089 0.67939
21.4189 0.679387
21.4289 0.679384
21.4389 0.679382
21.4489 0.679379
21.4589 0.679376
21.4689 0.679373
21.4789 0.67937
21.4889 0.679367
21.4989 0.679364
21.5089 0.679361
21.5189 0.679358
21.5289 0.679355
21.5389 0.679353
21.5489 0.67935
21.5589 0.679347
21.5689 0.679344
21.579 0.679341
21.589 0.679338
21.599 0.679335
21.609 0.679332
21.619 0.679329
21.629 0.679326
21.639 0.679324
21.649 0.679321
21.659 0.679318
21.669 0.679315
21.679 0.679312
21.689 0.679309
21.699 0.679306
21.709 0.679303
21.719 0.6793
21.729 0.679298
21.739 0.679295
21.749 0.679292
21.759 0.679289
21.769 0.679286
21.779 0.679283
21.789 0.67928
21.799 0.679277
21.809 0.679274
21.8191 0.679272
21.8291 0.679269
21.8391 0.679266
21.8491 0.679263
21.8591 0.67926
21.8691 0.679257
21.8791 0.679254
21.8891 0.679251
21.8991 0.679249
21.9091 0.679246
21.9191 0.679243
21.9291 0.67924
21.9391 0.679237
21.9491 0.679234
21.9591 0.679231
21.9691 0.679228
21.9791 0.679225
21.9891 0.679223
21.9991 0.67922
22.0091 0.679217
22.0191 0.679214
22.0291 0.679211
22.0391 0.679208
22.0491 0.679205
22.0592 0.679202
22.0692 0.6792
22.0792 0.679197
22.0892 0.679194
22.0992 0.679191
22.1092 0.679188
22.1192 0.679185
22.1292 0.679182
22.1392 0.679179
22.1492 0.679177
22.1592 0.679174
22.1692 0.679171
22.1792 0.679168
22.1892 0.679165
22.1992 0.679162
22.2092 0.679159
22.2192 0.679156
22.2292 0.679154
22.2392 0.679151
22.2492 0.679148
22.2592 0.679145
22.2692 0.679142
22.2792 0.679139
22.2892 0.679136
22.2993 0.679133
22.3093 0.67913
22.3193 0.679128
22.3293 0.679125
22.3393 0.679122
22.3493 0.679119
22.3593 0.679116
22.3693 0.679113
22.3793 0.67911
22.3893 0.679107
22.3993 0.679104
22.4093 0.679102
22.4193 0.679099
22.4293 0.679096
22.4393 0.679093
22.4493 0.67909
22.4593 0.679087
22.4693 0.679084
22.4793 0.679081
22.4893 0.679078
22.4993 0.679076
22.5093 0.679073
22.5193 0.67907
22.5293 0.679067
22.5394 0.679064
22.5494 0.679061
22.5594 0.679058
22.5694 0.679055
22.5794 0.679052
22.5894 0.679049
22.5994 0.679047
22.6094 0.679044
22.6194 0.679041
22.6294 0.679038
22.6394 0.679035
22.6494 0.679032
22.6594 0.679029
22.6694 0.679026
22.6794 0.679023
22.6894 0.679021
22.6994 0.679018
22.7094 0.679015
22.7194 0.679012
22.7294 0.679009
22.7394 0.679006
22.7494 0.679003
22.7594 0.679
22.7694 0.678997
22.7795 0.678994
22.7895 0.678992
22.7995 0.678989
22.8095 0.678986
22.8195 0.678983
22.8295 0.67898
22.8395 0.678977
22.8495 0.678974
22.8595 0.678971
22.8695 0.678968
22.8795 0.678966
22.8895 0.678963
22.8995 0.67896
22.9095 0.678957
22.9195 0.678954
22.9295 0.678951
22.9395 0.678948
22.9495 0.678945
22.9595 0.678943
22.9695 0.67894
22.9795 0.678937
22.9895 0.678934
22.9995 0.678931
23.0095 0.678928
23.0196 0.678925
23.0296 0.678922
23.0396 0.678919
23.0496 0.678917
23.0596 0.678914
23.0696 0.678911
23.0796 0.678908
23.0896 0.678905
23.0996 0.678902
23.1096 0.678899
23.1196 0.678896
23.1296 0.678894
23.1396 0.678891
23.1496 0.678888
23.1596 0.678885
23.1696 0.678882
23.1796 0.678879
23.1896 0.678876
23.1996 0.678873
23.2096 0.678871
23.2196 0.678868
23.2296 0.678865
23.2396 0.678862
23.2496 0.678859
23.2597 0.678856
23.2697 0.678853
23.2797 0.67885
23.2897 0.678848
23.2997 0.678845
23.3097 0.678842
23.3197 0.678839
23.3297 0.678836
23.3397 0.678833
23.3497 0.67883
23.3597 0.678827
23.3697 0.678825
23.3797 0.678822
23.3897 0.678819
23.3997 0.678816
23.4097 0.678813
23.4197 0.67881
23.4297 0.678807
23.4397 0.678805
23.4497 0.678802
23.4597 0.678799
23.4697 0.678796
23.4797 0.678793
23.4897 0.67879
23.4998 0.678787
23.5098 0.678785
23.5198 0.678782
23.5298 0.678779
23.5398 0.678776
23.5498 0.678773
23.5598 0.67877
23.5698 0.678767
23.5798 0.678765
23.5898 0.678762
23.5998 0.678759
23.6098 0.678756
23.6198 0.678753
23.6298 0.67875
23.6398 0.678748
23.6498 0.678745
23.6598 0.678742
23.6698 0.678739
23.6798 0.678736
23.6898 0.678733
23.6998 0.67873
23.7098 0.678728
23.7198 0.678725
23.7298 0.678722
23.7399 0.678719
23.7499 0.678716
23.7599 0.678713
23.7699 0.678711
23.7799 0.678708
23.7899 0.678705
23.7999 0.678702
23.8099 0.678699
23.8199 0.678696
23.8299 0.678693
23.8399 0.678691
23.8499 0.678688
23.8599 0.678685
23.8699 0.678682
23.8799 0.678679
23.8899 0.678676
23.8999 0.678673
23.9099 0.678671
23.9199 0.678668
23.9299 0.678665
23.9399 0.678662
23.9499 0.678659
23.9599 0.678656
23.9699 0.678653
23.98 0.67865
23.99 0.678648
24 0.678645
24.01 0.678642
24.02 0.678639
24.03 0.678636
24.04 0.678633
24.05 0.67863
24.06 0.678627
24.07 0.678625
24.08 0.678622
24.09 0.678619
24.1 0.678616
